User,ID,Interactions
U10045,N52865 N22570 N37481 N55189 N16158 N63276 N15087 N10270 N54807 N56447 N53209 N32670 N62055 N62396 N45824 N21851 N62283 N37835 N23163 N54305 N51180 N34380 N61005 N44442 N56175 N53033 N1406 N4408 N57364 N14437 N32027 N63306 N23554 N64395 N26606 N10679 N5211 N27164 N9441 N52196 N35685 N36068 N64456 N17463 N52227 N4745 N22929 N3933 N4607 N5019 N49990 N14137 N21428,"[-0.021019432693719864, -0.020645752549171448, 0.0058754319325089455, -0.0018717304337769747, -0.01582796685397625, 0.0023855387698858976, 0.0009975889697670937, -0.006993131712079048, -0.03373785689473152, -0.005475061479955912, 0.02479625679552555, 0.036673903465270996, -0.007273390889167786, 0.013665967620909214, 0.005328258965164423, 0.03066835179924965, 0.019578099250793457, 0.010416296310722828, 0.0036200133617967367, -0.0565856471657753, -0.035552866756916046, -0.014506744220852852, -0.019858358427882195, -0.01598811335861683, -0.014333250932395458, -0.015507670119404793, 0.01419979427009821, -0.010583117604255676, 0.005565145052969456, -0.0004495822940953076, -0.0023721931502223015, -0.0074068475514650345, 0.0045408643782138824, -0.02727855183184147, -0.035472795367240906, -0.02582387439906597, 0.0016206649597734213, -0.008207587525248528, 0.03707427531480789, 0.0015364204300567508, 0.017576249316334724, -0.010102673433721066, -0.010289512574672699, -0.01013603713363409, -0.024502651765942574, 0.011784227564930916, -0.014613510109484196, -0.0305348951369524, -0.012151233851909637, 0.041424963623285294, 0.03632691502571106, 0.0016765499021857977, -0.021059468388557434, 0.0022070403210818768, 0.04281291365623474, -0.014106374233961105, 0.007693779189139605, 0.0010317872511222959, -0.004097120836377144, -0.005675246473401785, -0.008374408818781376, -0.0034031460527330637, 0.004721031058579683, 0.013665967620909214, -0.027785686776041985, -0.013519165106117725, 0.00592547794803977, -0.005968851502984762, -0.026771416887640953, 0.02276771515607834, 0.014440015889704227, 0.00794067420065403, -0.01585465669631958, -0.016628706827759743, 0.0062124100513756275, -0.027785686776041985, -0.01797661930322647, -0.009315278381109238, 0.0030611632391810417, 0.004967926070094109, 0.00672955485060811, -0.012097850441932678, -0.014386633411049843, 0.026597922667860985, 0.005068018566817045, 0.009442062117159367, 0.0010042617795988917, 0.04548204690217972, -0.045615505427122116, -0.008968290872871876, -0.006879693362861872, 0.011750863865017891, -0.011797573417425156, 0.020752519369125366, -0.012111196294426918, 0.028693193569779396, -0.021259654313325882, 0.010796647518873215, 0.013325653038918972, -0.04625609517097473, 0.01358589343726635, 0.02166002430021763, -0.010242803022265434, -0.01941795088350773, 0.02270098589360714, -0.0090683838352561, -0.005595172755420208, -0.0070198229514062405, 0.010296185500919819, 0.008347717113792896, -0.011203691363334656, 0.0035599577240645885, 0.012084505520761013, -0.00901500042527914, 0.004664312116801739, -0.013045393861830235, 0.018590519204735756, -0.02356845512986183, -0.022220542654395103, -0.026290971785783768, 0.004000364802777767, -0.0003346844168845564, -0.006152354180812836, 0.0031462418846786022, 0.013359016738831997, 0.015374213457107544, -0.03130894526839256, -0.015427595935761929, 0.01525410171598196, 0.013732695952057838, 0.008908235467970371, 0.02267429605126381, 0.006906384602189064, -0.03048151358962059, -0.025503577664494514, -0.01357922051101923, -0.03731449693441391, -0.016081534326076508, -0.008774778805673122, -0.008768105879426003, 0.004947907757014036, 0.007313427980989218, -0.008167550899088383, 0.001197773963212967, 0.012551603838801384, 0.024169011041522026, 0.012711752206087112, -0.0009759021922945976, 0.00592214148491621, -0.00561852753162384, 0.015480978414416313, 0.00854790210723877, 0.02486298605799675, 0.008034094236791134, 0.028906723484396935, 0.018670594319701195, -0.0033948051277548075, 0.01693565584719181, -0.002592396689578891, -0.009995907545089722, 0.004150503780692816, 0.012685060501098633, 0.016455212607979774, -0.0025607007555663586, -0.000516310625243932, 0.006078953389078379, -0.0030611632391810417, 0.011931030079722404, 0.01803000085055828, -0.010609808377921581, 0.006939748767763376, -0.00421723211184144, -0.05546461045742035, 0.034565288573503494, 0.010896740481257439, -0.0033330812584608793, 0.021926937624812126, -0.004731040447950363, -0.026904873549938202, -0.006682844832539558, -0.02019200101494789, 0.004067093133926392, 0.004987944383174181, 0.03515249863266945, 0.0009150125551968813, -0.02693156525492668, -0.008761432953178883, -0.014266522601246834, -0.011797573417425156, -0.0002950644411612302, -0.008381081745028496, 0.03726111352443695, -0.0066728354431688786, -0.007867272943258286, -0.6474251747131348, -0.014480053447186947, 0.02504982426762581, 0.0112437279894948, -0.00968228466808796, -7.199364335974678e-05, -0.008621303364634514, -0.007907310500741005, -0.036753978580236435, 0.020859284326434135, -0.0030111169908195734, 0.034298375248909, -0.001938458764925599, 0.0084077725186944, 0.01125040091574192, -0.01011601835489273, 0.02053898759186268, -0.025143245235085487, -0.003923627082258463, -0.0011135294334962964, 0.0030394766945391893, 0.02601071260869503, 0.011450585909187794, 0.0008541229763068259, 0.028719883412122726, -0.0022153814788907766, -0.006709536071866751, -0.015053916722536087, -0.014706929214298725, -0.020952703431248665, 0.00011792151781264693, 0.03630022704601288, 0.004957916680723429, -0.018683940172195435, 0.05898786708712578, -0.0009817408863455057, -0.0056585646234452724, 0.04163849353790283, 0.019457988440990448, 0.0224874559789896, -0.008601284585893154, -0.016735471785068512, 0.002625760855153203, -0.009855777956545353, -0.006696190685033798, 0.02488967590034008, -0.005478397943079472, 0.012878572568297386, 0.010996833443641663, -0.006075616925954819, 0.015547706745564938, 0.022207196801900864, -0.027572156861424446, -0.0035099114757031202, 0.005084700882434845, -0.00952213630080223, 0.020605716854333878, -0.026864835992455482, 0.031922847032547, 0.005671910010278225, -0.021913591772317886, 0.006966440472751856, 0.003980346489697695, 0.015467632561922073, 0.007273390889167786, 0.004504164215177298, -0.006999804638326168, 0.014480053447186947, 0.011103598400950432, 0.012871899642050266, -0.003142905654385686, 0.0178698543459177, -0.005274876486510038, 0.015040571801364422, 0.03173600509762764, -0.005601845681667328, 0.028025910258293152, 0.011944375932216644, -0.011744190938770771, -0.0028826650232076645, -0.012631678022444248, -0.004617602098733187, -0.01941795088350773, 0.0140796834602952, -0.0006168202380649745, -0.0035299300216138363, -0.026437774300575256, 0.032136376947164536, 0.018470408394932747, -0.013525838032364845, 0.027839070186018944, 0.021206270903348923, -0.00512807397171855, -0.025543615221977234, 0.011050215922296047, 0.016295064240694046, -0.0023805340752005577, 0.009942525066435337, 0.0008328533149324358, -0.03952987864613533, 0.011277091689407825, -0.006312502548098564, 0.017589595168828964, 0.013512492179870605, 0.0159614235162735, 0.01184428296983242, -0.01250489428639412, -0.006072280462831259, 0.007887291721999645, -0.01015605591237545, 0.006772927939891815, 0.0051414198242127895, -0.028853340074419975, -0.014840385876595974, -0.04566888511180878, -0.02922702021896839, 0.021166235208511353, 0.004477472510188818, 0.005721956491470337, -0.00952213630080223, 0.02395547926425934, 0.010803320445120335, -0.009095074608922005, -0.009482099674642086, -0.01700238510966301, 0.016148261725902557, -0.0008428625296801329, -0.019444642588496208, -0.0140796834602952, 0.016188299283385277, 0.0037668156437575817, -0.013986263424158096, 0.026864835992455482, -0.018950853496789932, -0.008694704622030258, 0.004784422926604748, 0.027892451733350754, -0.019911741837859154, -0.0032012928277254105, -0.0054817344062030315, -0.003997028339654207, 0.007760507985949516, 0.0009733999031595886, 0.008961617946624756, 0.0038669081404805183, -0.02148653008043766, 0.02152656763792038, 0.017442792654037476, -0.03259012848138809, -0.022927863523364067, 0.03373785689473152, -0.002769226673990488, 0.005231502931565046, 0.0008774778689257801, 0.01074993796646595, -0.002280441578477621, 0.006789610255509615, -0.029814228415489197, -0.031122105196118355, -0.02810598351061344, 0.003686741692945361, 0.0030895229429006577, -0.01597476750612259, 0.007446884643286467, 0.029013488441705704, -0.005418342538177967, -0.010583117604255676, -0.004267278127372265, -0.01013603713363409, -0.013879497535526752, 0.017189225181937218, -0.00563520984724164, -0.007913983426988125, 0.017255952581763268, -0.02582387439906597, 0.016148261725902557, 0.009909160435199738, -0.0018700622022151947, -0.01406633760780096, -0.0007152445614337921, -0.01907096430659294, 0.009568845853209496, -0.017723051831126213, -0.00624243775382638, 0.008127513341605663, -0.008260970003902912, -0.0013654290232807398, 0.026424428448081017, -0.017629630863666534, -0.014266522601246834, -0.017456138506531715, 0.022127123549580574, -0.003289707936346531, -0.00782056339085102, -0.01581462100148201, 0.01419979427009821, 0.018296916037797928, 0.00955550093203783, 0.014466707594692707, 0.012338072992861271, 0.008854852989315987, 0.004857824184000492, 0.02587725594639778, 0.01465354673564434, 0.01249154843389988, -0.028559736907482147, -0.003076177090406418, -0.024676145985722542, 0.0501263402402401, 0.0035666306503117085, 0.019778285175561905, -0.02366187423467636, -0.0030895229429006577, -0.00044332651305012405, 0.023982170969247818, 0.01123038213700056, -0.012017777189612389, 0.015093954280018806, 0.006088962312787771, 0.0003609586856327951, -0.010523061268031597, 0.00654271524399519, 0.01309877634048462, 0.014920460060238838, -0.005571817513555288, 0.010890067555010319, -0.00311454595066607, 0.003079513553529978, 0.010970141738653183, -0.011797573417425156, 0.028025910258293152, 0.01307208463549614, -0.0005513430223800242, 0.009008328430354595, -0.019444642588496208, -0.06176376715302467, -0.009095074608922005, -0.009135112166404724, 0.03488558530807495, -0.0226876400411129, -0.005301567725837231, 0.017803125083446503, 0.020071890205144882, -0.026904873549938202, 0.013165504671633244, 0.014933805912733078, 0.0035532850306481123, 0.008227606303989887, -0.01529413927346468, 0.0018483754247426987, -0.006302493158727884, 0.028586426749825478, -0.013105449266731739, -0.013379035517573357, -0.0008528718026354909, -0.016481904312968254, -0.022927863523364067, 0.001563111785799265, 0.012591640464961529, 0.02136641927063465, 0.018376989290118217, 0.02602405846118927, -0.007546977140009403, -0.004857824184000492, 0.01690896600484848, -0.001236976939253509, 0.0033330812584608793, -0.012818517163395882, -0.008100822567939758, -0.001571452827192843, -0.00022166325652506202, -0.027865761891007423, 0.02255418337881565, -0.0056218639947474, 0.012084505520761013, 0.005108055658638477, -0.024502651765942574, -0.001074326573871076, 0.014960497617721558, 6.0368307458702475e-05, -0.02823944017291069, -0.03379124030470848, 0.03822200372815132, 0.007994056679308414, -0.022794406861066818, -0.008781451731920242, 0.022233888506889343, 0.012291363440454006, -0.002967743668705225, 0.01297866553068161, 0.004340679384768009, 0.01127041969448328, 0.013706004247069359, -0.00020602380391210318, 0.0362735353410244, -0.013338997960090637, 0.02251414768397808, 0.0063859038054943085, 0.0009700634982436895, -0.002265427727252245, 0.01815011352300644, -0.0062124100513756275, -0.010329549200832844, -0.025116553530097008, 0.010442988015711308, -0.005795357748866081, 0.0016890615224838257, -0.03312395513057709, 0.00893492717295885, -0.03987686708569527, 0.007560322526842356, -1.61868392751785e-05, -0.03387131169438362, -0.01013603713363409, -0.008387754671275616, 0.0005596840637736022, 0.008227606303989887, 0.0010818334994837642, -0.019698210060596466, 0.025663726031780243, -0.0002591979573480785, 0.010436315089464188, -0.04425424709916115, 0.004650966264307499, 0.14840386807918549, 0.03285704180598259, -0.0010960132349282503, 0.01572120003402233, -0.014226485043764114, 0.008881543762981892, -0.008694704622030258, -0.042332470417022705, 0.02392878755927086, -0.0019050945993512869, 0.01927114836871624, 0.006139008793979883, 0.012071159668266773, 0.008154205046594143, 0.01295197382569313, 0.0025540278293192387, 0.0190576184540987, -0.0023571790661662817, 0.02383536845445633, -0.005091373343020678, -0.018590519204735756, -0.01419979427009821, -0.01904427260160446, 0.01685558259487152, -0.009128439240157604, -0.019604790955781937, 0.015093954280018806, 0.01690896600484848, 0.0130587387830019, -0.012017777189612389, -0.013225560076534748, 0.004490818362683058, 0.0077938721515238285, 0.03197622671723366, 0.00764706963673234, 0.006579415872693062, -0.0001953889732249081, 0.012705079279839993, 0.028613118454813957, -0.010916759259998798, 0.01705576851963997, -0.007139934226870537, -0.0006109814858064055, -0.020565679296851158, 0.020045198500156403, -0.009728994220495224, 0.008634649217128754, 0.025196626782417297, 0.007733816280961037, -0.026304317638278008, 0.03421830013394356, -0.0030294673051685095, -0.006219082977622747, 0.008147532120347023, 0.01803000085055828, -0.0031062050256878138, -0.008621303364634514, -0.011210363358259201, -0.003499902319163084, 0.034351758658885956, -0.009448735043406487, -0.022247234359383583, 0.0005780343781225383, -0.0030561587773263454, -0.0029377159662544727, -0.017616285011172295, -0.042492616921663284, -0.001960145542398095, 0.00351658440195024, 0.0016298401169478893, 0.020565679296851158, -0.0305348951369524, -0.011904338374733925, -0.0050980462692677975, 0.02252749353647232, -0.01570785418152809, -0.0030494858510792255, -0.029120255261659622, 0.0034064825158566236, -0.004781086463481188, 0.008881543762981892, -0.0062157465144991875, 0.0011727508390322328, -0.017442792654037476, -0.006736227311193943, 0.007446884643286467, 0.024996442720294, 0.0018150112591683865, -0.0102561479434371, 0.018523791804909706, -0.010089327581226826, 0.014293213374912739, 0.016668742522597313, -0.008514538407325745, 0.024088935926556587, 0.00210527959279716, 0.002071915427222848, -0.006489332765340805, 0.01465354673564434, 0.009562172926962376, 0.003860235447064042, -0.04315990209579468, 0.0130921034142375, 0.011156980879604816, 0.016161607578396797, 0.011217036284506321, 0.006706199608743191, -0.018323605880141258, 0.01235809177160263, -0.0428662970662117, -0.008708050474524498, -0.0011518982937559485, -0.005051336716860533, -0.0073601375333964825, 0.011197018437087536, 0.015374213457107544, 0.011483949609100819, 0.025370121002197266, 0.00683965627104044, 0.0007227514870464802, 0.0005638545844703913, -0.03830207511782646, 0.023475036025047302, 0.004867833573371172, -0.010469678789377213, -0.006919730454683304, 0.008361062966287136, -0.05319584533572197, -0.006425940431654453, -0.018483754247426987, 0.012711752206087112, -0.012017777189612389, 0.021686716005206108, -0.019951777532696724, -0.023421652615070343, -0.009795722551643848, 0.004997953772544861, -0.004237250424921513, -0.023221468552947044, 0.015601089224219322, -0.024462616071105003, -0.030054451897740364, 0.014733620919287205, 0.019898395985364914, 0.015120645053684711, -0.0261174775660038, -0.017909890040755272, 0.004150503780692816, 0.00241223000921309, 0.025290045887231827, -0.02378198504447937, -0.014987188391387463, -0.020792555063962936, 0.008968290872871876, 0.002620756160467863, -0.023488381877541542, -0.0011885988060384989, 0.005581826902925968, 0.02730524353682995, -0.0015113973058760166, 0.05426349863409996, -0.008020748384296894, 0.005982196889817715, -0.01197773963212967, 0.030828500166535378, -0.012398128397762775, -0.02930709347128868, -0.03427168354392052, -0.03058827854692936, 0.005685255862772465, 0.0007803047192282975, 0.00653270585462451, 0.020045198500156403, -0.0006201566429808736, -0.007260045036673546, 0.03736788034439087, -0.019471334293484688, 0.0008145030005834997, -0.017389409244060516, -0.014867077581584454, -0.011937703005969524, -0.017336027696728706, -0.016802199184894562, 0.0016932319849729538, -0.025610342621803284, 0.005074691493064165, -0.00907505676150322, 0.01601480506360531, -0.006859675049781799, 0.004163849167525768, 0.02027207426726818, -0.018577173352241516, 0.0152674475684762, -0.0006005552131682634, 0.00019476338638924062, -0.008487846702337265, -0.0292804017663002, -0.014600164256989956, -0.00015858410915825516, 0.013439090922474861, -0.0020602380391210318, 0.010509716346859932, -0.02278106100857258, -0.002782572526484728, -0.025169935077428818, 0.016268372535705566, -0.03296380862593651, -0.0205122958868742, 0.01480034925043583, -0.012745115906000137, -0.007600359618663788, -0.02266095019876957, -0.03744795173406601, -0.03531264513731003, -0.00782056339085102, 0.005451706703752279, 0.002076920121908188, 0.0021903582382947206, 0.0039069452323019505, -0.039049435406923294, -0.03130894526839256, -0.029787538573145866, 0.021206270903348923, 0.019564753398299217, 0.04828463867306709, 0.01578792929649353, -0.03774155676364899, -0.027919143438339233, 0.02047226019203663, 0.020845938473939896, 0.007847254164516926, 0.005398323759436607, 0.021686716005206108, -0.015414250083267689, -0.0008411943563260138, -0.007126588374376297, -0.01468023844063282, -0.015320830047130585, -0.013485800474882126, 0.009161802940070629, -0.003309726482257247, 0.003343090647831559, -0.0033697818871587515, -0.0001246986212208867, -0.010022599250078201, 0.025089861825108528, 0.0015264111571013927, 0.0027225168887525797, -0.018510445952415466, 0.004891188349574804, -0.011991085484623909, 0.0019618135411292315, 0.025236664339900017, 0.03365778177976608, 0.019498025998473167, -0.014840385876595974, 0.00624577421694994, -0.0013662631390616298, 0.0020268738735467196, 0.016401829198002815, -0.004087111912667751, 0.02256752923130989, -0.02359514683485031, 0.009295259602367878, -0.004590910859405994, 0.01017607469111681, 0.002080256585031748, -0.007426865864545107, -0.011203691363334656, 0.019257802516222, 0.006649480666965246, 0.018457062542438507, -0.00482779648154974, -0.01306541170924902, 0.012031122110784054, 0.007540304213762283, 0.002775899600237608, -0.017469484359025955, 0.0007803047192282975, 0.00421389564871788, 0.01908431015908718, 0.011403876356780529, -0.00038765004137530923, -0.0037434608675539494, -0.005888777319341898, -0.01353918295353651, -0.011503968387842178, -0.022353999316692352, 0.01584131084382534, -0.012725097127258778, -0.018537137657403946, -0.049459058791399, 0.007733816280961037, -0.009995907545089722, -0.0035499485675245523, -0.0011760873021557927, 0.018563829362392426, 0.009829087182879448, -0.010529734194278717, -0.005715283565223217, -0.021713407710194588, 0.019030926749110222, -0.0292804017663002, -0.008187569677829742, -0.0027125077322125435, -0.003796843346208334, 0.027732305228710175, 0.002797586377710104, 0.000708571751601994, -0.012177924625575542, 0.004337342921644449, 0.016134915873408318, -0.011277091689407825, 0.002932711271569133, -0.003806852735579014, 0.004107130225747824, 0.023288195952773094, -0.01183093711733818, -0.003973673563450575, 0.009455407969653606, -0.01597476750612259, -0.016161607578396797, 0.006065607536584139, 0.005892113782465458, -0.009595537558197975, 0.02952062524855137, 0.01688227429986, -0.002295455429702997, -0.04033061861991882, -0.022313961759209633, -0.004190540872514248, -0.009161802940070629, -0.010903413407504559, -0.038035161793231964, -0.0028926741797477007, -0.013265596702694893, -0.010716574266552925, 0.023354925215244293, -0.010910086333751678, -0.017269298434257507, 0.030908573418855667, 0.023088011890649796, 0.00011865135456901044, 0.012244652956724167, 0.010189419612288475, -0.00653270585462451, -0.025663726031780243, -0.01920442096889019, -0.011290437541902065, -0.001731600845232606, -0.009442062117159367, 0.0224874559789896, 0.011190345510840416, -0.02144649438560009, -0.0074068475514650345, -0.0022170497104525566, -0.011737518012523651, 0.00241723470389843, -0.0011727508390322328, 0.017723051831126213, 0.043773800134658813, -0.015227410942316055, 0.008260970003902912, 0.011156980879604816, 0.01831026002764702, 0.030988648533821106, 0.0012569953687489033, -0.024449270218610764, 0.024088935926556587, -0.0072333537973463535, 0.01816345751285553, -0.008768105879426003, -0.021833518519997597, -0.006032243371009827, -0.005965515039861202, -0.01295197382569313, 0.0030878547113388777, -0.009862450882792473, 0.002640774706378579, -0.04222570359706879, 0.00952880922704935, -0.001978495856747031, 0.019257802516222, 0.009735667146742344, 0.018283570185303688, -0.023488381877541542, 0.0016148261493071914, -0.012278017587959766, 0.006926403380930424, -0.022193850949406624, 0.006913057528436184, -0.0012444838648661971, -0.010216111317276955, -0.009221858344972134, 0.003304721787571907, -0.006312502548098564, -0.017522865906357765, -0.0029210338834673166, 0.014706929214298725, 0.001040962291881442, 0.007720470894128084, 0.03696750849485397, 0.017656322568655014, -0.012311381287872791, 0.01064317300915718, 0.00452418252825737, -0.0203121118247509, -0.0038969360757619143, -0.0009166807867586613, -0.016241682693362236, 0.0021619987674057484, 0.004594247322529554, 0.02725186012685299, -0.007273390889167786, -0.026477811858057976, -0.02021869085729122, 0.011423894204199314, -0.03760810196399689, 0.033364176750183105, 0.01356587465852499, -0.009769030846655369, -0.006182382348924875, -0.006175709422677755, -0.025116553530097008, 0.0012319722445681691, -0.03173600509762764, 0.018737321719527245, -0.022327307611703873, -0.01012269128113985, 0.013212214224040508, -0.0037034237757325172, -0.04083775356411934, -0.007213335018604994, 0.007059860043227673, -0.009708975441753864, 0.01573454588651657, 0.22591552138328552, -0.033444251865148544, 0.0006084791966713965, 0.018937507644295692, -0.020045198500156403, 0.01126374676823616, 0.026904873549938202, -0.0029160291887819767, -0.0202453825622797, -0.005461716093122959, 0.0003999530745204538, -0.011423894204199314, 0.0026674659457057714, 0.007887291721999645, -0.006055598147213459, -0.01792323589324951, -0.02831951342523098, -0.02503647841513157, -0.011403876356780529, -0.023448344320058823, 0.012831863015890121, -0.003328076796606183, 0.016308410093188286, -0.013412399217486382, 0.03597993031144142, 0.01819014921784401, 0.00952213630080223, -0.016521940007805824, 0.018563829362392426, 0.01805669255554676, -0.011757535859942436, -0.0215666051954031, -0.0024005526211112738, 0.014987188391387463, 0.005274876486510038, 0.006452632136642933, -0.0025707099121063948, 0.004964589606970549, 0.0140796834602952, 0.025516923516988754, -0.0022153814788907766, -0.012324727140367031, -0.027999218553304672, -0.000519647088367492, 0.003660050220787525, -0.009508790448307991, 0.0015314157353714108, -0.012017777189612389, 0.0025406822096556425, -0.009215186350047588, -0.016268372535705566, -0.02035214938223362, 0.05290224030613899, 0.011463931761682034, -0.005404996685683727, 0.0030161216855049133, 0.03144240006804466, 0.01685558259487152, -0.01940460503101349, -0.0005309074767865241, -0.0017716378206387162, 0.018550483509898186, -0.023088011890649796, 0.05095377191901207, -0.008160877972841263, 0.02166002430021763, 0.004487481899559498, -0.034538596868515015, 0.013238905929028988, -0.01566781848669052, 0.006879693362861872, 0.003630022518336773, -0.010496370494365692, -0.008981636725366116, -0.018577173352241516, -0.03736788034439087, 0.014026300050318241, -0.007166625466197729, -0.000350740912836045, 0.019511371850967407, -0.010302858427166939, -0.010543080046772957, -0.016228336840867996, -0.019551407545804977, -0.030801808461546898, -0.04310651868581772, 0.017816470935940742, -0.004684330429881811, 0.0026307653170078993, -0.01306541170924902, -0.004437435418367386, -0.00043123200885020196, -0.0065560610964894295, -0.004097120836377144, 0.0014505076687783003, 0.024289121851325035, 0.011677462607622147, 0.03157585859298706, -0.00044165831059217453, 0.00341982813552022, -0.013379035517573357, -0.011403876356780529, 0.035472795367240906, -0.0146402008831501, -0.025503577664494514, -0.004570892546325922, 0.02818605676293373, 0.026290971785783768, 0.03584647178649902, -0.033310793340206146, -0.013906189240515232, -0.014626855961978436, 0.0031662604305893183, -0.009702302515506744, 0.024155665189027786, 0.014106374233961105, 0.013252251781523228, -0.009428716264665127, -0.016108224168419838, -0.0006476821145042777, 0.008587939664721489, -0.030321365222334862, 0.011010178364813328, 0.007126588374376297, -0.011036870069801807, 0.0031829425133764744, -0.05001957714557648, 0.02613082341849804, -0.01928449422121048, -0.012564949691295624, -0.02498309686779976, -0.005751984193921089, -0.017789779230952263, -0.023341579362750053, 0.004684330429881811, 0.024209046736359596, 0.014426670037209988, -0.014533435925841331, -0.0014021295355632901, 0.006472650449723005, -0.000520064146257937, 0.0024038890842348337, -0.01597476750612259, -0.006639471277594566, 0.015414250083267689, -0.029974376782774925, 0.020819246768951416, -0.026504503563046455, 0.004644293338060379, -0.020685790106654167, -0.019991815090179443, 0.018523791804909706, -0.006399249192327261, -0.006579415872693062, -0.004904534202069044, -0.01916438341140747, -0.01693565584719181, -0.044574540108442307, -0.0031879472080618143, 0.00654605170711875, -0.026424428448081017, 0.017389409244060516, 0.037875015288591385, -0.011143635027110577, -0.010683209635317326, -0.014466707594692707, -0.16965016722679138, 0.028719883412122726, 0.009235204197466373, -0.005535116884857416, 0.036753978580236435, -0.014880423434078693, 0.037928398698568344, 0.019671518355607986, -0.03424499183893204, 0.018550483509898186, 0.006879693362861872, 0.00420722272247076, 0.0011527322931215167, 0.004731040447950363, -0.017549557611346245, 0.01593473181128502, -0.02587725594639778, 0.024209046736359596, 0.0015138995368033648, 0.005254858173429966, 0.01800331100821495, -0.011744190938770771, 0.00845448300242424, 0.0007381824543699622, 0.005518435034900904, 0.021046122536063194, 0.015374213457107544, 0.0014555122470483184, 0.021900245919823647, -0.01248487550765276, -0.022233888506889343, -0.012691733427345753, 0.011470604687929153, 0.008214260451495647, 0.003142905654385686, -0.0036800687666982412, 0.008174223825335503, -0.005221494007855654, -0.002427243860438466, 0.016481904312968254, 0.010990160517394543, 0.003099532099440694, -0.002600737614557147, 0.003341422416269779, -0.003298048861324787, 0.030214600265026093, -0.032216448336839676, 0.005378305446356535, -0.01585465669631958, 0.0026858162600547075, 0.006559397559612989, -0.01937791518867016, 0.030027760192751884, 0.013118795119225979, 0.004647629801183939, 0.007853927090764046, -0.025103207677602768, 0.00543168792501092, -0.00381686189211905, 0.01357254758477211, -0.02507651597261429, 0.012758461758494377, 0.006352539639919996, -0.0016031487612053752, -0.0012786821462213993, -0.01794992759823799, -0.007453557103872299, -0.025463540107011795, -0.007079878356307745, 0.01602815091609955, 0.02239403687417507, -0.0007156616193242371, 0.021700061857700348, -0.005952169187366962, 0.00842111837118864, 0.0018400343833491206, -0.02613082341849804, 0.006262456066906452, 0.016201645135879517, -0.0042472598142921925, -0.03291042521595955, 0.00734011922031641, 0.0063325208611786366, -0.015334175899624825, -0.008474500849843025, 0.011090252548456192, 0.010015926323831081, 0.009448735043406487, -0.002443925943225622, -0.011737518012523651, 0.015080608427524567, -0.029013488441705704, -0.023101355880498886, -0.014266522601246834, -0.001205280888825655, 0.024142319336533546, 0.014813695102930069, 0.02271433174610138, 0.025196626782417297, -0.029814228415489197, -0.003967000637203455, 0.007753835059702396, -0.006159027107059956, 0.03643368184566498, -0.0006460138829424977, -0.006866347976028919, 0.005281549412757158, 0.009989234618842602, 0.016735471785068512, 0.017215915024280548, -0.023061320185661316, 0.014920460060238838, 0.02813267521560192, 0.01598811335861683, 0.007493594195693731, 0.016214990988373756, -0.011417221277952194, -0.01597476750612259, 0.007707125041633844, 0.0065560610964894295, 0.04545535519719124, -0.0038835902232676744, 0.0009759021922945976, -0.0025006451178342104, -0.0025256683584302664, 0.006899712141603231, -0.1044699102640152, -0.03184277191758156, -0.008854852989315987, -0.0007665419834665954, 0.003610003972426057, 0.02946724183857441, 0.011070233769714832, 0.01602815091609955, -0.02151322178542614, 0.020619062706828117, 0.014586818404495716, -0.019564753398299217, 0.0005571817746385932, 0.017642976716160774, 0.03355101868510246, -0.025583650916814804, 0.009268568828701973, 0.0015205723466351628, -0.04369372874498367, -0.0024055573157966137, -0.006822974421083927, -0.008881543762981892, 0.00240722531452775, -0.0090350192040205, -0.019951777532696724, -0.02272767759859562, -0.008587939664721489, 0.02715844102203846, -0.011804246343672276, 0.006012225057929754, -0.0023538428358733654, 0.004934561904519796, 0.016121570020914078, -0.010830012150108814, 0.012244652956724167, -0.007900637574493885, 0.0009200171916745603, 0.012498221360147, 0.02831951342523098, -0.0313890166580677, -0.0008624640177004039, -0.0009567178203724325, 0.0027058348059654236, -0.031042031943798065, 0.011056888848543167, 0.006572742946445942, -0.03728780522942543, 0.03259012848138809, 0.004891188349574804, -0.004173858556896448, -0.003673396073281765, 0.0002783823583740741, -0.02925371192395687, 0.00044499471550807357, 0.0203121118247509, 0.005394987761974335, 0.02388875186443329, 0.010209438391029835, 0.013359016738831997, -0.0005075525841675699, -0.0051881298422813416, 0.007153279613703489, -0.016495250165462494, -0.0035232570953667164, 0.003856898983940482, 0.028826650232076645, 0.009615556336939335, 0.0016331764636561275, 0.004877842962741852, -0.015334175899624825, -0.024022208526730537, -0.005888777319341898, -0.010950122959911823, 0.04601587355136871, -0.004404071252793074, 0.010409623384475708, 0.0011660780292004347, -0.03475212678313255, 0.0044607906602323055, 0.006666162516921759, -0.01582796685397625, -0.007520285900682211, 0.022193850949406624, -0.010856703855097294, 0.03285704180598259, -0.01528079342097044, -0.0028109319973737, 0.010456332936882973, 0.005641882307827473, -0.01594807766377926, 0.008487846702337265, 0.014146411791443825, 0.01709580421447754, -0.009995907545089722, -0.0020602380391210318, 0.000346153334248811, -0.026517849415540695, -0.016588669270277023, 0.027572156861424446, 0.010876721702516079, -0.011303783394396305, -0.010216111317276955, -0.07660415023565292, 0.029013488441705704, 0.009281914681196213, -0.004881179425865412, 0.006455968599766493, -0.013612584210932255, -0.01469358429312706, 0.0008299339096993208, -0.022220542654395103, -0.008988309651613235, 0.0009400357375852764, 0.029787538573145866, -0.014880423434078693, 0.007727143354713917, -0.014253176748752594, -0.0006422604201361537, 0.018483754247426987, -0.024622762575745583, 0.002248745644465089, 0.018537137657403946, 0.018577173352241516, 8.638194412924349e-05, 0.014239830896258354, 0.002779236063361168, 0.017549557611346245, -0.010049290023744106, 0.002397216157987714, 0.02282109670341015, 0.00211195251904428, -0.022233888506889343, 0.020912665873765945, -0.019764939323067665, 0.0028693194035440683, 0.014333250932395458, -0.01015605591237545, 0.002445594174787402, -0.011951048858463764, -0.002734194276854396, 0.00020779627084266394, 0.029920995235443115, -0.02593063935637474, -0.01419979427009821, 0.029814228415489197, -0.0030411446932703257, -0.013125467114150524, 0.006005552131682634, -0.003172933356836438, -0.0012995346914976835, 0.023421652615070343, 0.002941052196547389, -0.00140546599868685, 0.021713407710194588, -0.005832058377563953, 0.00028547225520014763, -0.004547537304461002, 0.014867077581584454, 0.01026949379593134, -0.01307875756174326, -0.0035499485675245523, -0.04532190039753914, 0.03979679197072983, 0.003977010026574135, 0.023408306762576103, 0.006175709422677755, 0.010689882561564445, -0.008401099592447281, -0.0035699671134352684, 0.0053582871332764626, 0.0016206649597734213, -0.006142345257103443, -0.018417026847600937, 0.008521211333572865, -0.004737713374197483, 0.04203886538743973, -0.008154205046594143, 0.02607744187116623, -0.007199989631772041, -0.0020452241878956556, -0.03293711692094803, 0.0015722868265584111, 0.01086337585002184, 0.005451706703752279, -0.03042813017964363, 0.011750863865017891, 0.014306559227406979, 0.0018400343833491206, -0.008814815431833267, 0.011217036284506321, 0.019257802516222, 0.00893492717295885, 0.010469678789377213, -0.011490622535347939, -0.007193316705524921, 0.013826115056872368, 0.0146402008831501, 0.018563829362392426, -0.016201645135879517, -0.008254298008978367, -0.0022103767842054367, 0.0016848909435793757, -0.013866152614355087, -0.005191465839743614, -0.006149018183350563, -0.016361793503165245, -0.03352432698011398, -0.003860235447064042, -0.0029193656519055367, -0.03299050033092499, -0.0030911911744624376, -0.0025056498125195503, 0.018417026847600937, 0.019871704280376434, -0.003853562520816922, 0.017616285011172295, -0.016668742522597313, -0.0224874559789896, -0.0008524547447450459, -0.006435949821025133, -0.017642976716160774, 0.0073601375333964825, 0.03509911522269249, 0.01123038213700056, 0.03936972841620445, -0.01704242266714573, 0.004891188349574804, 0.01078997552394867, 0.0020101917907595634, -0.0045875743962824345, -0.007780526299029589, -0.024329157546162605, -0.008854852989315987, -0.01696234755218029, -0.016521940007805824, 0.003152914810925722, 0.004173858556896448, 0.006879693362861872, -0.004774414002895355, 0.030801808461546898, -0.0007556986529380083, 0.04865831509232521, 0.0009241877123713493, -0.014586818404495716, 0.030294673517346382, -0.00963557418435812, 0.0006489332299679518, 0.027545465156435966, -0.013359016738831997, 0.013439090922474861, 0.004934561904519796, -0.00420722272247076, -0.008708050474524498, 0.021900245919823647, -0.03365778177976608, -0.010069308802485466, 0.0032429981511086226, 0.01580127514898777, 0.016188299283385277, -0.0002420988166704774, -0.01689562015235424, -0.0003957825538236648, 0.004871170036494732, 0.012698406353592873, 0.011557350866496563, -0.0009825750021263957, -0.020085234194993973, -0.008074130862951279, -0.0001805836072890088, -0.008928254246711731, -0.020765863358974457, 0.00170991406776011, -0.0002439755480736494, 0.0005434190388768911, -0.00901500042527914, 0.031148796901106834, -0.02376864105463028, -0.018937507644295692, 0.0045408643782138824, 0.0019718229304999113, 0.007453557103872299, -0.01249154843389988, -0.007520285900682211, -0.024489305913448334, -0.02161998674273491, 0.01188432052731514, -0.008314353413879871, -0.0033380859531462193, -0.029787538573145866, -0.021713407710194588]"
U11306,N18064 N38868 N60340 N31801 N39778 N54842 N11005 N29867 N33502 N40509,"[-0.022429920732975006, -0.028805548325181007, 0.02130330353975296, -0.0034214588813483715, -0.034925125539302826, 0.008500837720930576, -0.006798109505325556, 0.0062091960571706295, -0.021802598610520363, -0.010030731558799744, 0.03297915309667587, 0.01454360131174326, -0.010369997471570969, -0.011752663180232048, 0.00016883251373656094, -0.006455643568187952, 0.02634747512638569, -0.03364488109946251, -0.005879532545804977, -0.023748574778437614, -0.0024900794960558414, 0.009057744406163692, -0.021661771461367607, 0.0077198869548738, -0.01180387381464243, 0.00471130758523941, 0.010498021729290485, -0.02360774762928486, 0.013519403524696827, 0.0038183354772627354, -0.011663046665489674, -0.002994176698848605, -0.02194342575967312, 0.0019107679836452007, -0.025438498705625534, -0.03730638697743416, -0.002970172092318535, -0.0112341633066535, 0.0015242935623973608, 0.009704269468784332, 0.013890675269067287, -0.014402774162590504, -0.008052751421928406, -0.01785944029688835, -0.022148266434669495, 0.0035910916049033403, -0.002738127252086997, -0.010363596491515636, -0.01733453944325447, -0.003331841668114066, 0.02770453505218029, 0.015260539017617702, -0.018537970259785652, -0.00010482018842594698, -0.003331841668114066, -0.015030094422399998, -0.015132514759898186, 0.0076174670830369, -0.0021588157396763563, -0.008628861978650093, 0.012968897819519043, 0.010305984877049923, -0.017385749146342278, -0.0019395735580474138, -0.003272630274295807, -0.00420240918174386, 0.004564078990370035, 0.010472416877746582, -0.018691599369049072, -0.015196526423096657, 0.01825631596148014, 0.026757152751088142, -0.0030757924541831017, -0.024619141593575478, 0.014389971271157265, -0.00566509086638689, -0.017500970512628555, 0.005255412310361862, -0.008744084276258945, -0.003434261539950967, 0.015196526423096657, -0.031109992414712906, -0.004743313416838646, 0.027960585430264473, 0.009384207427501678, 0.011938299052417278, -0.007047757506370544, 0.017257723957300186, 0.005143390502780676, -0.008968126960098743, 0.0097426762804389, 0.019344525411725044, 0.00929458998143673, 0.045269519090652466, -0.021264895796775818, 0.007835108786821365, -0.01296249683946371, 0.054128825664520264, 0.028344659134745598, 0.00033126381458714604, -0.002707721432670951, 0.007470238953828812, -0.008398417383432388, -0.01720651425421238, -0.006894127931445837, -0.008904115296900272, -0.005108183715492487, -0.015721427276730537, 0.021162476390600204, -0.028267843648791313, 0.006292412057518959, 0.016451168805360794, 0.01687365025281906, -0.005629884544759989, -0.0133145647123456, 0.004845733288675547, -0.012565620243549347, -0.01491487305611372, 0.016156712546944618, -0.015106909908354282, -0.009505830705165863, -0.02564333938062191, 0.0026965192519128323, -0.0049161468632519245, 0.01976700685918331, 0.018640389665961266, -0.03262068331241608, -0.019382933154702187, 0.0050793783739209175, -0.0006933335098437965, 0.05510181188583374, 0.0304698683321476, 0.014133921824395657, 0.02016388438642025, -0.006785307079553604, 0.014594811014831066, -0.012636033818125725, 0.02711562253534794, 0.007066960912197828, -0.035539645701646805, 0.02176419086754322, 0.017718613147735596, -0.004509668331593275, -0.019779808819293976, 0.005789915099740028, -0.0038407398387789726, 0.022647561505436897, 0.02025349996984005, 0.002293241675943136, 0.0018595581641420722, 0.002664513187482953, 0.029573695734143257, 0.0019123683450743556, -0.017808230593800545, 0.008763288147747517, 0.003536681178957224, -0.009025738574564457, 0.021277697756886482, 0.018883636221289635, -0.0024196659214794636, -0.01376265101134777, 0.01705288514494896, -0.00843682512640953, -0.007700683083385229, -0.005399439949542284, 0.028984783217310905, -0.022801190614700317, -0.005690696183592081, 0.009640256874263287, -0.01834593340754509, 0.004055181052535772, 0.04160801321268082, -0.002736527007073164, 0.017782624810934067, -0.00037427208735607564, 0.001629113801755011, -0.03536041080951691, 0.006196393631398678, -0.037203963845968246, -0.008238386362791061, -0.036589447408914566, 0.021648969501256943, 0.01573423109948635, 0.030111398547887802, -0.008014343678951263, -0.007630269508808851, 0.0017587387701496482, -0.01637435331940651, 0.01742415502667427, 0.00798873882740736, 0.012341576628386974, 0.003266229061409831, -0.015388564206659794, -0.02726925164461136, -0.6489313840866089, 0.0075278496369719505, -0.027192438021302223, 0.013903478160500526, 0.012456798925995827, 0.00041327960207127035, 0.005716301035135984, 0.03495073318481445, -0.010152355767786503, 0.00849443580955267, 0.013404181227087975, 0.021418524906039238, -0.006785307079553604, -0.014876465313136578, -0.011855083517730236, -0.01782103255391121, 0.005677893757820129, 0.00734861521050334, -0.004183205775916576, 0.008033547550439835, -0.01339137926697731, 0.012315971776843071, 0.011042126454412937, -0.010766874067485332, 0.001798746408894658, -0.0008425622945651412, 0.028370264917612076, -0.0020836011972278357, -0.005786714609712362, -0.0005629084189422429, -0.016118304803967476, 0.00834080670028925, 0.010248374193906784, -0.0004476862377487123, 0.052899789065122604, 0.006330819334834814, -0.019997451454401016, 0.017923451960086823, 0.0014706832589581609, 0.011522219516336918, 0.01785944029688835, -0.012642434798181057, 0.007438232656568289, -0.0036262983921915293, -0.025681747123599052, -0.0126808425411582, 0.0015322951367124915, 0.009749077260494232, -0.0037767274770885706, 0.005709899589419365, -0.005204202141612768, 0.005623483099043369, -0.007828707806766033, 0.027576511725783348, 0.00029945766436867416, -0.001632314408197999, 0.023774178698658943, -0.03136604279279709, -0.018486760556697845, -0.01163744181394577, 0.0013586616842076182, -0.005825121887028217, -0.0011226162314414978, -0.012226354330778122, 0.02253234013915062, 0.04386124759912491, -0.04217132180929184, -0.004861736204475164, 0.028114214539527893, 0.009166565723717213, -0.01606709510087967, 0.017552180215716362, -0.004976958502084017, -0.013148132711648941, 0.00791192427277565, -0.007316609378904104, 0.013148132711648941, 0.006375628057867289, -0.016207922250032425, -0.01597747765481472, -0.04007171839475632, -0.005389838013797998, -0.018537970259785652, 0.009268985129892826, -0.006638078484684229, 0.013058515265583992, -0.035386014729738235, 0.022647561505436897, 0.017526576295495033, -0.0003128602693323046, 0.023262079805135727, 0.021188080310821533, 0.00992831215262413, -0.010197163559496403, -0.010773275047540665, 0.0021476135589182377, -0.014633218757808208, -0.0044744620099663734, 0.028575103729963303, 4.4483567762654275e-05, 0.011227762326598167, 0.02274998091161251, -0.004618489649146795, 0.002894957549870014, 0.013340169563889503, 0.007847911678254604, -0.02939446084201336, 0.00561708165332675, 0.03728077933192253, -0.02601461112499237, -0.0026965192519128323, -0.005789915099740028, -0.003895150264725089, 0.0013778653228655457, -0.016771230846643448, -0.028242239728569984, 0.0005136989639140666, 0.011823076754808426, 0.011170151643455029, -0.03425939753651619, -0.002832545433193445, 0.01801306940615177, -0.015286143869161606, -0.0017443359829485416, 0.0022580348886549473, 0.02277558669447899, 0.003559085540473461, -0.0074894423596560955, -0.014069910161197186, -0.010683657601475716, -0.019280513748526573, 0.021994635462760925, 0.02573295682668686, 0.007950331084430218, 0.029189622029662132, 0.025016017258167267, -0.01371144037693739, 0.005012165289372206, -0.021444130688905716, -0.007182183209806681, 0.016566390171647072, 0.0005837124190293252, 0.024913597851991653, 0.012059922330081463, 0.013493798673152924, -0.022097056731581688, -0.025604931637644768, -0.008059152401983738, -0.022365907207131386, 0.010472416877746582, 0.006670084781944752, -0.004375242628157139, 0.01610550284385681, 0.009883503429591656, -0.004704906139522791, 0.013596219010651112, -0.018832426518201828, -0.01659199595451355, 0.0039111534133553505, -0.020739994943141937, 0.01764179766178131, 0.04798364266753197, -0.03543722629547119, -0.00447126105427742, 0.000583312357775867, -0.001800346770323813, 0.013826662674546242, -0.022429920732975006, 0.008443226106464863, -0.009262584149837494, 0.0023492525797337294, -0.018025871366262436, 0.02299322932958603, 0.013455391861498356, 0.0009185769013129175, -0.006186791695654392, -0.016054291278123856, -0.007406226359307766, -0.011042126454412937, 0.014978884719312191, 0.006689288187772036, -0.012111132964491844, -0.015657415613532066, -0.02001025341451168, 0.03817695379257202, -0.0012986501678824425, 0.0005789115093648434, 0.013813860714435577, 0.00018143493798561394, 0.030981967225670815, 0.023505326360464096, -0.000682531448546797, 0.013519403524696827, 0.012706447392702103, -0.009691466577351093, 0.008699275553226471, 0.00795673206448555, 0.01446678675711155, -0.018294723704457283, 0.011592633090913296, -0.004634492564946413, 0.014351564459502697, 8.166572661139071e-05, 0.001837153802625835, -0.0041511994786560535, -0.02529767155647278, 0.004548076074570417, -0.016540786251425743, 0.023530932143330574, 0.02437589503824711, 0.0002818542707245797, -0.014313156716525555, -0.019626179710030556, -0.02472156099975109, 0.00041968084406107664, 0.014402774162590504, 0.001168224960565567, -0.006013958249241114, -0.0009233778691850603, 0.01171425636857748, -0.0056074801832437515, -0.006254004314541817, 0.010088343173265457, 0.013749848119914532, -0.021751388907432556, -0.008731281384825706, 0.0053162239491939545, -0.006545260548591614, -0.0043112304992973804, -0.024516722187399864, 0.004138397052884102, 0.030188214033842087, -0.007374220062047243, 0.01453079842031002, -0.01924210600554943, 0.004647294990718365, -0.005473054014146328, -0.020279105752706528, 0.02456793189048767, -0.0016363151371479034, -0.010241972282528877, 0.03072591871023178, 0.02044553868472576, 0.027141228318214417, 0.013186539523303509, 0.0009129758109338582, 0.049187071621418, -0.0036262983921915293, -0.012098330073058605, -0.0014018700458109379, -0.0076878806576132774, -0.00035626860335469246, 0.004131995607167482, 0.012047120369970798, 0.001933172345161438, -0.009076948277652264, 0.020330315455794334, 0.012264762073755264, 0.042222533375024796, 0.008859306573867798, 0.002707721432670951, -0.0097426762804389, -0.009243380278348923, -0.0026885177940130234, 0.0166816134005785, -0.010901299305260181, -0.004653696436434984, -0.011522219516336918, -0.006039563100785017, -0.005473054014146328, -0.013237749226391315, -0.02268596924841404, -0.004218412563204765, -0.03395213931798935, -0.0143771693110466, 0.003597492817789316, -0.019370131194591522, -0.00010206965816905722, 0.015490983612835407, -0.01874280907213688, -0.008027145639061928, -0.025873783975839615, 0.02080400660634041, 0.023402906954288483, 0.0046248906292021275, -0.0017523375572636724, 0.018307525664567947, -0.003975165542215109, -0.018704403191804886, 0.030367448925971985, -0.009448220022022724, 0.033081572502851486, -0.010062738321721554, 0.01637435331940651, -0.022058648988604546, -0.010254775173962116, 0.013148132711648941, -0.016143908724188805, 0.014799650758504868, 0.0008553647203370929, 0.020125476643443108, 0.0037767274770885706, -0.011214960366487503, 0.006503652781248093, 0.047241099178791046, 0.015785440802574158, -0.00780310295522213, -0.01600308157503605, 0.004522471223026514, 0.016758427023887634, -0.014825255610048771, -0.007380621507763863, -0.015324551612138748, -0.0017251322278752923, -0.00601715873926878, 0.0015963074984028935, -0.03512996435165405, 0.0027445286978036165, -0.0030453866347670555, -0.013442588970065117, -0.015683021396398544, -0.012456798925995827, -0.005021767225116491, -0.02132890745997429, 0.1466650515794754, 0.018986057490110397, 0.025758560746908188, -0.007118171080946922, 0.020739994943141937, 0.003074191976338625, -0.023159660398960114, -0.001501089078374207, -0.005044171586632729, -0.005706699099391699, -0.004973758012056351, -0.023505326360464096, 0.013199342414736748, -0.0016347148921340704, 0.013570614159107208, -0.0001995384373003617, 0.005431446246802807, -0.02422226592898369, 0.04235055670142174, -0.004448856692761183, 0.011797471903264523, -0.007387022953480482, -0.0027173233684152365, 0.016950463876128197, 0.006567664910107851, -0.005962748546153307, 0.0028485485818237066, 0.014825255610048771, 0.006874924059957266, -0.015939069911837578, 0.006951739080250263, -0.008456028997898102, -0.019754204899072647, -0.002133210888132453, 0.008321602828800678, -0.006308414973318577, 0.015183724462985992, 0.003834338393062353, 0.004189606755971909, -0.012719249352812767, 0.044962260872125626, 0.00921777542680502, 0.0028901565819978714, -0.030930757522583008, -0.007316609378904104, -0.018461154773831367, 0.002902959007769823, 0.03466907888650894, 0.004503267351537943, -0.00840481836348772, 0.052003614604473114, -0.0013290559872984886, -0.009339398704469204, -0.01924210600554943, -0.009000133723020554, -0.0037159156054258347, 0.04201769083738327, 0.015567798167467117, -0.0026101027615368366, 0.012059922330081463, -0.008852904662489891, -0.02292921580374241, -0.01825631596148014, -0.011592633090913296, 0.0012026316253468394, -0.020983241498470306, -0.0360773466527462, -0.015286143869161606, -0.01188068836927414, -0.03413137421011925, 0.0024820780381560326, 0.003703113179653883, -0.012399188242852688, 0.012437595054507256, 0.014850860461592674, 0.002293241675943136, 0.008295997977256775, 0.0029877754859626293, 0.029445670545101166, -0.012520811520516872, 0.010766874067485332, -0.012271163053810596, -0.0014330759877339005, -0.021776994690299034, -0.0038823478389531374, 0.011483811773359776, -0.00806555338203907, -0.009179367683827877, -8.106561290333048e-05, -0.021405722945928574, -0.006958140060305595, 0.010965311899781227, 0.006695689633488655, -0.017872242256999016, -0.013852267526090145, 0.006173989269882441, 0.010152355767786503, 0.003600693540647626, -0.020215094089508057, 0.011938299052417278, -0.0007493442972190678, 0.0022212278563529253, -0.0030037786345928907, 0.01160543505102396, 0.0039879679679870605, -0.0009737875661812723, -0.01371144037693739, -0.0018963651964440942, -0.0037159156054258347, -0.006580467335879803, 0.026296265423297882, -0.03577008843421936, 0.01687365025281906, -0.016937661916017532, 0.011675848625600338, 0.035411618649959564, 0.001003393204882741, 0.0054282452911138535, 0.01920369826257229, -0.007515047211199999, -0.0029397662729024887, -0.024619141593575478, 0.02084241434931755, 0.03822816163301468, -0.01939573511481285, -0.00043768429895862937, -0.033568065613508224, -0.02382538840174675, -0.013903478160500526, -0.013532206416130066, 0.00647164648398757, 0.026398684829473495, -5.4960586567176506e-05, -0.00048569354112260044, -0.031596485525369644, -0.024004623293876648, -0.010530028492212296, 0.017808230593800545, -0.0047913226298987865, -0.02452952414751053, 0.009512231685221195, -0.009281788021326065, -0.006881325505673885, -0.03441302850842476, -0.008852904662489891, -0.041172731667757034, -0.0074894423596560955, -0.008673670701682568, -0.007739090360701084, 0.01491487305611372, -0.0023524530697613955, -0.007822306826710701, -0.011362188495695591, 0.02650110423564911, -0.012572021223604679, -0.027371671050786972, 0.005892334971576929, -0.02296762354671955, 0.010325188748538494, 0.01286647841334343, 0.034643471240997314, -0.016860848292708397, 0.0004652896022889763, -0.003568687243387103, 0.005136989522725344, -0.004080785904079676, 0.015990279614925385, 0.004301628563553095, -0.014146724715828896, 0.02121368609368801, 0.0139930946752429, 0.0010898099280893803, 0.01133018173277378, 0.0018579578027129173, 0.015964675694704056, -0.003133403602987528, 0.003696711966767907, -0.026859574019908905, -0.004170403350144625, -0.008430424146354198, -0.0266291294246912, -0.02533607929944992, 0.005265014246106148, 0.0018531569512560964, -0.011887089349329472, -0.029624905437231064, -0.001600308227352798, 0.015350156463682652, 0.0023892601020634174, -0.019997451454401016, 0.007860713638365269, -0.009934713132679462, 0.018819624558091164, -0.012584824115037918, -0.00905134342610836, -0.019293315708637238, -0.0021812201011925936, 0.020739994943141937, 0.0037063139025121927, -0.0023844591341912746, 0.0013354572001844645, 0.008596856147050858, -0.021648969501256943, -0.004019974265247583, -0.002041993197053671, 0.035565249621868134, -0.01733453944325447, -0.001617111498489976, 0.030930757522583008, -0.018486760556697845, -0.018601981922984123, -0.040865469723939896, -0.014774045906960964, -0.023966215550899506, 0.0064460416324436665, -0.00069253338733688, -0.0054442486725747585, -0.004183205775916576, -0.0032838324550539255, -0.0308795478194952, -0.0013922681100666523, 0.010600442066788673, 0.011054929345846176, -0.014236342161893845, -0.0025444901548326015, 0.007559855934232473, -0.02170017920434475, -0.02090642601251602, 0.018077081069350243, 0.025720153003931046, 0.017385749146342278, 0.015286143869161606, 0.03374730050563812, 0.030316239222884178, -0.013288959860801697, 0.01893484592437744, 0.02726925164461136, -0.008577652275562286, -0.03546283021569252, 0.0012930490775033832, -0.0006057166610844433, -0.01672002114355564, -0.004324032925069332, -0.01856357604265213, 0.007707084529101849, 0.002856550272554159, -0.012232756242156029, 0.007182183209806681, -0.016848044469952583, -0.024427104741334915, -0.01643836684525013, 0.007502244785428047, -0.03103317692875862, -0.0027781350072473288, 0.004282424692064524, -0.0122967679053545, 0.019843822345137596, -0.015567798167467117, 0.026219449937343597, 0.021200884133577347, -0.02268596924841404, 0.005860328674316406, 0.009307392872869968, 0.0041511994786560535, -0.023863796144723892, -0.013173737563192844, -0.016015885397791862, 0.007399825379252434, -0.010722065344452858, 0.016169514507055283, 0.0016483174404129386, -0.026705943048000336, 0.025220857933163643, 0.01643836684525013, 0.016604797914624214, 0.00836001057177782, -0.01711689680814743, -0.005821921397000551, -0.036615051329135895, -0.001830752589739859, 0.002333249431103468, 0.01354500837624073, 0.006298813037574291, -0.019408538937568665, -0.0032134188804775476, -0.003136604093015194, -0.0347202867269516, -0.013090521097183228, 0.004218412563204765, 0.012213552370667458, -0.011490212753415108, -0.011765466071665287, 0.0035206780303269625, -0.01785944029688835, -0.004807326011359692, 0.026885177940130234, -0.0005036970251239836, 0.023287685588002205, -0.026142634451389313, 0.018371539190411568, -0.012584824115037918, 0.01184868160635233, -0.024017425253987312, -0.025220857933163643, 0.017987463623285294, -0.029317647218704224, 0.013596219010651112, -0.019984649494290352, -0.026053017005324364, -0.02379978448152542, -0.010197163559496403, 0.005207403097301722, 0.028728732839226723, -0.020419932901859283, 0.002427667612209916, -0.022788388654589653, 0.02345411665737629, -0.03344004228711128, -0.0012098329607397318, 0.04188966751098633, -0.00474011292681098, -0.027781350538134575, 0.023262079805135727, -0.0011426201090216637, 0.010139552876353264, 0.03305596485733986, 0.0020195890683680773, 0.01251441054046154, -0.018601981922984123, 0.001249040593393147, 0.023249277845025063, 0.03500194102525711, -0.0013114525936543941, -0.011483811773359776, -0.017833834514021873, 0.01588786020874977, -0.023006031289696693, 0.0062091960571706295, -0.0022180271334946156, -0.025720153003931046, 0.008001540787518024, -0.0023092448245733976, -0.004157600924372673, 0.015657415613532066, 0.0039495606906712055, -0.03469468280673027, -0.02564333938062191, 0.008199979551136494, 0.014441180974245071, -0.011093336157500744, -0.04716428369283676, 0.026603523641824722, 0.019011661410331726, 0.02939446084201336, -0.019280513748526573, 0.025451302528381348, -0.02610422857105732, 0.014505193568766117, 0.027294857427477837, -0.004189606755971909, 0.012431194074451923, -0.007233393378555775, 0.00806555338203907, 0.0207527969032526, -0.006039563100785017, 0.022276289761066437, -0.01567021757364273, -0.010952509008347988, 0.006593269761651754, -0.013365774415433407, 0.009384207427501678, 0.014185132458806038, -0.01091410219669342, -0.03546283021569252, -0.00912815798074007, 0.013250552117824554, 0.018730007112026215, 0.013416984118521214, -0.020944833755493164, 0.0013418584130704403, -0.008897713385522366, -0.005124187096953392, -0.005604279227554798, 0.010677256621420383, 0.015183724462985992, -0.01878121681511402, -0.008910516276955605, 0.00024864787701517344, 0.00843682512640953, -0.010402003303170204, 0.0035206780303269625, -0.03244144842028618, -0.01179107092320919, -0.008347207680344582, -0.008500837720930576, -0.014338761568069458, -0.013737046159803867, -0.020522352308034897, -0.011983107775449753, 0.044066086411476135, -0.01661759987473488, -0.0014042704133316875, -0.000714537629391998, -0.0006741298129782081, -0.012616829946637154, -0.010133151896297932, -0.00851363968104124, 0.01884523034095764, -0.0347202867269516, -0.01575983501970768, 0.02755090594291687, -0.02665473334491253, 0.012924089096486568, -0.010690058581531048, 0.014338761568069458, -0.004976958502084017, -0.012021515518426895, -0.02557932585477829, 0.02056076005101204, 0.005463452078402042, -0.006535658612847328, -0.0012234356254339218, 0.004442455712705851, 0.0018099485896527767, -0.021418524906039238, -0.01355781126767397, -0.004976958502084017, -0.011861484497785568, 0.004781721159815788, 0.006305214483290911, -0.031750116497278214, -0.03377290442585945, 0.0018211507704108953, 0.00030665905796922743, 0.009121757000684738, 0.015990279614925385, 0.2292153537273407, 0.014710033312439919, -0.0008697675075381994, 0.026757152751088142, -0.035872507840394974, 0.013685835525393486, 0.012047120369970798, 0.02785816602408886, -0.024759968742728233, 0.0050633749924600124, -0.015567798167467117, 0.0011474209604784846, 0.011919095180928707, 0.010369997471570969, 0.015055699273943901, 0.010530028492212296, -0.027064412832260132, -0.03367048501968384, -0.014684428460896015, -0.04401487857103348, 0.006455643568187952, -0.005908337887376547, 0.006013958249241114, -0.009697867557406425, 0.025592129677534103, 0.019690193235874176, -0.015939069911837578, 0.023838190361857414, 0.03262068331241608, 0.0007717486587353051, -0.01757778599858284, -0.005322624929249287, -0.02665473334491253, -0.0071245720610022545, 0.004829730372875929, 0.00019523760420270264, -0.023018833249807358, -0.009320194832980633, -0.007022152654826641, 0.002456473186612129, -0.020202290266752243, 0.003335042390972376, 0.037511225789785385, -0.01445398386567831, -0.01702727936208248, 0.02597620338201523, 0.024926401674747467, -0.017590587958693504, 0.015542193315923214, 0.0021476135589182377, -0.008270393125712872, -0.029752930626273155, 0.004122394137084484, 0.02752530202269554, -0.0026549112517386675, -0.0016251129563897848, 0.015747033059597015, 0.007495843805372715, -0.01197670679539442, 0.020880822092294693, 0.018153896555304527, 0.017654599621891975, -0.004548076074570417, 0.010888497345149517, -0.007892720401287079, 0.024555129930377007, -0.029292041435837746, 0.01221995335072279, 0.01696326769888401, -0.02610422857105732, -0.0009273785981349647, -0.023198068141937256, 0.006308414973318577, -0.01355781126767397, -0.004666498862206936, -0.02441430278122425, 0.02939446084201336, 0.02231469750404358, 0.024836784228682518, 0.002192422281950712, 0.0031814128160476685, 0.01779542677104473, 0.005831523332744837, 0.007291004061698914, 0.017001675441861153, -0.03228781744837761, 0.02632186934351921, -0.007854312658309937, -0.018320327624678612, 0.013365774415433407, 0.037972114980220795, -0.006497251335531473, -0.018141094595193863, -0.004944952204823494, 0.006292412057518959, 0.0023460518568754196, -0.03277431055903435, 0.022417116910219193, -0.02564333938062191, 0.014018700458109379, -0.004455258138477802, 0.039508409798145294, 0.00651965569704771, -0.006023560184985399, -0.011720657348632812, 0.0037831286899745464, -0.00029925763374194503, 0.008084757253527641, 0.01446678675711155, -0.0012210351414978504, -0.04089107736945152, -0.010645249858498573, 0.005991553887724876, -0.0005241009639576077, 0.01134298462420702, 0.020983241498470306, -0.007854312658309937, -0.03771606460213661, 0.029035992920398712, -0.02086801826953888, -0.009544238448143005, -0.02847268432378769, 0.010555633343756199, 0.0007225391454994678, 0.001282647019252181, 0.00843682512640953, 0.005210603587329388, 0.01588786020874977, 0.006500451825559139, -0.03533480688929558, 0.018973253667354584, -0.013416984118521214, -0.012290366925299168, 0.03671747073531151, -0.028831152245402336, 0.003530279966071248, 0.011144546791911125, -0.001801947015337646, -0.007515047211199999, 0.010901299305260181, 0.003837539115920663, 0.008763288147747517, 0.015939069911837578, -0.03041865862905979, -0.0008761687786318362, -0.00860325712710619, 0.03961082920432091, 0.010088343173265457, -0.03134043514728546, 0.0038215359672904015, -0.02167457528412342, 0.022545142099261284, 0.017232118174433708, 0.004205610137432814, 0.013826662674546242, 0.010549231432378292, -0.01683524250984192, -0.016694415360689163, -0.050134457647800446, 0.009678663685917854, -0.04201769083738327, -0.008199979551136494, 0.012271163053810596, -0.0091089541092515, -0.0038567427545785904, 0.004839331842958927, -0.15987719595432281, 0.031289227306842804, 0.007291004061698914, 0.004106390755623579, 0.031161202117800713, 0.006487649399787188, 0.00998592283576727, -0.012424793094396591, -0.032364632934331894, 0.006881325505673885, 0.019651785492897034, -0.021444130688905716, -0.02090642601251602, 0.0281654242426157, 0.0022532339207828045, 0.0026213049422949553, -0.02106005698442459, 0.001990783493965864, -0.016694415360689163, 0.009595448151230812, 0.018422748893499374, -0.020266303792595863, 0.01115734875202179, -0.03804892674088478, 0.023249277845025063, 0.038612235337495804, -0.0018723605899140239, 0.011931898072361946, -0.009006534703075886, 0.012719249352812767, 0.003917554393410683, 0.009461021982133389, 0.024836784228682518, 0.0014106717426329851, 0.015836650505661964, 0.016732823103666306, 0.0021524145267903805, -0.00641723582521081, -0.0028853556141257286, 0.03223660960793495, 0.030393052846193314, 0.033388830721378326, 0.009505830705165863, -0.0023812586441636086, -0.00319421524181962, 0.020138278603553772, 0.007207788061350584, 0.013109724968671799, 0.025681747123599052, 0.0026149037294089794, 0.003898350754752755, -0.038561027497053146, -0.016425563022494316, -0.002805340336635709, 0.0007801502360962331, 0.0015082905301824212, 0.008334404788911343, 0.013596219010651112, 0.0022484329529106617, -0.002707721432670951, 0.014786847867071629, -0.014415576122701168, 0.011170151643455029, 0.004804125055670738, -0.013685835525393486, 0.0216105617582798, 0.019831020385026932, -0.027013203129172325, -0.010722065344452858, -0.025540919974446297, -0.012469601817429066, -0.02102164924144745, -0.021969031542539597, -0.015747033059597015, 0.018448352813720703, 0.008084757253527641, -0.015337353572249413, 0.028242239728569984, -0.028370264917612076, -0.013237749226391315, 0.024887993931770325, 0.01788504421710968, -0.012437595054507256, -0.03638460859656334, -0.015094107016921043, 0.014325959607958794, -0.020458340644836426, -0.011874287389218807, 0.02665473334491253, -0.02472156099975109, 0.017193712294101715, -0.03239023685455322, 3.153107172693126e-05, -0.004298428073525429, 0.016246328130364418, -0.0006749299936927855, 0.01628473587334156, 0.0194853525608778, 0.011291774921119213, -0.020087068900465965, -0.0004296827537473291, -0.0209320317953825, -0.03605174273252487, 0.0007233393262140453, 0.002269237069413066, 0.001270644715987146, -0.005361032672226429, 0.019062871113419533, 0.029189622029662132, 0.004967356566339731, -0.01683524250984192, -0.010824484750628471, 0.000300057785352692, 0.02071438916027546, 0.00367430760525167, 0.01779542677104473, 0.010056336410343647, -0.02281399443745613, 0.010459614917635918, -0.013416984118521214, 0.05210603401064873, 0.01992063596844673, 0.003335042390972376, -0.004548076074570417, -0.015017292462289333, 0.02259635180234909, -0.11030604690313339, -0.007130973506718874, 0.006785307079553604, 0.03515557199716568, -0.001963578164577484, -0.001990783493965864, -0.007258998230099678, 0.020547958090901375, -0.04503907635807991, 0.016054291278123856, -0.017564982175827026, -0.020087068900465965, -0.0031750116031616926, -0.014492391608655453, 0.014761243015527725, 0.014556403271853924, -0.020151080563664436, -0.009429016150534153, -0.013877873308956623, 0.0031974157318472862, -0.009659460745751858, -0.008456028997898102, -0.014031502418220043, 0.00037307184538803995, 0.004813726991415024, -0.01680963672697544, 0.004909745417535305, 0.03305596485733986, 0.022122660651803017, 0.003357446752488613, -0.007700683083385229, -0.00707976333796978, 0.0011426201090216637, -0.0027861366979777813, 0.016207922250032425, 0.01264883577823639, -0.0159134641289711, -0.011374990455806255, 0.010248374193906784, -0.027627721428871155, 0.007604664657264948, 0.019280513748526573, -0.007169380784034729, -0.03228781744837761, -0.0015883059240877628, -0.0047881221398711205, -0.00014992887736298144, 0.00034686681465245783, 0.027730140835046768, -0.008052751421928406, 0.013609020970761776, 0.004890542011708021, -0.0064844489097595215, 0.006695689633488655, -0.011074133217334747, -0.00834080670028925, 0.01604148931801319, 0.02318526618182659, -0.039047520607709885, -0.00263570761308074, 0.021687377244234085, -0.015209329314529896, 0.001936372951604426, -0.01935732737183571, -0.008116763085126877, -0.0111893555149436, -0.018947649747133255, 0.005015365779399872, -0.003699912689626217, -0.020663179457187653, -0.007995139807462692, -0.021661771461367607, -0.013109724968671799, 0.032339029014110565, -0.004634492564946413, -0.01711689680814743, -0.019651785492897034, -0.014441180974245071, -0.007393423933535814, -0.01569582335650921, -0.00745743652805686, 0.013673033565282822, 0.02982974611222744, -0.0052810171619057655, 0.02982974611222744, 0.025604931637644768, 0.0046248906292021275, 0.015388564206659794, -0.006330819334834814, -8.048425002016302e-07, -0.019306117668747902, 0.009320194832980633, 0.014838057570159435, -0.051670752465724945, -0.008001540787518024, 0.021072858944535255, -0.012770459987223148, -0.0020755997393280268, -0.011669447645545006, -0.003632699605077505, -0.01573423109948635, -0.0006393231451511383, -0.045730408281087875, 0.013506601564586163, -0.0173601433634758, -0.0017763421637937427, 0.016335945576429367, -0.009953917004168034, 0.02099604345858097, -0.02292921580374241, -0.03062349744141102, 0.01963898167014122, -0.018858032301068306, 0.03244144842028618, 0.006167587824165821, -0.0022228281013667583, -0.021200884133577347, 0.0033254404552280903, 0.02665473334491253, -0.006580467335879803, 0.023850994184613228, 0.019664587453007698, -0.013327366672456264, -0.0034118571784347296, 0.0005881132674403489, 0.022327499464154243, -0.011125342920422554, 0.012194348499178886, -0.022276289761066437, 0.006314816419035196, -0.006305214483290911, -0.0017459362279623747, 0.01788504421710968, -0.005722702015191317, -0.009275386109948158, 0.015273341909050941, 0.01782103255391121, 0.003767125541344285, -0.012636033818125725, 0.008219183422625065, 0.00977468304336071, 0.049545541405677795, 0.0008037547813728452, -0.037972114980220795, 0.016515180468559265, -0.02632186934351921, 0.0024468712508678436, 0.01856357604265213, 0.002363655250519514, 0.04442455619573593, 0.012155941687524319, -0.00250128167681396, -0.002768533304333687, 0.02426067180931568, 0.004944952204823494, -0.023313289508223534, -0.004743313416838646, -0.037229571491479874, 0.004839331842958927, 0.0029205624014139175, -0.007495843805372715, -0.015554996207356453, 0.012597626075148582, 0.00367430760525167, -0.011272571049630642, 0.01346819382160902, 0.013788255862891674, -0.018819624558091164, -0.0028901565819978714, -0.00920497253537178, 0.011855083517730236, -0.04060942307114601, -0.016233526170253754, -0.006542060058563948, -0.0003354646032676101, -0.006503652781248093, -0.013416984118521214, -0.0060075572691857815, 0.003895150264725089, 0.009998725727200508, -0.012354379519820213, -0.012712848372757435, 0.007969534955918789, -0.015465378761291504, 0.007495843805372715, 0.020112672820687294, 0.01376265101134777, 0.04191527143120766, 0.01613110676407814, 0.0023940610699355602, 0.011471008881926537, 0.013416984118521214, 0.013532206416130066, 0.020944833755493164, -0.0008465630235150456, 0.006314816419035196, 0.003331841668114066, 0.00033106375485658646, -0.0024516722187399864, 0.028805548325181007, -0.01619511842727661, 0.003043786156922579, 0.0101715587079525, 0.011944700963795185, -0.016297539696097374, -0.006218797527253628, -0.010504422709345818, 0.008001540787518024, -0.032185398042201996, -0.038561027497053146, -0.009889904409646988, -0.0012290367158129811, 0.010549231432378292, 0.027064412832260132, 0.013493798673152924, 0.028831152245402336, -0.019370131194591522, 0.02548970840871334, 0.010946108028292656, -0.026449894532561302, 0.0013034510193392634, 0.01810268685221672, -0.00025004814960993826, 0.010363596491515636, 0.01779542677104473, -0.02266036346554756, 0.02410704270005226, 0.007476639933884144, 0.01665600761771202, -0.01371144037693739, -0.028037400916218758, -0.005748307332396507, 0.02406863495707512, -0.0013082519872114062, -0.021200884133577347, -0.00966586172580719, -0.021648969501256943, 0.01970299519598484, 0.0009657859918661416, 0.011471008881926537, -0.029292041435837746, -0.0030613895505666733, 0.010798879899084568, -0.013570614159107208, 0.007387022953480482, 0.01100371964275837, 0.02998337522149086, -0.003002178156748414, 0.014351564459502697, 0.0007633470231667161, 0.004122394137084484, 0.024478314444422722, 0.0005653089028783143, 0.0111893555149436, -0.02336449921131134, -0.013301761820912361, -0.01275765709578991, -0.005168995354324579, 0.0331839919090271, 0.010305984877049923, -0.005306622013449669, 0.00473371148109436, -0.025438498705625534, 0.026526708155870438, -0.002126809675246477, -0.0039495606906712055, 0.0024580734316259623, 0.0122519601136446, -0.000332063966197893, -0.023774178698658943, -0.038304977118968964, 0.03420818969607353, 0.023351697251200676, -0.03912433609366417, -0.008257590234279633, 0.029880955815315247, -0.0007857513264752924, -0.001185028231702745, 0.016758427023887634, -0.0029221628792583942, -0.011150947771966457, -0.009896306321024895, 0.014389971271157265, -0.0374344103038311, -0.014300353825092316, 0.009902707301080227, -0.024183858186006546, -0.020176686346530914, -0.0005965149030089378, 0.0024548727087676525]"
U13000,N42782 N18445 N49749,"[-0.018500331789255142, -0.008305583149194717, 0.03176497295498848, -0.009783180430531502, -0.02431626245379448, 0.016125379130244255, 5.6190034229075536e-05, -0.02215721644461155, -0.015653088688850403, -0.02273746021091938, 0.021428538486361504, 0.015248266980051994, -0.00446315435692668, 0.006699791643768549, -0.0028792910743504763, -0.026691215112805367, 0.02361457236111164, -0.022804930806159973, 0.008710403926670551, -0.018689248710870743, -0.0003890079096890986, 0.01377066969871521, 0.0034190528094768524, 0.00728003541007638, 0.0019094068557024002, -0.01420922577381134, 0.012266083620488644, -0.012191866524517536, 0.024653613567352295, -0.02292637713253498, 0.030631475150585175, 6.204096280271187e-05, -0.02654278092086315, -0.020322026684880257, -0.039159707725048065, -0.009101730771362782, 0.0023816984612494707, -0.004722914658486843, 0.0010289206402376294, 0.0002892785123549402, 0.01376392226666212, -0.023061316460371017, -0.014627541415393353, 0.003471342148259282, -0.014033803716301918, 0.02018708735704422, 0.01160487625747919, -0.02047046087682247, -0.01470850594341755, 0.011469935066998005, 0.03195388987660408, -0.01313644926995039, -0.03540836647152901, -0.0034814628306776285, -0.005761955864727497, 0.009641492739319801, -0.016530200839042664, 0.022089745849370956, -0.004338334314525127, -0.006099306978285313, -0.010174507275223732, -0.000407983927289024, -5.2526611398207024e-05, 0.023789996281266212, 0.007219312246888876, -0.018986117094755173, -0.021725406870245934, -0.02353360876441002, -0.034544747322797775, -0.0067335269413888454, 0.05127735808491707, 0.027015071362257004, 0.006018342450261116, -0.0028607368003576994, 0.021617455407977104, -0.012819339521229267, -0.03791825845837593, -0.010214990004897118, 0.0018216955941170454, 0.0008408474968746305, 0.022602519020438194, -0.015221279114484787, -0.013143196702003479, -0.002535192994400859, 0.0055865333415567875, 0.009661734104156494, 0.0034814628306776285, 0.017083456739783287, -0.010511858388781548, 0.00510074757039547, -0.003957127686589956, 0.024356745183467865, 0.01608489826321602, 0.01493790466338396, -0.019134551286697388, -0.0024221804924309254, 0.005930631421506405, 0.014398142695426941, 0.0018486836925148964, -0.02292637713253498, 0.00265663955360651, -0.016206344589591026, -0.008319077081978321, -0.012866568751633167, -0.008494499139487743, -0.012765363790094852, 0.007826544344425201, -0.023101799190044403, 0.025260847061872482, -0.01420922577381134, -0.006342199631035328, -0.007529675494879484, 0.01043764129281044, -0.02683964930474758, -0.01902659796178341, -0.003096882486715913, -0.0051850853487849236, 0.0015408508479595184, -0.017974063754081726, -0.02901219017803669, -0.0023024207912385464, 0.011645358055830002, 0.01097065582871437, -0.01539670117199421, 0.015761040151119232, -0.027568327262997627, -0.004736408591270447, 0.008116666227579117, 0.015059350989758968, -0.0006991600384935737, 0.031144248321652412, 0.019255997613072395, 0.013811151497066021, 0.011200054548680782, -0.007813050411641598, 0.02812158316373825, -0.034760650247335434, -0.01715092733502388, -0.009277153760194778, -0.020956246182322502, 0.013966333121061325, 0.008190883323550224, -0.00531327910721302, -0.01337259542196989, 0.00759714562445879, 0.008858838118612766, 0.008454017341136932, 0.017663700506091118, -0.0028151944279670715, -0.002789893187582493, 0.012583194300532341, -0.028769297525286674, -0.006413043476641178, 0.0023580838460475206, 0.028175558894872665, 0.01783912256360054, -0.003248690627515316, 0.007617386523634195, -0.010336436331272125, -0.012090661562979221, -0.0011841021478176117, 0.0009901253506541252, 0.019674312323331833, -0.005778823513537645, -0.010552340187132359, 0.03727054223418236, 0.010302701033651829, 0.003943633753806353, -0.027905678376555443, -0.026488803327083588, 0.012077167630195618, -0.0029923038091510534, -0.02480204962193966, 0.019080575555562973, -0.010606316849589348, 0.018959129229187965, 0.003764837747439742, 0.02175239473581314, -0.04315394535660744, -0.009486311115324497, -0.007691603619605303, 0.012434759177267551, 0.03548932820558548, 0.034922581166028976, -0.012623676098883152, -0.002020732732489705, 0.01569357141852379, -0.01813599281013012, 0.014789469540119171, -0.009830409660935402, 0.0034747158642858267, 0.026124464347958565, -0.004395684227347374, -0.012117649428546429, -0.6408050656318665, -0.01773117110133171, 0.007360999938100576, -0.026704708114266396, 0.01626032032072544, -0.0013409703969955444, 0.021388055756688118, -0.012481988407671452, -0.024545662105083466, 0.00546508701518178, -0.004648697562515736, 0.007334011606872082, 0.003798572812229395, -0.014317178167402744, -0.016098391264677048, -0.016422249376773834, 0.005158097483217716, -0.031495094299316406, -0.017785146832466125, 0.020902270451188087, -0.01332536619156599, 0.025746632367372513, 0.007205818314105272, -0.015828510746359825, 0.00666605681180954, 0.009776432998478413, -0.012718134559690952, -0.0013822958571836352, -0.034949567168951035, 0.009189442731440067, -0.0366768054664135, 0.01456007082015276, -0.0022889268584549427, -0.0077725681476294994, 0.053355440497398376, 0.00424050260335207, -0.012239095754921436, 0.01319042593240738, -0.001339283655397594, 0.03527342528104782, -0.004071827046573162, -0.015842005610466003, 0.007010154891759157, 0.005670871119946241, -0.012137890793383121, -0.0028067606035619974, 0.01240102481096983, 0.0008564499439671636, -0.006841479334980249, -0.006962925661355257, 0.010302701033651829, -0.02029503881931305, 0.0046014683321118355, 0.014789469540119171, 0.015369713306427002, 0.014829952269792557, 0.030118701979517937, -0.013001509010791779, 0.015113326720893383, 0.01367621123790741, -0.011361983604729176, 0.02635386399924755, -0.012778857722878456, -0.014357659965753555, -0.019053587689995766, 0.006895455531775951, 0.0030648342799395323, 0.010687281377613544, 0.02793266624212265, -0.01841936632990837, 0.0033347150310873985, 0.007752326782792807, -0.004075200762599707, -0.01078173890709877, 0.030145689845085144, 0.013406330719590187, 0.016489718109369278, -0.0072530475445091724, 0.0048274933360517025, 0.018581295385956764, 0.004412551876157522, -0.005856414325535297, -0.015518148429691792, -0.0029535084031522274, 0.038161151111125946, 7.743260357528925e-05, -0.023978911340236664, 0.0006287380238063633, 0.0017812135629355907, 0.0028455560095608234, 0.007455457933247089, 0.005164844449609518, 0.006446778308600187, -0.024518674239516258, 0.013197172433137894, 0.037999220192432404, -0.033465225249528885, -0.00077759416308254, 0.01724538579583168, -0.04342382773756981, -0.023857465013861656, -0.007455457933247089, -0.01097065582871437, 0.00014885615382809192, -0.004132550209760666, -0.015167303383350372, 0.010869450867176056, 0.0038120667450129986, 0.06412368267774582, -0.029524963349103928, -0.019485395401716232, 0.0009285587584599853, -0.014533082954585552, -0.010417399927973747, 0.0028910983819514513, -0.02509891800582409, 0.0007151842000894248, 0.0067571415565907955, -0.019336961209774017, -0.024275781586766243, 0.026326876133680344, -0.00862269289791584, 0.0002970797650050372, 0.007981725968420506, -0.017501771450042725, 0.011942227371037006, 0.02057841420173645, -0.013952839188277721, -0.01127427164465189, 0.013298378325998783, -0.004797131754457951, 0.011787045747041702, 0.03303341567516327, -0.018082015216350555, -0.0008239799062721431, -0.016988998278975487, 0.007192324381321669, -0.013831392861902714, 0.012272831052541733, -0.009931614622473717, -0.015801522880792618, 0.001674104598350823, -0.010053060948848724, 0.018945634365081787, -0.01514031458646059, -0.03362715244293213, -0.015895981341600418, -0.019917204976081848, 0.0030530269723385572, 0.009486311115324497, -0.0005034964415244758, 0.019161539152264595, 0.003245317144319415, 0.01514031458646059, -0.0040819477289915085, -0.0037850786466151476, -0.007482446264475584, -0.01588248647749424, -0.02578711323440075, -0.02822953462600708, -0.01821695640683174, 0.04064405336976051, -0.02312878705561161, 0.005134482868015766, -0.002624591113999486, -0.02793266624212265, -0.0052525559440255165, 0.0005937378155067563, 0.012481988407671452, -0.009729203768074512, -0.0035455594770610332, -0.015720559284090996, -0.0027730255387723446, 0.004550865385681391, -0.023007340729236603, 0.018770212307572365, -0.017879605293273926, -0.020349014550447464, 0.0014396455371752381, 0.009263659827411175, 0.00862269289791584, 0.007246300578117371, -0.008454017341136932, -0.007968232035636902, -0.0033397753722965717, 0.009931614622473717, 0.009182695299386978, 0.0046014683321118355, -0.013109461404383183, 0.016516707837581635, -0.013399583287537098, 0.023250233381986618, -0.0007033769506961107, -0.004743155557662249, 0.018082015216350555, 0.003906525205820799, -0.01155764702707529, 0.005309905391186476, -0.007340758573263884, 0.018351897597312927, 0.02350662089884281, 0.016543695703148842, 0.012873316183686256, -0.015423689968883991, -0.0006375934462994337, -0.007138348184525967, 0.001708683092147112, -0.014182237908244133, 0.015639593824744225, -0.013898863457143307, 0.012704640626907349, -0.01929648034274578, -0.037378497421741486, 9.503811452304944e-05, 0.003005797741934657, 0.034625712782144547, 0.02353360876441002, 0.014856940135359764, -0.0017795267049223185, -0.015639593824744225, -0.0017171168001368642, -0.01599043980240822, 0.007576904259622097, 0.016543695703148842, -0.004776890855282545, 0.009378358721733093, 0.023938430473208427, 0.00857546366751194, 0.0041764057241380215, -0.005654003471136093, 0.012583194300532341, 0.024437708780169487, 0.020119616761803627, 0.003582668025046587, 0.02380348928272724, 0.005896896123886108, 0.01960684359073639, -0.013797657564282417, 0.027500856667757034, -0.021091187372803688, -0.008629439398646355, -0.013129702769219875, -0.002744350815191865, 3.9085280150175095e-05, 0.0006072318647056818, 0.012360542081296444, 0.04363973066210747, 0.006514248438179493, -0.006392802111804485, 0.008494499139487743, -0.023574091494083405, 0.012421265244483948, -0.00014210912922862917, 0.013048738241195679, 0.02735242247581482, -0.03613704442977905, -0.0032470037695020437, -0.000504339812323451, 0.030118701979517937, 0.020537931472063065, -0.0009808482136577368, -0.00936486478894949, 0.01635477878153324, 0.006672803778201342, 0.0010871137492358685, 0.01744779571890831, 0.01696201041340828, 0.00664244219660759, -0.005654003471136093, -0.011058366857469082, -0.01627381518483162, -0.0005220507155172527, 0.0017137433169409633, -0.009918120689690113, -0.020753836259245872, -0.016813576221466064, 0.018297920003533363, -0.004496889188885689, -0.02145552635192871, -0.005040024407207966, 0.005859787575900555, -0.04636552929878235, 0.013858380727469921, 0.029336046427488327, -0.004928698763251305, -0.01122704241424799, 0.022022275254130363, -0.0028759175911545753, -0.010451135225594044, 0.0452590174973011, 0.009978843852877617, 0.01970130018889904, -0.0003822609141934663, -0.003916645422577858, 0.0011225355556234717, 0.00969546940177679, 0.021226128563284874, -0.026826154440641403, -0.007043889723718166, -0.009756192564964294, 0.019040092825889587, -0.018743224442005157, -0.018891658633947372, 0.008987031877040863, 0.01813599281013012, 0.02076733112335205, 0.00048325536772608757, -0.0437476821243763, -0.006770635489374399, 0.001481814426369965, -0.007239553611725569, -0.013730187900364399, -0.012643917463719845, 0.03252064064145088, -0.0043079727329313755, -0.021388055756688118, -0.007974978536367416, -0.02596253715455532, 0.02882327325642109, 0.00015128085215110332, 0.001327476347796619, -0.009081490337848663, -0.004078574012964964, 0.009331129491329193, 0.1292189508676529, 0.012873316183686256, -0.005411110818386078, 0.025908559560775757, 0.0028118209447711706, 0.019336961209774017, -0.004800505470484495, -0.03880886361002922, 0.012569699436426163, 0.02148251421749592, 0.003336401889100671, 0.011125837452709675, 0.04655444249510765, 0.0012456687400117517, 0.0338970310986042, 0.02029503881931305, -0.010491617023944855, -0.014371154829859734, -0.005296411458402872, -0.00911522563546896, -0.01020149514079094, -0.013210667297244072, 0.006581719033420086, 0.006473766639828682, -0.0026802539359778166, -0.006470392923802137, 0.023061316460371017, 0.01568007655441761, 0.001801454578526318, -0.004834240302443504, -0.01686755195260048, 0.006723406258970499, -0.010646798647940159, -0.0020797692704945803, -0.008366306312382221, 0.00901401974260807, 0.011051620356738567, 0.004797131754457951, -0.006574972067028284, -0.004965807311236858, -0.004152791574597359, -0.02176588959991932, -0.00029876650660298765, -0.020160097628831863, -0.010707521811127663, -0.010936920531094074, 0.013453559949994087, 0.013939345255494118, -0.014384648762643337, -0.023061316460371017, 0.007846785709261894, -0.007927749305963516, -0.030307617038488388, -0.005684365052729845, 0.00308676203712821, 0.020214075222611427, 0.0010500050848349929, -0.002177600981667638, 0.002705555409193039, -0.01043764129281044, 0.00208482937887311, -0.03281750902533531, 0.028202546760439873, -0.001558561809360981, 0.014411636628210545, -0.031009307131171227, -0.030604487285017967, -0.013251149095594883, -0.04666239768266678, 0.004196647088974714, 0.003822187427431345, -0.026880132034420967, -0.024775059893727303, 0.013777416199445724, 0.02949797548353672, 0.012704640626907349, 0.01092342659831047, -0.009830409660935402, 0.0008336787577718496, 0.020362509414553642, 0.003290859516710043, -0.014411636628210545, -0.0063320789486169815, -0.017488278448581696, 0.024815542623400688, -0.001789647270925343, 0.001585549907758832, 0.013210667297244072, -0.008319077081978321, 0.01190174464136362, -0.007954737171530724, -0.01841936632990837, 0.015626100823283195, 0.0003314474015496671, -0.010511858388781548, 0.015086338855326176, 0.021509502083063126, 0.008305583149194717, 0.0023125414736568928, -0.0046959263272583485, 0.039348624646663666, -0.029282070696353912, 0.005205326713621616, 0.0019077201141044497, 0.0028641102835536003, 0.0035354390274733305, 0.013703199103474617, 0.016219837591052055, -0.008028955198824406, 0.004324840381741524, 0.019876724109053612, -0.03772934153676033, 0.01921551488339901, 0.01190174464136362, -0.013055485673248768, -0.0014126574387773871, 0.014614047482609749, -0.0018065148033201694, -1.2077431165380403e-05, -0.015949957072734833, -0.0014185610925778747, -0.022683484479784966, 0.026515791192650795, 0.013790911063551903, -0.00852823443710804, 0.007138348184525967, 0.0012903677998110652, -0.03986139968037605, -0.03241268917918205, -0.010565835051238537, 0.007833290845155716, 0.02596253715455532, -0.02283191867172718, -0.020322026684880257, -0.014155250042676926, 0.0017095264047384262, 0.012313312850892544, 0.02048395574092865, 0.0019768772181123495, -0.016624659299850464, -0.0027662785723805428, -0.026515791192650795, 0.02017359249293804, -0.015072844922542572, -0.015072844922542572, -0.019525878131389618, -0.027959654107689857, 0.01844635419547558, -0.004938819445669651, -0.003936886787414551, -0.015261760912835598, -0.0062241265550255775, -0.014087779447436333, -0.02184685319662094, -0.028796285390853882, -0.00537062855437398, 0.012853074818849564, -0.026151452213525772, 0.02068636566400528, 0.012407771311700344, 0.018189968541264534, -0.006645815446972847, 0.014087779447436333, -0.0034578482154756784, 0.002059528138488531, 0.010302701033651829, 0.012198613956570625, 0.005556171759963036, -0.017609724774956703, 0.0064096697606146336, -0.010194748640060425, 0.0033735104370862246, 0.005539304111152887, 0.004736408591270447, 0.0047330353409051895, 0.030064724385738373, -0.006628947798162699, -0.009081490337848663, 0.006686297710984945, -0.04361274465918541, -0.02469409629702568, 0.013993320986628532, -0.022008782252669334, 0.02010612189769745, -0.02625940553843975, -0.008049195632338524, 0.03360016271471977, -0.023978911340236664, -0.018702741712331772, -0.005670871119946241, 0.02539578638970852, 0.01626032032072544, 0.003774958197027445, 0.002258565276861191, 0.006935937330126762, -0.02665073238313198, 0.002521699061617255, -0.02145552635192871, -0.01328488439321518, 0.020241063088178635, 0.019579853862524033, 0.030010748654603958, 0.0036197768058627844, 0.0013772356323897839, -0.004186526406556368, 0.035813186317682266, -0.06126295030117035, 0.002693748101592064, -0.004915204830467701, -0.016530200839042664, 0.010478123091161251, -0.005785570479929447, 0.006878587882965803, -0.03991537541151047, 0.01599043980240822, 0.00862269289791584, 0.0038356813602149487, -0.001774466480128467, -0.03430185467004776, -0.016988998278975487, 0.01871623657643795, -0.009304141625761986, 0.03829609230160713, 0.00263302493840456, 0.00994510855525732, -0.006382681895047426, 0.0047499025240540504, -0.0059441253542900085, 0.0020494076889008284, -0.002555434126406908, 0.004790384788066149, 0.030847379937767982, 0.024451203644275665, 0.003501703729853034, 0.005805811379104853, -0.012259337119758129, 0.024626625701785088, -0.018797200173139572, -0.02431626245379448, 0.019094068557024002, 0.02273746021091938, -0.009351370856165886, -0.006956178694963455, 0.0007080155191943049, -0.011577887460589409, 0.006038583815097809, 0.008831850253045559, -0.003147485200315714, 0.00010984993423335254, -0.014195731841027737, -0.02302083559334278, 0.025355303660035133, 0.00041114658233709633, 0.00646701967343688, -0.009776432998478413, -0.024073369801044464, -0.014883928000926971, -0.014330672100186348, -0.009830409660935402, -0.008885826915502548, -0.012940785847604275, 0.03843102976679802, -0.013217413797974586, 0.023398667573928833, 0.007118106819689274, 0.019444914534687996, -0.010208242572844028, -0.008676668629050255, 0.000996872317045927, 0.03028062917292118, -0.026515791192650795, 0.00159314030315727, 0.00866992212831974, 0.031495094299316406, 0.017501771450042725, -0.029039178043603897, -0.015612605959177017, -0.01323090773075819, -0.051790133118629456, -0.0034645951818674803, 0.04323491081595421, 0.027419893071055412, -0.0032807388342916965, 0.002521699061617255, -0.002870857482776046, 0.002258565276861191, -0.017015986144542694, -0.01638176664710045, 0.0016555502079427242, -0.017569242045283318, -0.01824394427239895, -0.01253596507012844, -0.007678109686821699, -0.007563410326838493, -0.002209649421274662, -0.0031660394743084908, 0.006942684296518564, 0.02098323404788971, -0.0014843445969745517, -0.00504339812323451, -0.019471902400255203, 0.02098323404788971, -0.02694760076701641, 0.002717362716794014, -0.0029619422275573015, 0.009182695299386978, 0.020133109763264656, -0.026704708114266396, -0.007516181096434593, 0.004689179360866547, 0.014398142695426941, 0.00294001423753798, -0.018702741712331772, 0.002116877818480134, 0.0012127769878134131, 0.011085355654358864, 0.009479564614593983, -0.015423689968883991, -0.0325746163725853, 0.032979436218738556, -0.0007670519407838583, 0.004648697562515736, 0.030442558228969574, 0.004722914658486843, -0.003290859516710043, 0.0072530475445091724, 0.007536422461271286, -0.025449762120842934, -0.008757633157074451, -0.00896679051220417, -0.0019836241845041513, 0.0038154402282088995, -0.011328248307108879, -0.008858838118612766, 0.01696201041340828, -0.03230473771691322, -0.01666514202952385, 0.012765363790094852, -0.00023150714696384966, 0.005495448596775532, 0.018864670768380165, 0.03419390320777893, 0.018999610096216202, -0.008696909993886948, -0.01568007655441761, 0.003014231566339731, -0.022912882268428802, 0.0002380433288635686, -0.027217481285333633, -0.015180797316133976, -0.001840249984525144, 0.028850261121988297, 0.0018301294185221195, -0.013494041748344898, -0.021887335926294327, 0.01744779571890831, -0.02156347781419754, -0.00945932324975729, -0.013480547815561295, 0.009965349920094013, 0.04593371972441673, 0.024923495948314667, -0.010167760774493217, 0.03754042461514473, -1.1023208571714349e-05, 0.011098849587142467, -0.008683416061103344, -0.02057841420173645, -0.0004857855092268437, 0.012313312850892544, 0.009229924529790878, 0.007543169427663088, -0.027622302994132042, 0.014060791581869125, -0.011382224038243294, 0.006112800911068916, 0.0035624271258711815, 0.030604487285017967, 0.003236883319914341, 0.008184135891497135, -0.016800081357359886, 0.002744350815191865, -0.023196257650852203, 0.020956246182322502, 0.026718202978372574, -0.01337934285402298, -0.016111886128783226, 0.006784129422158003, -0.007961484603583813, 0.006247741170227528, 0.02010612189769745, 0.008238112553954124, -0.010795233771204948, 0.03961850702762604, -0.016827069222927094, -0.024667108431458473, 8.101695857476443e-05, -0.019849736243486404, 0.025422774255275726, 0.016894539818167686, -0.015383207239210606, 0.015356219373643398, 0.00764437485486269, 0.010410653427243233, 0.005967739969491959, -0.006089186295866966, -0.015761040151119232, 0.00428773183375597, 0.003467968665063381, -0.010903186164796352, 0.014519589021801949, -0.0003166882961522788, 0.005056892056018114, -0.001001089229248464, -0.015207785181701183, 0.006841479334980249, 0.013176931999623775, -0.018702741712331772, 0.002717362716794014, -0.0013375969137996435, 0.005883402191102505, 0.021226128563284874, -0.0034848363138735294, 0.008285341784358025, 0.002924833446741104, -0.017285866662859917, 0.009148960001766682, -0.03691969811916351, -0.013649223372340202, -0.011928732506930828, -0.00161675491835922, -0.002697121584787965, 0.018500331789255142, -0.002786519704386592, -0.03311437740921974, 0.030361594632267952, 0.2312338948249817, 0.006187018007040024, -0.0017179602291435003, 0.027986641973257065, -0.014641035348176956, 0.0027342301327735186, 0.02674519084393978, 0.018959129229187965, -0.026529286056756973, -0.01048487052321434, 0.0038491752929985523, 0.007064130622893572, -0.0028253148775547743, -0.0027578447479754686, 0.03173798695206642, -0.02165793627500534, -0.001666514202952385, -0.016908034682273865, -0.02694760076701641, -0.01102463249117136, -0.01724538579583168, 0.002978809643536806, 0.023493126034736633, -0.024680601432919502, 0.02331770397722721, 0.02186034806072712, -0.023466138169169426, 0.006608706898987293, 0.010761498473584652, 0.013473800383508205, -0.023304210975766182, -0.027028566226363182, 0.006281476467847824, 0.01871623657643795, 0.002882664557546377, -0.006989913526922464, 0.0022197698708623648, 0.031009307131171227, 0.00401785084977746, 0.022899389266967773, 0.01474898774176836, -0.012185120023787022, 0.016314296051859856, -0.011564393527805805, -0.01646273024380207, 0.01353452354669571, 0.010774992406368256, -0.00316266599111259, 0.0017525387229397893, 0.006038583815097809, -0.0333302840590477, -0.018351897597312927, 0.03281750902533531, 0.015032362192869186, 0.01774466410279274, -0.023897947743535042, 0.01626032032072544, -0.015315737575292587, 0.00013989525905344635, 0.03136015310883522, 0.007259794510900974, 0.007981725968420506, -0.01039041206240654, 0.030604487285017967, -0.029363034293055534, 0.026232417672872543, 0.004085320979356766, 0.01686755195260048, -0.011699333786964417, -0.004871348850429058, -0.006109427195042372, -0.018068522214889526, 0.0037311024498194456, -0.01456007082015276, -0.01823045127093792, -0.02725796401500702, 0.026907119899988174, 0.010903186164796352, 0.008838597685098648, 0.01635477878153324, -0.018486836925148964, 0.017231890931725502, 0.01599043980240822, -0.0169485155493021, -0.016988998278975487, -0.03659584000706673, 0.01970130018889904, -0.014897421933710575, -0.026003018021583557, 0.01456007082015276, 0.01666514202952385, -0.007961484603583813, -0.012623676098883152, -0.01578802801668644, 0.02235962636768818, -0.008467511273920536, 0.02930905856192112, 0.02430276945233345, 0.0007008467800915241, -0.007016901858150959, -0.016975505277514458, -0.029848819598555565, 0.01568007655441761, 0.023263728246092796, -0.033276308327913284, -0.002843869384378195, 0.010680533945560455, 0.026934107765555382, -0.007583651691675186, 0.006055451463907957, 0.02068636566400528, 0.0034882097970694304, 0.00945932324975729, -0.0013806091155856848, 0.016503212973475456, 0.014317178167402744, -0.014344166032969952, 0.00046933963312767446, -0.018972622230648994, -0.018567800521850586, 0.005309905391186476, -0.006949431728571653, 0.004432792775332928, 0.015842005610466003, 0.01074125710874796, -0.03530041500926018, -0.041696589440107346, 0.01470850594341755, 0.01078848633915186, -0.008555222302675247, 0.014128261245787144, -0.01773117110133171, 0.011948973871767521, -0.00931763555854559, -0.00833931751549244, -0.00822461862117052, 0.011834274977445602, -0.004429419059306383, -0.0062781027518212795, 0.0023142280988395214, 0.004331587348133326, -0.004952313378453255, 0.003613029606640339, 0.01812249794602394, -0.0020494076889008284, -0.016206344589591026, 0.01774466410279274, -0.002455915557220578, -0.0409679114818573, -0.033465225249528885, 0.00029244119650684297, 0.011395717971026897, -0.01426320243626833, -0.00798847246915102, 0.009567275643348694, -0.028175558894872665, -0.010241977870464325, -0.009290647692978382, -0.031710997223854065, 0.023574091494083405, -0.03794524446129799, 0.0028573633171617985, -0.008352811448276043, -0.02225167490541935, -0.0074487109668552876, -0.01941792666912079, -0.17261578142642975, 0.026704708114266396, 0.007495940197259188, -0.018756717443466187, 0.04285707697272301, 0.006574972067028284, 0.029282070696353912, -0.007003407459706068, -0.030253641307353973, -0.019134551286697388, 0.003559053409844637, 0.013257895596325397, -0.049334216862916946, -0.02638085186481476, -0.010262218303978443, 0.009924868121743202, 0.00688196113333106, 0.03489559143781662, 0.01685405895113945, 0.0035624271258711815, 0.027662785723805428, -0.031603045761585236, 0.011193308047950268, -0.011989455670118332, -0.02706904709339142, -0.00015760619135107845, -0.022899389266967773, -0.00896679051220417, 0.0038930310402065516, -0.005819305311888456, -0.025247352197766304, -0.018945634365081787, 0.008400040678679943, 0.0019448287785053253, 0.04185851663351059, -0.002069648588076234, -0.01980925351381302, 2.655321623024065e-06, 0.0004992795293219388, 0.02098323404788971, 0.01176005695015192, -0.0064400313422083855, 0.0014194045215845108, 0.003744596615433693, -0.020821306854486465, 0.018554307520389557, -0.03400498628616333, 0.019363949075341225, 0.013979827053844929, -0.024721084162592888, 0.002525072544813156, -0.02617844007909298, 0.014195731841027737, -0.00032765220385044813, -0.004753276240080595, -0.006622200831770897, -0.010707521811127663, -0.002563867950811982, -0.002525072544813156, -0.022481072694063187, -0.013163438066840172, 0.015815017744898796, -0.010916680097579956, 0.008447269909083843, -0.014317178167402744, 0.00661882758140564, -0.027986641973257065, -0.02253505028784275, -0.03608306869864464, 0.014452118426561356, 0.00715184211730957, -0.016233332455158234, 0.015922969207167625, -0.00028463994385674596, 0.01586899347603321, 0.006487260572612286, -0.015153808519244194, 0.026920612901449203, 0.004341708030551672, -0.01327813696116209, -0.046122632920742035, 0.031818948686122894, -0.030739426612854004, -0.01426320243626833, -0.008265100419521332, 0.04380165785551071, -0.004884843248873949, 0.002813507802784443, -0.025706149637699127, -0.0058125583454966545, 0.007792809046804905, -0.04312695562839508, -0.0033785707782953978, 0.005849666893482208, 0.006193764973431826, 0.008251606486737728, 0.01539670117199421, 0.00737449387088418, -0.0004067188419867307, 0.008663174696266651, 0.023655055090785027, 0.0038053197786211967, -0.017488278448581696, -0.0008606668561697006, 0.018176473677158356, 0.029255082830786705, -0.006011595483869314, 0.01053209975361824, 0.003977368585765362, 0.0025723017752170563, -0.021779382601380348, 0.006041957065463066, 0.008879079483449459, 0.027878690510988235, 0.005188459064811468, 0.025854583829641342, 0.010687281377613544, -0.011361983604729176, 0.008076184429228306, -0.011240536347031593, 0.07281384617090225, -0.009654986672103405, -0.0010297640692442656, 0.015086338855326176, 0.02009262889623642, -0.014087779447436333, -0.10940968990325928, -0.03859296068549156, -0.00275615812279284, 0.009816915728151798, 0.0017322975909337401, 0.014141756109893322, -0.007360999938100576, 0.026515791192650795, -0.015315737575292587, 0.0562431663274765, -0.023371679708361626, -0.01362898200750351, 0.019148046150803566, 0.009466070681810379, 0.043180935084819794, -0.014964892528951168, 0.0063320789486169815, -0.009742697700858116, 0.010005831718444824, 0.018689248710870743, -0.012151384726166725, -0.0053065321408212185, -0.00366363232024014, -0.015720559284090996, 0.026245910674333572, -0.003940260037779808, -0.012036684900522232, 0.032790523022413254, 0.012988015078008175, 0.008953296579420567, 0.02549024485051632, 0.021415043622255325, -0.008811608888208866, -0.02076733112335205, 0.01244150660932064, -0.011119090020656586, -0.02763579785823822, 0.0007919315830804408, 0.01617935672402382, -0.04242526739835739, -0.02627289853990078, -0.007131601218134165, 0.007495940197259188, -0.04579877853393555, 0.011267525143921375, -0.011017885059118271, -0.019822746515274048, 0.015828510746359825, 0.00852148700505495, -0.03419390320777893, 0.002693748101592064, 0.01615236885845661, -0.027487363666296005, -0.018082015216350555, 0.03260160610079765, -0.006446778308600187, 0.01724538579583168, 0.0011722948402166367, -0.03486860543489456, 0.01504585612565279, 0.0042135147377848625, -0.008899320848286152, -0.007583651691675186, 0.012684399262070656, 0.03206184133887291, -0.01420922577381134, -0.01074125710874796, 0.0006430754438042641, 0.00037129700649529696, -0.02597603015601635, -0.02009262889623642, 0.014047297649085522, -0.04177755489945412, 0.009621251374483109, -0.006709912326186895, 0.006831358652561903, -0.034166913479566574, 0.0009994024876505136, 0.01989021711051464, -0.0035388125106692314, 0.011544153094291687, -0.0003109954996034503, -0.0027848328463733196, -0.0021759141236543655, 0.03330329433083534, 0.0024997713044285774, -0.0013038617325946689, 0.0012498856522142887, 0.0011689213570207357, -0.022386616095900536, -0.015895981341600418, 0.028472427278757095, 0.006723406258970499, -0.029228094965219498, -0.026880132034420967, -0.008953296579420567, -0.002477843314409256, -0.012522471137344837, 0.0041764057241380215, 0.010640052147209644, -0.0018942260649055243, -0.01755574904382229, -0.07060083001852036, 0.027015071362257004, -0.021536489948630333, -0.013952839188277721, 0.011598128825426102, -0.001997118117287755, -0.007259794510900974, -0.010080048814415932, -0.016125379130244255, 0.041588637977838516, -0.011625116690993309, 0.006908949464559555, -0.010316194966435432, -0.019485395401716232, -0.021401550620794296, -0.009189442731440067, -0.0024339878000319004, -0.0047262879088521, -0.002558807609602809, -0.014762481674551964, 0.01136873010545969, -0.00546508701518178, 0.005829425994306803, 3.681870293803513e-05, -0.03449077159166336, 0.00512436218559742, -0.004129176959395409, 0.03195388987660408, 0.000577291997615248, -0.02577362023293972, 0.022130228579044342, -0.03996935114264488, 0.005286290775984526, 0.012859822250902653, -0.003798572812229395, -0.01832490786910057, -0.015005374327301979, 0.020699860528111458, 0.02578711323440075, 0.005562918726354837, -0.03861994668841362, 0.00039976098923943937, 0.028364475816488266, -0.003555679926648736, 0.01569357141852379, -0.007124854251742363, -0.009803421795368195, 0.024356745183467865, -0.005589906591922045, 0.017677195370197296, 0.004537371452897787, 0.002105070510879159, 0.01273837499320507, -0.02117215096950531, -0.018662258982658386, -0.031603045761585236, 0.02352011390030384, 0.00018512138922233135, -0.0171374324709177, -0.003494956763461232, 0.0008125943131744862, 0.0335192009806633, 0.025152893736958504, 0.004712793976068497, 0.00366363232024014, 0.024370240047574043, -0.008231365121901035, -0.01814948581159115, 0.02831050008535385, -0.026056993752717972, 0.007178829982876778, -0.011800539679825306, 0.009729203768074512, 0.026920612901449203, 0.01814948581159115, -0.014681517146527767, 0.022386616095900536, -0.0015189230907708406, -0.015059350989758968, 0.014141756109893322, 0.0007923532393760979, -0.0017373579321429133, -0.01024872437119484, 0.014856940135359764, 0.02754133939743042, 0.01921551488339901, -0.038970790803432465, 0.011658851988613605, -0.01504585612565279, 0.016597671434283257, 0.007873773574829102, 0.0005675931461155415, -0.010107037611305714, 0.010801980271935463, 0.018743224442005157, 0.01910756342113018, -0.020456967875361443, 0.011982709169387817, -0.015558630228042603, 0.015842005610466003, -0.009560528211295605, -0.0004659661208279431, -0.015761040151119232, -0.017623217776417732, -0.0008328353869728744, 0.004618335980921984, -0.022116733714938164, -0.05095349997282028, 0.0047735171392560005, -0.003532065311446786, 0.020726848393678665, 0.01979575864970684, -0.01655718870460987, 0.016003932803869247, 0.008507993072271347, 0.016705622896552086, 0.0010112097952514887, -0.015261760912835598, -0.005799064412713051, 0.018959129229187965, 0.011692587286233902, 0.029282070696353912, -0.01097740326076746, -0.015032362192869186, 0.03136015310883522, 0.02264300175011158, 0.004237128887325525, -0.021698419004678726, 0.01087619736790657, -0.007205818314105272, 0.02311529405415058, 0.015855498611927032, -0.012974521145224571, -0.007340758573263884, -0.013642475940287113, 0.008143654093146324, -0.01655718870460987, 0.035138484090566635, -0.010059808380901814, 0.03154907003045082, 0.009310889057815075, -3.397230466362089e-05, -0.0006207259139046073, 0.0010862703202292323, 0.0013451873091980815, -0.006487260572612286, 0.011152825318276882, -0.003152545541524887, -0.02322324551641941, 0.011017885059118271, -0.0039739953354001045, -0.023857465013861656, -0.014357659965753555, -0.02458614483475685, -0.006527742836624384, 0.018689248710870743, -0.005910390056669712, -0.006767261773347855, 0.00016962432709988207, 0.01744779571890831, 0.029363034293055534, 0.019566360861063004, 0.00887233205139637, -0.003182907123118639, -0.030118701979517937, 0.02597603015601635, -0.002282179892063141, 0.02037600241601467, -0.012171626091003418, 0.0021033836528658867, 0.014317178167402744, -0.028985202312469482, -0.00661882758140564, 0.017960568889975548, 0.001970130018889904, -0.017083456739783287, -0.016584176570177078, 0.013170184567570686, 0.009142213501036167, -0.017272373661398888, 0.013203919865190983, 1.3625819519802462e-05, -0.015464171767234802, 0.007205818314105272, 0.009277153760194778, 0.006547983735799789, -0.005029904190450907, -0.009432335384190083]"
U13740,N55189 N42782 N34694 N45794 N18445 N63302 N10414 N19347 N31801,"[-0.020887337625026703, -0.02518727257847786, 0.01412446703761816, 0.0023472739849239588, -0.02072404883801937, -0.005823961459100246, 0.01062056515365839, -0.009729281067848206, -0.04158417135477066, -0.025228094309568405, 0.024629369378089905, 0.027854319661855698, -0.001918641384691, 0.010389239527285099, -0.002651739399880171, 0.019118377938866615, 0.028221718966960907, 0.01751270517706871, 0.0016175779746845365, -0.055490922182798386, -0.018356364220380783, -0.007708584424108267, -0.016124753281474113, 0.001626933109946549, -0.012947428040206432, -0.013573368079960346, 0.025976499542593956, -0.008593064732849598, 0.008198450319468975, -0.008375345729291439, 0.0016243817517533898, 0.00834132730960846, -0.014627940021455288, -0.02808564528822899, -0.023377489298582077, -0.018587689846754074, 0.00482381833717227, -0.0005923465359956026, 0.02661604806780815, -0.00048051081830635667, 0.023023696616292, -0.007021411322057247, -0.0029715129639953375, -0.007450043689459562, -0.027296416461467743, 0.01632886379957199, -0.00942311529070139, -0.026248646900057793, -0.011328148655593395, 0.037746887654066086, 0.03276658430695534, 0.002389797242358327, -0.014600724913179874, -0.0008980874554254115, 0.0289020873606205, -0.01884623058140278, 0.006572367623448372, -0.0009261527447961271, -0.008497812785208225, 0.0009176480816677213, 0.009028500877320766, 0.0025326746981590986, -0.01025316584855318, 0.01214459165930748, -0.025228094309568405, -0.010783853940665722, 0.0019305478781461716, -0.017267772927880287, -0.01759435050189495, 0.010858694091439247, 0.034181755036115646, 0.012688887305557728, -0.016151966527104378, -0.0018250906141474843, 0.022669905796647072, -0.03812789544463158, -0.01884623058140278, -0.0015725035918876529, -0.005919212941080332, -0.0033933420199900866, 0.02243858017027378, -0.017934534698724747, -0.011749978177249432, 0.027745461091399193, 0.019703494384884834, -0.0011727865785360336, -0.012913409620523453, 0.03986964002251625, -0.03167799487709999, -0.0022009946405887604, -0.004344157874584198, 0.014369399286806583, -0.011137645691633224, 0.021880676969885826, -0.006089305505156517, 0.014627940021455288, -0.010341613553464413, 0.013702637515962124, 0.019254451617598534, -0.038182325661182404, 0.005215030629187822, 0.010797460563480854, -0.011348560452461243, -0.02050633169710636, 0.026493581011891365, -0.01385912299156189, 0.003275978146120906, -0.01804339326918125, 0.018016180023550987, 0.006660815328359604, -0.001746848225593567, 0.005667476449161768, 0.012654868885874748, -0.008491008542478085, -0.011294130235910416, -0.02213921770453453, 0.01952659897506237, -0.03203178569674492, -0.015294701792299747, -0.026929017156362534, -0.0022707325406372547, 0.00034018466249108315, 0.009538778103888035, -0.013702637515962124, 0.01871015504002571, 0.0077494061551988125, -0.03420896828174591, -0.0010766844497993588, 0.018832622095942497, 0.010130698792636395, 0.028276149183511734, 0.01322637964040041, 0.012974642217159271, -0.018655726686120033, -0.02370406687259674, 0.006847917102277279, -0.040658868849277496, -0.013239986263215542, -0.006412480492144823, -0.025350559502840042, 0.016410507261753082, 0.020247790962457657, 0.001520625432021916, -0.013042679987847805, 0.012995054014027119, 0.0066063860431313515, 0.008409364148974419, 0.011103627271950245, 0.01225345116108656, -0.00575932627543807, 0.008293702267110348, 0.021295558661222458, 0.02750052697956562, -0.0016354377148672938, 0.032222289592027664, 0.010042251087725163, -0.010205539874732494, 0.02175820991396904, -7.999654917512089e-05, -0.016111144796013832, 0.000400567427277565, 0.00894005224108696, -0.00942311529070139, 0.003721620189025998, -0.015838997438549995, 0.012804550118744373, -0.003616162808611989, 0.007000999990850687, 0.004340756218880415, -0.020016465336084366, 0.0010052456054836512, -0.0009593206923455, -0.04201960936188698, 0.03205900266766548, 0.01088590919971466, 0.0009967410005629063, 0.018369970843195915, -0.0010494696907699108, -0.043924640864133835, -0.0171453058719635, -0.005949829705059528, 0.007885480299592018, 0.008327720686793327, 0.03695765882730484, -0.0016464936779811978, -0.011763585731387138, -0.007552099414169788, -0.03325645253062248, -0.003182427491992712, -0.004051599185913801, -0.0025990107096731663, 0.03913484141230583, 0.005021125543862581, -0.009429918602108955, -0.6501064896583557, -0.00797392800450325, 0.008844801224768162, 0.007545295637100935, -0.0007160886889323592, -0.011913266964256763, -0.002054715296253562, 1.2909741599287372e-05, -0.030290041118860245, 0.016546580940485, -0.006528143305331469, 0.029990678653120995, 0.013110716827213764, 0.012756924144923687, -0.0005158049752935767, -0.013464508578181267, 0.011226093396544456, -0.019649066030979156, 0.007368399761617184, 0.001751950941979885, -0.00957959983497858, 0.025214485824108124, 0.003861095756292343, 0.0025598895736038685, 0.033419739454984665, 0.008388953283429146, 0.0033185011707246304, -0.012015322223305702, -0.009708870202302933, -0.013321630656719208, -0.010743031278252602, 0.0481429323554039, 0.0010341613087803125, -0.017771245911717415, 0.05342259630560875, 0.0019118377240374684, -0.01683233678340912, 0.03516148403286934, 0.015430775471031666, 0.026439150795340538, -0.001591213745996356, -0.010402847081422806, 0.0021210513077676296, 0.0007560604135505855, -0.013927159830927849, 0.006344443652778864, 0.0006225379183888435, 0.007586117833852768, 0.0025547866243869066, 0.004299934022128582, 0.015063376165926456, 0.013389667496085167, -0.020315827801823616, 0.004725164733827114, -0.004701351746916771, -0.010647779330611229, 0.02115948498249054, -0.039162058383226395, 0.02944638393819332, 0.007048625964671373, -0.018614904955029488, 0.021213915199041367, 0.003823675448074937, 0.004905462730675936, 0.014818443916738033, 0.02400342933833599, -0.025350559502840042, 0.008137216791510582, 0.018057001754641533, 0.006688030436635017, -0.00018072310194838792, 0.012770531699061394, -0.00709625193849206, 0.0017808666452765465, 0.030290041118860245, -0.007218718528747559, 0.02145884744822979, 0.002330264775082469, -0.012233040295541286, 0.012301077134907246, -0.02145884744822979, -0.0022503214422613382, -0.006790085695683956, 0.031188128516077995, 0.011770389042794704, 0.0082732904702425, -0.03918927162885666, 0.03121534362435341, 0.012498384341597557, -0.01502255443483591, 0.027541348710656166, 0.021295558661222458, -0.011110430583357811, -0.024942338466644287, 0.011525455862283707, 0.004895257297903299, -0.009654439985752106, 0.008123609237372875, 0.015308309346437454, -0.046754978597164154, 0.007878676988184452, -0.013110716827213764, 0.0018267915584146976, 0.02071044221520424, 0.005538206081837416, 0.006769674364477396, -0.022098394110798836, -0.01442382950335741, 0.03026282601058483, -0.007994338870048523, 0.0006778179085813463, 0.003275978146120906, -0.027078697457909584, -0.016410507261753082, -0.0481429323554039, -0.030589403584599495, 0.012770531699061394, 0.0035107056610286236, 0.0029715129639953375, -0.026738513261079788, 0.020070893689990044, 0.0004987957654520869, -0.011375774629414082, 0.001038413611240685, -0.012137788347899914, 0.015213057398796082, -0.00808278750628233, -0.018655726686120033, -0.009110145270824432, 0.004364569205790758, -0.0023251620586961508, -0.0004507446719799191, 0.023282237350940704, -0.010375631973147392, -0.007912695407867432, 0.007082644384354353, 0.018968695774674416, -0.017771245911717415, -0.0007420277688652277, -0.006735655944794416, -0.004959892015904188, 0.010396042838692665, 0.003670592326670885, 0.008708727546036243, 0.007463651243597269, -0.033120378851890564, 0.01438300684094429, 0.006630199030041695, -0.029310310259461403, -0.01683233678340912, 0.02405785769224167, 0.0006029772921465337, 0.009164574556052685, 0.005613046698272228, 0.016968410462141037, 0.005800148472189903, -0.0014585417229682207, -0.02518727257847786, -0.027010660618543625, -0.026643261313438416, -0.002362582366913557, 0.013314827345311642, -0.019322488456964493, -0.0035549295134842396, 0.01914559304714203, 0.004242102615535259, 0.00798073224723339, -0.011334952898323536, -0.014940910041332245, -0.0017978758551180363, 0.02370406687259674, -0.011362167075276375, 0.0021397615782916546, 0.014464651234447956, -0.006735655944794416, 0.002784411422908306, -0.004347559995949268, 0.005851176101714373, -0.006514536216855049, 0.009974214248359203, 0.004667333327233791, -0.00226222793571651, -0.009184985421597958, -0.025377774611115456, 0.020234182476997375, -0.012566421180963516, 0.002308152848854661, 0.015172235667705536, -0.018206682056188583, 0.000817293650470674, -0.013974785804748535, 0.03039889968931675, -0.008225664496421814, -0.014355792663991451, -0.012607242912054062, 0.016043107956647873, 0.007960320450365543, 0.010069465264678001, 0.011913266964256763, 0.014206111431121826, 0.023649636656045914, 0.0038849087432026863, 0.01185203343629837, 0.006177753210067749, -0.003226651344448328, -0.027895141392946243, 0.005949829705059528, -0.01804339326918125, 0.042890481650829315, 0.007994338870048523, 0.020315827801823616, -0.00931425578892231, -0.022084787487983704, -0.006317229010164738, 0.01713169924914837, 0.017553528770804405, -0.0021465651225298643, 0.010940338484942913, 0.0015691017033532262, 0.0019356507109478116, -0.012702494859695435, 0.0109131233766675, 0.0018676137551665306, 0.02563631534576416, -0.0016473442083224654, 0.0027980187442153692, -0.0005897951195947826, -0.005779737140983343, -0.000555776699911803, -0.017158914357423782, 0.023132557049393654, 0.02876601368188858, 0.010232754051685333, 0.006327434442937374, -0.014695976860821247, -0.057858604937791824, -0.013171949423849583, 0.005568822845816612, 0.042155683040618896, -0.028221718966960907, -0.00419107498601079, 0.008484205231070518, 0.03546084836125374, -0.01412446703761816, 0.01062056515365839, 0.01188605185598135, 0.016791515052318573, 0.006698235869407654, -0.01371624507009983, -0.014627940021455288, 0.0011642819736152887, 0.03257608413696289, -0.018941480666399002, -0.0005944726872257888, 0.00677988026291132, -0.02345913276076317, -0.010783853940665722, -0.004854435101151466, 0.016573796048760414, 0.01677790656685829, 0.012981446459889412, 0.013933963142335415, -0.005953231360763311, -0.0029800175689160824, 0.0063342382200062275, -0.0008725736406631768, 0.002923886990174651, -0.0035175092052668333, -0.014900087378919125, -0.008742745965719223, -0.006082501728087664, -0.027473311871290207, 0.008878819644451141, -0.00931425578892231, 0.01819307543337345, 0.006000857334583998, -0.01151865255087614, 0.0036603868938982487, 0.01596146449446678, 0.005500786006450653, -0.01705005392432213, -0.029854604974389076, 0.03799182176589966, 0.01181801501661539, -0.029636887833476067, -0.006429489701986313, 0.02488790825009346, -0.0007092850282788277, -0.01381830032914877, 0.025228094309568405, -0.002585403388366103, 0.010185128077864647, -0.0010120493825525045, 0.012682083994150162, 0.008695119991898537, -0.012178611010313034, 0.02092815935611725, -0.010498098097741604, 0.0036365739069879055, 0.0019084359519183636, 0.013294416479766369, -0.01240993570536375, -0.0033593233674764633, -0.010362024419009686, 0.009375489316880703, -0.0074296328239142895, -0.002539478475227952, -0.03785574808716774, 0.004089019726961851, -0.018165860325098038, 0.00737520307302475, -0.0058307647705078125, -0.03317480906844139, 0.002126154024153948, -0.014260540716350079, 0.012471169233322144, -0.008579457178711891, -0.005647065117955208, -0.0035821443889290094, 0.003935936372727156, -0.009865354746580124, -0.004255710169672966, -0.03600514307618141, 0.0013037576572969556, 0.15893426537513733, 0.03328366577625275, 0.0017587546026334167, 0.016151966527104378, -0.004813612904399633, 0.014478258788585663, -0.011151253245770931, -0.03586906939744949, 0.014437437057495117, -0.00023047509603202343, 0.008280094712972641, -0.0008436579373665154, 0.02586764097213745, 0.0017808666452765465, 0.016056716442108154, 0.0013394770212471485, 0.011049197055399418, -0.023608814924955368, 0.024792658165097237, -0.005653868895024061, -0.03205900266766548, -0.00772899528965354, -0.01438300684094429, 0.020737657323479652, -0.005483776796609163, -0.012369113974273205, 0.020628796890378, 0.02115948498249054, 0.017934534698724747, -0.00033890895429067314, -0.0065247416496276855, 0.014274148270487785, 0.009763299487531185, 0.018233897164463997, 0.0027401873376220465, 0.005150395445525646, 0.005303478799760342, 0.01215139590203762, 0.02250661700963974, -0.012614047154784203, 0.026507187634706497, 0.0033048938494175673, 0.004003973212093115, -0.02265629731118679, 0.022248076274991035, -0.020302219316363335, 0.003041250864043832, 0.017607957124710083, 6.454870799643686e-06, -0.02219364605844021, 0.03712094947695732, -0.001174487522803247, -0.008232468739151955, -0.008579457178711891, 0.005868185311555862, -0.0020496125798672438, -0.0009788813767954707, -0.0038951141759753227, 0.006528143305331469, 0.03423618525266647, -0.0028660555835813284, -0.021921498700976372, 0.0015376346418634057, 0.0007671163766644895, 0.013736655935645103, -0.02175820991396904, -0.04172024503350258, -0.012457561679184437, -0.0018080814043059945, -0.013600582256913185, 0.01788010448217392, -0.018438007682561874, -0.010994767770171165, 0.008735941722989082, 0.021145878359675407, -0.015008946880698204, 0.0047353701665997505, -0.022778764367103577, 0.01879180036485195, -0.007899087853729725, 0.01773042418062687, -0.018465222790837288, -0.004310139454901218, -0.020751263946294785, 0.005453160032629967, 0.006943168584257364, 0.013947570696473122, 0.00920539628714323, -0.013090305030345917, -0.001000142889097333, -0.00512658292427659, 0.011484634131193161, 0.0006761170225217938, -0.015145020559430122, 0.02577238902449608, -0.0005153797683306038, 0.01351893786340952, 0.009491152130067348, 0.012573224492371082, 0.01668265461921692, 0.0006637853221036494, -0.03507984057068825, 0.0011149551719427109, 0.0034324631560593843, -0.0050483401864767075, 0.0054735708981752396, 0.020996196195483208, -0.003782853251323104, -0.003313398454338312, -0.028003999963402748, -0.00581035390496254, -0.011015178635716438, 0.009838140569627285, -0.005735513288527727, 0.0008028357988223433, 0.014233325608074665, 0.015172235667705536, 0.032603297382593155, -0.003253866219893098, 0.0036535831168293953, -0.0021142475306987762, -0.03742031008005142, 0.022846801206469536, 0.014519080519676208, -0.020465508103370667, -0.0060178665444254875, -0.01057974249124527, -0.05200742930173874, -0.005626654252409935, -0.014233325608074665, 0.01736302487552166, -0.008899230509996414, 0.025649921968579292, -0.027759067714214325, -0.025377774611115456, -0.018125038594007492, 0.0050041163340210915, 0.002291143639013171, -0.009178182110190392, 0.019172806292772293, -0.02428918331861496, -0.03532477468252182, 0.012790942564606667, -0.00801475066691637, 0.015634886920452118, -0.028303362429142, -0.017621565610170364, 0.007831051014363766, -0.0014321773778647184, 0.0009201994980685413, -0.03018118254840374, -0.019649066030979156, -0.011511848308146, 0.016968410462141037, 0.004762585274875164, -0.021554099395871162, -0.0026721504982560873, -0.003871301421895623, 0.02092815935611725, 0.007837854325771332, 0.056661155074834824, -0.004674137104302645, 0.009382292628288269, -0.001792773138731718, 0.019798746332526207, 0.00384748843498528, -0.019771531224250793, -0.02198953554034233, -0.01936331018805504, 0.00323175429366529, -0.00861347559839487, 0.0166962631046772, 0.008491008542478085, 0.00017179324640892446, -0.011015178635716438, 0.023078126832842827, -0.018369970843195915, -0.0045006428845226765, -0.020016465336084366, -0.0324944369494915, -0.023445526137948036, -0.009940195828676224, -0.03823675587773323, 0.002534375758841634, -0.00934827420860529, 0.0032929873559623957, -0.0011234597768634558, 0.006861524656414986, -0.010504902340471745, 6.234947068151087e-05, 0.024357222020626068, -0.020914552733302116, 0.01281815767288208, -0.0002128280175384134, -0.005327291786670685, -0.007926302030682564, -0.030970411375164986, 0.007946713827550411, -0.0006085052737034857, 0.0021686770487576723, -0.0052422452718019485, 0.0013012062991037965, -0.010042251087725163, -0.009463937021791935, -0.010498098097741604, 0.030725477263331413, -0.04188353568315506, -0.02510562725365162, 0.025146448984742165, -0.018968695774674416, -0.0009006388718262315, -0.030807122588157654, -0.034018464386463165, -0.03026282601058483, -0.006228780839592218, 0.010049054399132729, 0.003905319841578603, 0.009259826503694057, 0.0009406105382367969, -0.03390960767865181, -0.008062376640737057, -0.026847371831536293, 0.026330292224884033, 0.020764870569109917, 0.040794942528009415, 0.011076412163674831, -0.03464440628886223, -0.021349988877773285, 0.020601581782102585, 0.029419168829917908, 0.014859265647828579, 0.009436721913516521, 0.02369045838713646, -0.0029494010377675295, 0.00924621894955635, -0.005507589317858219, -0.006875131744891405, -0.023717673495411873, -0.030208397656679153, 0.015811782330274582, 0.010300790891051292, 0.003126296913251281, -0.0008695970172993839, -0.0008508868631906807, -0.00575932627543807, 0.014042822644114494, -0.017390239983797073, -0.011239700950682163, -0.013920355588197708, -0.01248477678745985, -0.01232829224318266, 0.005099367816001177, 0.015172235667705536, 0.015199449844658375, 0.014954517595469952, -0.013505330309271812, -0.0011600296711549163, -0.01752631366252899, 0.004133243579417467, 0.016056716442108154, -0.010341613553464413, 0.0289020873606205, -0.02763660065829754, 0.01318555697798729, -0.010491294786334038, 0.017077269032597542, -0.005837568547576666, -0.010225950740277767, -0.0077494061551988125, 0.021254736930131912, 0.0060995109379291534, 0.0044598206877708435, -0.0023523769341409206, -0.01311752013862133, 0.00968845933675766, 0.013165146112442017, 0.002294545527547598, -0.01035522110760212, -0.011709155514836311, 0.011457419022917747, 0.01564849354326725, 0.018873443827033043, -0.0006289163720794022, -0.001768960151821375, -0.016669047996401787, -0.007994338870048523, -0.015213057398796082, -0.017240557819604874, 0.007878676988184452, -0.017852891236543655, -0.013403275050222874, -0.036631084978580475, -0.00024939788272604346, -0.01981235481798649, -0.009103341028094292, 0.007545295637100935, 0.021445240825414658, 0.007266344036906958, -0.009266629815101624, 0.004286326467990875, -0.022112002596259117, 0.014900087378919125, -0.03287544474005699, -0.023527171462774277, -0.009742888621985912, -0.0016805122140794992, 0.013933963142335415, 9.578323806636035e-05, -0.013845515437424183, -0.008620278909802437, 0.009470740333199501, 0.013627797365188599, 0.004663931671530008, -0.010375631973147392, -0.006956776138395071, -0.006170949432998896, 0.019703494384884834, -0.0289020873606205, -0.00045414650230668485, 0.015675708651542664, -0.0184924378991127, -0.017689602449536324, 0.0009304050472564995, 0.008837996982038021, -0.0009014893439598382, 0.024357222020626068, 0.013961178250610828, -0.0019135386683046818, -0.04498601704835892, -0.004725164733827114, 0.0034970983397215605, 0.006344443652778864, -0.0031603153329342604, -0.03562413528561592, -0.01854686811566353, -0.0017238857690244913, -0.022860407829284668, 0.024833479896187782, -0.010940338484942913, -0.002331965835765004, 0.026997053995728493, 0.03039889968931675, 0.010504902340471745, 0.010348416864871979, 0.009940195828676224, -0.021050626412034035, -0.012865783646702766, -0.004259111825376749, -0.010157913900911808, -0.01326039806008339, -0.011511848308146, 0.03287544474005699, 0.005592635832726955, -0.007919498719274998, -0.00014978754916228354, 0.007279951591044664, -0.01751270517706871, -0.0036671904381364584, -0.008130413480103016, 0.019581029191613197, 0.041175950318574905, -0.02325502224266529, 0.004296532366424799, 0.011511848308146, 0.014655155129730701, 0.031106485053896904, -0.0054701692424714565, -0.02748692035675049, 0.02295565977692604, -0.01639690063893795, 0.008463794365525246, 0.00897407066076994, -0.015253880061209202, -0.013308024033904076, -0.00867470819503069, 0.002068322617560625, 0.006157342344522476, 0.0055994391441345215, 0.009559188969433308, -0.029854604974389076, 0.0003276403294876218, -0.004221691749989986, 0.00322154862806201, 0.009627225808799267, 0.03437225893139839, -0.02518727257847786, 0.007654154673218727, -0.0023336666636168957, -0.007089448161423206, -0.002195891924202442, 0.0068785338662564754, -0.010695405304431915, -0.0024391240440309048, -0.004847631324082613, 0.006912552285939455, -0.010144306346774101, -0.010981160216033459, -0.010423257946968079, 0.013410079292953014, 0.006827505771070719, 0.0015248777344822884, 0.02720116451382637, 0.013852318748831749, -0.018084216862916946, 0.0030803720001131296, -0.013838711194694042, -0.024384435266256332, 8.919216634240001e-05, -0.009463937021791935, -0.013593778945505619, 0.004221691749989986, -0.007273147813975811, 0.030725477263331413, 0.0024595351424068213, -0.013614189811050892, -0.021799031645059586, -0.004939481150358915, -0.042455043643713, 0.032902657985687256, 0.013308024033904076, -0.018057001754641533, 0.0009899373399093747, -0.007606528699398041, -0.014546295627951622, -0.002417011884972453, -0.028929302468895912, 0.00995380338281393, -0.026411935687065125, -0.015770960599184036, 0.019553814083337784, -0.00920539628714323, -0.04710876941680908, -0.006657413672655821, 0.012736513279378414, -0.008701923303306103, 0.020996196195483208, 0.238401398062706, -0.020002856850624084, 0.005027929320931435, 0.010831478983163834, -0.0339912511408329, 0.017621565610170364, 0.018914267420768738, 0.016369685530662537, -0.016151966527104378, 4.621727566700429e-05, -0.0007700930000282824, -0.011008375324308872, 0.002417011884972453, 0.00968845933675766, 0.0025020581670105457, -0.017104484140872955, -0.03412732481956482, -0.033637456595897675, -0.017267772927880287, -0.03301151841878891, 0.00021410371118690819, -0.01809782348573208, 0.01442382950335741, -0.010389239527285099, 0.028140073642134666, 0.01779846101999283, 0.0003280655655544251, -0.008953659795224667, 0.016220003366470337, 0.008776764385402203, -0.016151966527104378, -0.02898373268544674, -0.008157627657055855, 0.010137503035366535, 0.008885622955858707, -0.0015605970984324813, -0.011681941337883472, 0.008212057873606682, 0.003444369649514556, 0.012471169233322144, -0.006987392902374268, -0.0034426685888320208, 0.0017153811641037464, -0.011328148655593395, 0.0024153110571205616, 0.0067560672760009766, 0.0018131842371076345, -0.009062519297003746, 0.0052388436160981655, -0.0133828641846776, -0.024166718125343323, -0.022220861166715622, 0.050047967582941055, 0.0178937129676342, 0.00018157355953007936, -0.0012042536400258541, 0.028493866324424744, 0.009797317907214165, -0.018465222790837288, 0.017158914357423782, 0.005616448819637299, 0.01586621254682541, -0.01578456722199917, 0.026398329064249992, -0.018424401059746742, 0.02288762293756008, 0.002013893099501729, -0.027745461091399193, 0.008150824345648289, -0.019036732614040375, -0.005211628973484039, -0.0040379916317760944, -0.007123466581106186, -0.015852604061365128, -0.01706366240978241, -0.030589403584599495, 0.01608392968773842, -0.005031330976635218, 0.017186129465699196, 0.017716817557811737, -0.01385912299156189, -0.0006773927016183734, 0.0010086474940180779, -0.012205825187265873, -0.014927302487194538, -0.041175950318574905, 0.03039889968931675, -0.0016881662886589766, 0.003474986180663109, -0.0027265800163149834, -0.0035957517102360725, -0.015444383025169373, -0.010151109658181667, -0.004020982421934605, 0.0028184298425912857, 0.015240272507071495, 0.004276121035218239, 0.022969268262386322, -0.01677790656685829, 0.006368256639689207, -0.022397756576538086, 1.0723789273470175e-05, 0.027255594730377197, -0.01930887997150421, -0.026275862008333206, -0.00706223351880908, 0.023418311029672623, 0.018614904955029488, 0.03407289460301399, -0.02369045838713646, -0.02042468637228012, -0.011348560452461243, -0.0006778179085813463, -0.013620993122458458, 0.026180610060691833, 0.022043965756893158, 0.01378428190946579, -0.013314827345311642, -0.005269460380077362, -0.012137788347899914, 0.008552242070436478, -0.028330577537417412, 0.0001239547855220735, 0.004881649743765593, -0.007933106273412704, -0.00670844130218029, -0.04354363679885864, 0.014886480756103992, -0.011722763068974018, -0.02012532390654087, -0.005184414330869913, -0.0012884493917226791, -0.022302506491541862, -0.009470740333199501, -0.0014406819827854633, 0.0073888106271624565, 0.012294272892177105, -0.018750978633761406, -0.013171949423849583, 0.005146993789821863, -0.0020938364323228598, -0.0019373515387997031, -0.008171235211193562, -0.014029215089976788, 0.01839718595147133, -0.031868498772382736, 0.018955089151859283, -0.024697406217455864, -0.005602841265499592, -0.02824893407523632, -0.028575511649250984, 0.01502255443483591, 0.0033372114412486553, -0.0021924900356680155, 0.002928989939391613, -0.025990108028054237, -0.018247505649924278, -0.041774675250053406, -0.024411650374531746, 0.004197878763079643, -0.04321705922484398, 0.014206111431121826, 0.03703930601477623, -0.01608392968773842, -0.011824818328022957, -0.03077990747988224, -0.1750454157590866, 0.025881247594952583, 0.0018523054895922542, -0.014573510736227036, 0.02928309515118599, -0.006507732439786196, 0.029500812292099, -0.0011532260105013847, -0.022819586098194122, 0.010396042838692665, 0.0065247416496276855, 0.0006391219212673604, -0.012566421180963516, -0.000995040056295693, -0.00987896230071783, 0.012586832046508789, -0.02005728706717491, 0.02309173345565796, 0.005252451170235872, -0.007599724922329187, 0.03077990747988224, -0.01647854410111904, 0.020547153428196907, -0.014913694933056831, -0.007000999990850687, 0.02370406687259674, 0.017390239983797073, 0.004163860343396664, 0.018506044521927834, -0.008354934863746166, -0.02898373268544674, -0.015594064258038998, 0.004912266507744789, 0.011056001298129559, 0.017199736088514328, -0.0010222549317404628, 0.010368828661739826, -0.01005585864186287, -0.0064805177971720695, 0.02375849522650242, 0.02741888351738453, 0.01981235481798649, -0.01058654673397541, -0.00045542221050709486, 0.003141605295240879, 0.026207825168967247, -0.021867070347070694, 0.015512419864535332, -0.002855850150808692, 0.0024102083407342434, 0.0013692432548850775, -0.025962892919778824, 0.0224249716848135, 0.013920355588197708, -0.006255995947867632, 0.008225664496421814, -0.022710727527737617, 0.009885765612125397, 0.00417066365480423, 0.017635172232985497, -0.010273576714098454, 0.00644649937748909, -0.007477258797734976, 0.0046503241173923016, -0.010933535173535347, -0.023812925443053246, -0.006000857334583998, -0.031487490981817245, -0.0009958905866369605, 0.00677988026291132, 0.01240993570536375, 0.001896529458463192, 0.012103769928216934, -0.010001428425312042, 0.01929527334868908, 0.0008759754709899426, -0.023445526137948036, 0.013124323450028896, 0.011110430583357811, -0.005538206081837416, -0.022030357271432877, 0.022615475580096245, -0.009008090011775494, -0.017036447301506996, -0.01661461777985096, 0.012702494859695435, -0.0026959634851664305, 0.008872015401721, -0.004830622114241123, -0.015403561294078827, 0.015621279366314411, -0.024561332538723946, -0.007089448161423206, -0.0015452888328582048, -0.0008270739344879985, 0.01869654841721058, 0.01624721847474575, 0.025173664093017578, 0.011307737790048122, -0.030453329905867577, -0.0018250906141474843, -0.007851461879909039, 0.0003852591325994581, 0.027459705248475075, 0.009518366307020187, -0.0009133957792073488, -0.009055715054273605, 0.029337523505091667, 0.016043107956647873, 0.020451901480555534, -0.023159770295023918, 0.009974214248359203, 0.02682015858590603, 0.03167799487709999, 0.0010426659137010574, 0.014859265647828579, -0.00386449764482677, -0.016151966527104378, -7.133246981538832e-05, -0.0014755509328097105, 0.05110934376716614, 0.001869314699433744, 0.004959892015904188, 0.0012246647384017706, 0.007592921610921621, 0.0030939793214201927, -0.10760720819234848, -0.03377353399991989, -0.0046469224616885185, 0.013600582256913185, 0.0002050675539067015, 0.01826111227273941, 0.011505044996738434, 0.027691030874848366, -0.035351987928152084, 0.034181755036115646, 0.004388382192701101, -0.019921213388442993, -0.0019016321748495102, 0.02072404883801937, 0.043271489441394806, -0.031868498772382736, 0.009001285769045353, -0.00048688927199691534, -0.03437225893139839, 0.014940910041332245, -0.00011810786236310378, -0.008171235211193562, -0.0057457187213003635, -0.012879391200840473, -0.014437437057495117, -0.027976786717772484, -0.008769960142672062, 0.028820443898439407, -0.010362024419009686, -0.0017179325222969055, 0.000893835152965039, 0.002983419457450509, 0.009198592975735664, -0.018601296469569206, 0.012654868885874748, 0.0032606699969619513, -0.00934827420860529, 0.017852891236543655, 0.029691316187381744, -0.03412732481956482, -0.000995040056295693, 0.012614047154784203, 0.004504045005887747, -0.02928309515118599, 0.010266772471368313, 0.011124038137495518, -0.03641336411237717, 0.02846665121614933, 0.009552384726703167, -0.009491152130067348, 0.010062661953270435, 0.004425802268087864, -0.012403132393956184, 0.005919212941080332, 0.023513562977313995, -1.2484510989452247e-05, 0.022180039435625076, 0.007300362456589937, 2.854361810022965e-05, 0.0015163731295615435, -0.006255995947867632, 0.0013794488040730357, -0.02786792628467083, -0.0026092163752764463, 0.013219575397670269, 0.014995339326560497, 0.0011234597768634558, -6.915316043887287e-05, -0.0027129726950079203, -0.02273794263601303, -0.0339912511408329, -0.007715387735515833, -0.015131413005292416, 0.04294491186738014, 0.009919784031808376, -0.0013573367614299059, -0.001787670305930078, -0.016641832888126373, 0.012797746807336807, -0.0019169405568391085, -0.005956633482128382, -0.005643663462251425, 0.028357792645692825, -0.010477687232196331, 0.042373400181531906, -0.00047753419494256377, 0.010593350045382977, 0.014505473896861076, 0.0012000013375654817, -0.019717102870345116, 0.002828635275363922, 0.01945856213569641, 0.00804196484386921, -0.011899659410119057, 0.010219146497547626, 0.00964763667434454, -0.014001999981701374, -0.018424401059746742, 0.01504976861178875, 0.0159478560090065, -0.010872301645576954, 0.0004326723574195057, -0.07897727191448212, 0.026656869798898697, -0.0055552152916789055, -0.011634315364062786, 0.013661815784871578, 0.002684056991711259, -0.016641832888126373, 0.0014262241311371326, -0.02661604806780815, 0.007572510279715061, -0.005313684232532978, 0.035134270787239075, -0.009021696634590626, -0.0008083637803792953, -0.017022840678691864, -0.0021754808258265257, 0.024534117430448532, -0.028003999963402748, 0.01445104368031025, 0.01319236122071743, 0.017607957124710083, 0.013049483299255371, 0.015158628113567829, -0.003444369649514556, 0.013552956283092499, -0.001864211866632104, -0.000333806179696694, 0.029555242508649826, -0.007014607544988394, -0.021418025717139244, 0.02525530941784382, -0.02079208567738533, 0.012233040295541286, 0.008504616096615791, 0.003131399629637599, -0.006980589125305414, -0.015226664952933788, -0.0014704482164233923, 0.0028354390524327755, 0.039597492665052414, -0.02996346354484558, -0.023214200511574745, 0.023744888603687286, -0.0031535117886960506, -0.01990760676562786, 0.00013734954700339586, 0.0016524469247087836, 0.014478258788585663, 0.015362738631665707, -0.0012578327441588044, 0.003976758569478989, 0.025023983791470528, -0.00543955247849226, 0.0004477680486161262, 0.006511134095489979, 0.0008440831443294883, 0.013035875745117664, -0.01068860199302435, -0.015240272507071495, -0.039162058383226395, 0.02838500775396824, 0.014396614395081997, 0.009409507736563683, 0.009355077520012856, 0.016043107956647873, -0.012321488000452518, -0.007565706502646208, -0.015471598133444786, 0.010028643533587456, -0.026411935687065125, -0.027976786717772484, 0.002371086971834302, -0.0046911463141441345, 0.04446893930435181, -0.01809782348573208, 0.012389524839818478, -0.007035018410533667, 0.0015376346418634057, -0.026575224474072456, -0.005609645042568445, 0.005381721071898937, -0.0011532260105013847, -0.0312969870865345, 0.012457561679184437, 0.014764013700187206, 0.012546010315418243, -0.014818443916738033, 0.01181801501661539, 0.019472168758511543, 0.011423400603234768, 0.022397756576538086, -0.000893835152965039, -0.006677824538201094, 0.012212629429996014, 0.01449186634272337, 0.012430347502231598, -0.008144021034240723, 0.005687887314707041, -0.001261234632693231, 0.0017451472813263535, -0.0030021294951438904, 0.0012527300277724862, -0.016900373622775078, -0.015893427655100822, -0.023078126832842827, -0.003925730939954519, -0.011062804609537125, -0.02207118086516857, 0.006007661111652851, 0.004704753868281841, 0.020315827801823616, 0.03263051062822342, 0.006259397603571415, 0.026126181706786156, -0.0029255880508571863, -0.009355077520012856, 0.011566278524696827, -0.018587689846754074, -0.020315827801823616, 0.024466080591082573, 0.03165078163146973, 0.00860667135566473, 0.02622143365442753, -0.0068785338662564754, 0.02324141561985016, 0.013702637515962124, 0.011294130235910416, -0.009116948582231998, -0.010144306346774101, -0.025813210755586624, 0.011130841448903084, -0.018247505649924278, -0.02324141561985016, 0.0015486906049773097, 0.0037488348316401243, 0.013478116132318974, 0.0020206968765705824, 0.02763660065829754, -0.008491008542478085, 0.037447527050971985, 0.009212200529873371, -0.0036229665856808424, 0.011341756209731102, -0.0009023398160934448, 0.015539634972810745, 0.014695976860821247, -0.007409221958369017, 0.01915919966995716, -0.0020445098634809256, 0.008933248929679394, -0.010668191127479076, 0.013913552276790142, -0.030017893761396408, -0.0029715129639953375, -0.012035733088850975, 0.011926873587071896, 0.019540205597877502, 0.0008844800759106874, -0.014872873201966286, 0.009123752824962139, 0.0005158049752935767, 0.026139788329601288, 0.017199736088514328, 0.0003518784942571074, -0.0015937651041895151, 0.00920539628714323, -0.0018267915584146976, -0.017172520980238914, -0.029691316187381744, 0.001768960151821375, 0.007878676988184452, -0.005755924154073, -0.00867470819503069, 0.034834910184144974, -0.02264269068837166, -0.008232468739151955, 0.007674565538764, 0.00040673327748663723, -0.0031705209985375404, -0.0008304757648147643, -0.005497383885085583, -0.025990108028054237, -0.032603297382593155, 0.028439436107873917, -0.018465222790837288, -0.011396185494959354, -0.02258826047182083, -0.025350559502840042]"
U1376,N62931 N52545 N32808 N39556 N29529 N10732 N49640 N12907 N44399 N44955 N34694 N63920 N54834 N17907 N54834,"[-0.042902905493974686, -0.01893831230700016, 0.038056135177612305, -0.0010393953416496515, -0.012546471320092678, -0.0025179493241012096, 0.018348492681980133, -0.0017646481283009052, -0.021015500649809837, -0.015373755246400833, 0.021438630297780037, 0.012969602830708027, 0.01304012443870306, -0.01696370169520378, -0.019335798919200897, 0.0017566342139616609, 0.03415820002555847, 0.034824952483177185, 0.013937674462795258, -0.04397996515035629, 0.0013070576824247837, -0.0026477735955268145, -0.012078463099896908, 0.04223615303635597, -0.029388362541794777, -0.008469028398394585, 0.030567999929189682, -0.0236953292042017, -0.007257335819303989, -0.0206180140376091, 0.018245916813611984, 0.01409154012799263, -0.0007657226524315774, -0.029003698378801346, -0.02233618125319481, -0.0397486574947834, -0.003481213003396988, -0.01719450019299984, 0.009546088986098766, -0.007661233190447092, -5.2941446483600885e-05, -0.018951134756207466, -0.0036703397054225206, -0.017566341906785965, -0.028285657986998558, 0.023579929023981094, -0.01589946262538433, -0.017822785302996635, -0.017656097188591957, 0.019976906478405, 0.025900738313794136, -0.010155141353607178, -0.02754197269678116, -0.006007176358252764, -0.006542501039803028, -0.005587250925600529, -0.0018544030608609319, 0.013706875964999199, 0.0035837902687489986, 0.009943575598299503, 0.022028449922800064, 0.0005982333095744252, 0.006077697966247797, -0.002971532754600048, -0.0053083691745996475, -0.0013799836160615087, -0.005324396770447493, 0.0042729806154966354, 0.012475949712097645, -0.0037985611706972122, 0.023413240909576416, 0.0076484112069010735, -0.00036382843973115087, 0.013809452764689922, 0.037543248385190964, -0.03043977916240692, 0.011719442903995514, 0.020015371963381767, -0.0033401695545762777, -0.010738548822700977, 0.02146427519619465, -0.0066739278845489025, -0.020079484209418297, 0.009885875508189201, 0.02216949313879013, 0.009270412847399712, 0.0026910481974482536, 0.028234370052814484, -0.040671851485967636, 0.006661105901002884, 0.007520189508795738, 0.017720207571983337, 0.005029487423598766, 0.009276824072003365, 0.013565831817686558, 0.03728680685162544, -0.0011195337865501642, 0.03202972561120987, -0.008866515010595322, -0.013463255017995834, -0.015066023916006088, -0.0006731627508997917, -0.022182315587997437, -0.013232456520199776, 0.0028481194749474525, 0.0028112558647990227, 0.015066023916006088, 0.015066023916006088, 0.00521220313385129, -0.0070265368558466434, 0.012039996683597565, 0.010571860708296299, 0.0034844186156988144, -0.011809198185801506, 0.009187068790197372, -0.023477353155612946, 0.018592113628983498, -0.022182315587997437, -0.033209361135959625, -0.016976524144411087, 0.021900229156017303, -0.015181423164904118, -0.009815353900194168, -0.017694564536213875, 0.018335672095417976, -0.023541463539004326, -0.0286959670484066, 0.023644041270017624, -0.008007431402802467, 0.024259503930807114, 0.0405949205160141, 0.02695215493440628, 0.01583535224199295, -0.0004916492034681141, 0.005561606492847204, 0.015066023916006088, -0.03615845739841461, 0.016950879245996475, -0.006911137606948614, -0.03795355558395386, -0.000716838170774281, 0.029234496876597404, -0.00950121134519577, -0.01391203049570322, -0.012931136414408684, -0.0008999544661492109, 0.020284637808799744, -0.01321963407099247, -0.0018784446874633431, 0.019643530249595642, 0.007013714872300625, 0.01861775852739811, 0.02055390365421772, -0.01402742974460125, 0.011309133842587471, 0.042133577167987823, -0.012918313965201378, 0.017374010756611824, 0.00874470453709364, -0.023708151653409004, -0.006145014427602291, 0.015527620911598206, 0.007827920839190483, 0.015873819589614868, -0.010501339100301266, 0.021028323099017143, 0.005686622578650713, 0.0031318096444010735, -0.016886768862605095, 0.0019361443119123578, -0.005452618468552828, 0.022746490314602852, -0.017861252650618553, 0.023554285988211632, 0.02956787310540676, 0.016271306201815605, 0.0035132684279233217, -0.00914860237389803, -0.008757526986300945, -0.013437611050903797, -0.02272084541618824, 0.012116929516196251, 0.01719450019299984, 0.02695215493440628, -0.008257463574409485, 0.00894985906779766, 0.012187451124191284, -0.02100267820060253, 0.0014801566721871495, -0.021502742543816566, 0.005305163562297821, 0.03415820002555847, 0.013020890764892101, -0.0013286950998008251, -0.6404919028282166, -0.0016171933384612203, 0.0005204990739002824, 0.028131792321801186, 0.014117185026407242, 0.00597191508859396, 0.0011235406855121255, -0.023220909759402275, -0.02216949313879013, 0.025964848697185516, -0.008174119517207146, 0.008218996226787567, 0.0020916128996759653, 0.005696238949894905, -0.0003520080354064703, -0.0028048448730260134, -0.004615973215550184, 0.002514743711799383, 0.01891266740858555, -0.012738803401589394, -0.009475567378103733, 0.01868186891078949, 0.0006122575723566115, -0.005468646064400673, 0.02482367865741253, -0.007315035443753004, 0.020566724240779877, -0.0361328125, -0.00328086712397635, 0.022502869367599487, -0.028234370052814484, 0.0403897650539875, -0.005673800129443407, -0.013206812553107738, 0.04369787871837616, 0.010148730129003525, -0.026490557938814163, 0.024451835080981255, 0.009834587574005127, 0.017527876421809196, -0.04131295904517174, 0.008430561982095242, -0.01194383017718792, 0.00010888808174058795, 0.0030757125932723284, 0.006372607313096523, -0.004119114950299263, -0.0036254622973501682, -0.0024666606914252043, 0.02004101686179638, 0.016155906021595, 0.018925489857792854, -0.0033017031382769346, 0.019028067588806152, 0.005439796019345522, -0.0018528003711253405, 0.014758291654288769, -0.018784446641802788, -0.011366833932697773, 0.005782788619399071, 0.008981914259493351, 0.016655970364809036, -0.020117949694395065, -0.017271433025598526, -0.004180020187050104, 0.01961788535118103, -0.02841387875378132, 0.03261954337358475, 0.022631090134382248, 0.010668027214705944, 0.002182970754802227, 0.011379656381905079, -0.002569237956777215, 0.015540443360805511, -0.0005617703427560627, 0.016694435849785805, -0.00040530008845962584, 0.008590838871896267, -0.0188100915402174, 0.0011756307212635875, 0.014014607295393944, -0.019246043637394905, -0.004356324672698975, 0.028285657986998558, 0.023054221644997597, -2.0159821360721253e-05, -0.020694946870207787, 0.015989217907190323, 0.012110518291592598, -0.005542373284697533, 0.011777142994105816, 0.027721483260393143, -0.014617248438298702, -0.017797140404582024, 0.01377098634839058, -0.02038721553981304, -0.028516456484794617, 0.016784191131591797, 0.03269647806882858, -0.026541845872998238, 0.021695073693990707, -0.0011347600957378745, 0.022618267685174942, 0.006196302827447653, 0.001790292328223586, 0.011956652626395226, -0.0382612869143486, 0.0051128314808011055, 0.007859976962208748, -0.0076419999822974205, 0.005382096394896507, -0.013514543883502483, 0.003984482493251562, -0.007340679410845041, -0.02340042032301426, -0.025669939815998077, 0.03720987215638161, -0.0021525181364268064, -0.021066788583993912, -0.023926127701997757, 0.0004920499050058424, -0.01040517259389162, 0.004782660864293575, -0.016502104699611664, 3.551133704604581e-05, 0.02210538275539875, -0.0039139604195952415, -0.00568021135404706, 0.0249775443226099, -0.016476459801197052, -0.019040890038013458, -0.012860613875091076, 0.0019329388160258532, 0.003667134325951338, -0.003178289858624339, 0.018989600241184235, 0.014399271458387375, -0.019630707800388336, 0.0048083052970469, -0.012834969907999039, 0.003503651823848486, -0.004401202313601971, 0.005850105080753565, -0.01027695182710886, -0.011091157793998718, -0.04541604593396187, -0.0023640834260731936, 0.010116674937307835, -0.020079484209418297, 0.005340424366295338, -0.00812924187630415, -0.0069880704395473, 0.002525963122025132, 0.009847409091889858, 0.007430434692651033, -0.0002538384578656405, -0.010533394291996956, -0.012584937736392021, -0.0007821510080248117, 0.0012830161722376943, -0.004051798488944769, 0.008283107541501522, -0.016296949237585068, -0.022131027653813362, 0.007129114121198654, -0.012847792357206345, 0.011270667426288128, -0.020951388403773308, -0.017912540584802628, -0.01194383017718792, -0.004423641134053469, -0.0023608780466020107, 0.01829720474779606, -0.006064875982701778, 0.0029202441219240427, -0.028388235718011856, 0.0102000180631876, 0.03361967206001282, 0.013309389352798462, 0.017207322642207146, 0.017156032845377922, -0.014540315605700016, -0.022349003702402115, -0.035927657037973404, 0.033209361135959625, 0.003009999170899391, -0.013847919180989265, 0.009917931631207466, -0.026541845872998238, 0.015950752422213554, -0.02272084541618824, 0.0310295969247818, 0.00455827359110117, 0.0014136417303234339, -0.016053328290581703, -0.016668792814016342, -0.020502613857388496, 0.004279391840100288, 0.016361059620976448, 0.03018333576619625, 0.021964339539408684, -0.016284126788377762, 0.023374775424599648, -0.001697331783361733, 0.003558146068826318, -0.020271815359592438, 0.005298752337694168, -0.019156288355588913, 0.04977557808160782, 0.005763555411249399, -0.0029458883218467236, -0.015437865629792213, -0.012963191606104374, 0.005176942329853773, -0.011539933271706104, 0.02520834282040596, -0.004859594162553549, 0.024297969415783882, 0.0006134596187621355, 0.012674693018198013, -0.01725861057639122, 0.00822540745139122, -0.007962553761899471, 0.0020210910588502884, 0.00393639924004674, 0.0015659048222005367, 0.0031045624054968357, -0.00030672980938106775, 0.01034106221050024, -0.0068919043987989426, 0.0036158456932753325, 0.014373627491295338, 0.012693925760686398, 0.0001920317008625716, -0.016925234347581863, -0.02440054714679718, 0.007603533565998077, -0.0010970949660986662, 0.01887420192360878, -0.007366323843598366, -0.024182571098208427, 0.0012140971375629306, 0.013424788601696491, 0.0004131135647185147, 0.014514671638607979, -0.020220527425408363, 0.028029214590787888, -0.0034844186156988144, -0.01634823903441429, -0.034568510949611664, -0.025362208485603333, -0.009712777100503445, -0.028978053480386734, 0.00921271275728941, 0.005869338288903236, -0.027029087767004967, 0.020605191588401794, 0.0023608780466020107, -0.003548529464751482, 0.030234623700380325, -0.006388634908944368, 0.00688549317419529, 0.008988325484097004, -0.0010778617579489946, -0.0011772334109991789, 0.011777142994105816, -0.0007877607131376863, -0.010097441263496876, -0.0031302068382501602, 0.018335672095417976, -0.0005176942213438451, -0.026259757578372955, 0.01501473505049944, -0.0062700300477445126, 0.011725854128599167, -0.008757526986300945, -0.012366961687803268, 0.003792150178924203, 0.025221165269613266, -0.0004123121907468885, 0.004696111660450697, -0.028644677251577377, 0.020707769319415092, 0.007282979786396027, -0.026798289269208908, -0.005725088994950056, -0.009231946431100368, -0.012892669066786766, -0.0038177943788468838, 0.017309898510575294, 0.01446338277310133, 0.0025419907178729773, -0.019797395914793015, 0.026028959080576897, 0.0016187961446121335, -0.0011964666191488504, 0.0216822512447834, -0.014501849189400673, -0.001058628549799323, -0.015925107523798943, 0.006699572317302227, 0.00045358348870649934, 0.0033594027627259493, -0.004753811284899712, -0.0020499408710747957, -0.009020380675792694, -0.011559166014194489, -0.022566979750990868, -0.030978308990597725, -0.01129631232470274, 0.0035068574361503124, -0.008270285092294216, -0.029080631211400032, -0.009603789076209068, -0.009623021818697453, 0.025387851521372795, 0.009135779924690723, -0.016630325466394424, 0.025349386036396027, 0.004276186227798462, -0.0062315636314451694, -0.01838696002960205, -0.024451835080981255, -0.0029362717177718878, 0.13181167840957642, 0.0020755850709974766, -0.015309643931686878, 0.029465295374393463, -0.019605062901973724, 0.012193862348794937, -0.006744449492543936, -0.04244130849838257, 0.015886640176177025, -0.023182442411780357, -0.006943192798644304, 0.0037184227257966995, 0.010212840512394905, -0.014181295409798622, 0.01126425713300705, -0.013732519932091236, 0.015373755246400833, -0.03551734983921051, 0.016361059620976448, -0.024580057710409164, -0.030516711995005608, 0.0034908296074718237, 0.0006138603202998638, 0.02146427519619465, -0.0010417995508760214, -0.029901249334216118, 0.0026846372056752443, 0.0023913304321467876, 0.011136035434901714, -0.01391203049570322, 0.004064620938152075, 0.04023589938879013, 0.013027301989495754, 0.0008646936039440334, 0.0008638922008685768, 0.0019217194058001041, 0.010187196545302868, -0.0008041890687309206, 0.01978457346558571, -0.02249004691839218, 0.015796886757016182, 0.02854210138320923, 0.022836245596408844, -0.011097569018602371, 0.007090647704899311, -0.019015245139598846, -0.023862017318606377, 0.010866770520806313, -0.029131919145584106, -0.007789454888552427, 0.03261954337358475, 0.0005629724473692477, -0.018399782478809357, -0.012841381132602692, -0.018951134756207466, 0.009821765124797821, 0.0008863309631124139, 0.011533522047102451, -0.006814971566200256, 0.014130006544291973, 0.006949604023247957, 0.0014256625436246395, -0.010815481655299664, 0.0043242694810032845, 0.00801384262740612, -0.01570713147521019, -0.008860103785991669, 0.0002618522848933935, 0.006744449492543936, -0.017374010756611824, 0.018951134756207466, 0.013283745385706425, -0.00012852199142798781, 0.03287598490715027, 0.037081651389598846, 0.017168855294585228, -0.0024137692525982857, 0.006814971566200256, 0.00851390603929758, -0.002344850217923522, 0.009385812096297741, -0.03479930758476257, 0.009879465214908123, -0.006029615178704262, -0.013809452764689922, 0.00011379655916243792, -0.00812924187630415, 0.015540443360805511, -0.026618778705596924, 0.009828176349401474, 0.012527238577604294, 0.03833822160959244, -0.0006399052799679339, -0.012386194430291653, 0.011309133842587471, 0.01600204035639763, 0.005013459827750921, 0.0198743287473917, 0.011719442903995514, 0.021515563130378723, -0.013719698414206505, -0.01845107041299343, -0.03177328035235405, -0.012354139238595963, -0.018848557025194168, 0.001556288218125701, 0.011110390536487103, 0.00604243716225028, 0.0046864948235452175, -0.0086613604798913, 0.026977797970175743, 0.01000127475708723, 0.018771624192595482, -0.017040634527802467, 0.014322338625788689, 0.025926383212208748, 0.004397996701300144, 0.05503265932202339, 0.018271559849381447, 0.012725981883704662, 0.001358346315100789, -0.04136424884200096, 0.01955377496778965, 0.014489026740193367, -0.003194317454472184, 0.02240029163658619, -0.016143083572387695, -0.03567121550440788, -0.0030340407975018024, -0.021259121596813202, 0.01464289240539074, -0.0016684819711372256, 0.012950369156897068, -0.03662005439400673, -0.0325169675052166, -0.013168346136808395, 0.009219123981893063, 0.03813306614756584, -0.0044973683543503284, 0.02856774441897869, -0.0012990438845008612, -0.0019665968138724566, 0.00695601524785161, -0.04049234092235565, 0.018720336258411407, -0.0346454419195652, -0.021772006526589394, -0.010116674937307835, 0.026618778705596924, -1.6979329302557744e-05, -0.005952681880444288, 7.908660336397588e-05, -0.0037344505544751883, 0.02378508448600769, 0.0405949205160141, -0.028336945921182632, 5.845096166012809e-05, -0.0008574811508879066, 0.0188100915402174, 0.01845107041299343, 0.021028323099017143, -0.005882160272449255, -0.013296566903591156, 0.001649248762987554, 0.008648538962006569, 0.008802404627203941, -0.011719442903995514, -0.022374648600816727, 0.0026028959546238184, 0.0022294509690254927, -0.02042568102478981, -0.003232784103602171, 0.013886385597288609, 0.0047089336439967155, -0.0035389128606766462, 0.010417995043098927, -0.012661870568990707, 0.003308114130049944, -0.02967044897377491, -0.010315418243408203, 0.0006984063657000661, -0.023618396371603012, -0.027106020599603653, -0.004500573966652155, 0.0005064748111180961, -0.009943575598299503, 0.014245405793190002, -0.015271177515387535, 0.013565831817686558, -0.026772644370794296, 0.030567999929189682, -0.012270795181393623, 0.01613026112318039, -0.013085002079606056, -0.008904981426894665, -0.018797269091010094, -0.02754197269678116, 0.000992915011011064, 0.01634823903441429, -0.014335161074995995, 0.014130006544291973, 0.023002933710813522, 0.0032776615116745234, -0.02197716198861599, -0.011129624210298061, 0.043774813413619995, -0.013232456520199776, -0.006353374104946852, 0.004773044493049383, -0.03282469883561134, 0.0053083691745996475, -0.05272467061877251, -0.019502487033605576, -0.022874711081385612, 0.015027557499706745, 0.008244641125202179, -0.008436973206698895, 0.019669175148010254, -0.01182843092828989, -0.03833822160959244, 0.011860487051308155, -0.026670066639780998, 0.010129496455192566, 0.0006018395652063191, 0.02010512724518776, 0.022708022966980934, -0.00891780387610197, -0.017207322642207146, 0.027875348925590515, 0.021374519914388657, 0.00010242692223982885, 0.00538850761950016, 0.01139247789978981, 0.003330552950501442, 0.012892669066786766, 0.00987305399030447, 0.020092304795980453, -0.027029087767004967, -0.03436335548758507, 0.03002947010099888, 0.011924597434699535, 0.017912540584802628, 0.004221692215651274, -0.008206174708902836, -0.024798033758997917, 0.01365558709949255, -0.01402742974460125, -0.012597760185599327, -0.027721483260393143, -0.013860741630196571, -0.011168090626597404, 0.020476968958973885, -0.010802659206092358, -0.0017934979405254126, 0.017271433025598526, -0.017117567360401154, -0.02508012019097805, -0.02856774441897869, 0.00025323740555904806, -0.006311702076345682, -0.00459032878279686, 0.012065640650689602, -0.007821510545909405, -0.004074237309396267, 0.010834714397788048, 0.02631104737520218, -0.00637581292539835, -0.001992241246625781, -0.01027695182710886, 0.01725861057639122, -0.013206812553107738, -0.02856774441897869, 0.005455823615193367, -0.02733681909739971, 0.0008478644886054099, 0.01738683320581913, 0.00035060560912825167, -0.019079355522990227, -0.0038947274442762136, 0.0012293234467506409, 0.014476204290986061, 0.009340934455394745, -0.0049172937870025635, 0.0041223205626010895, -0.011116801761090755, -0.006369401700794697, 0.008699826896190643, -0.01661750301718712, -0.005032693035900593, -0.008180529810488224, -0.03774840384721756, -0.015271177515387535, -0.018784446641802788, -0.029388362541794777, -0.012770859524607658, 0.0037248339504003525, 0.018630580976605415, 0.012193862348794937, -0.040415409952402115, 0.012982424348592758, -0.005696238949894905, 0.002594882156699896, -0.0030516711995005608, -0.01270033698529005, 0.005042309407144785, -0.01836131513118744, 0.030952664092183113, -0.01144376676529646, -0.015437865629792213, -0.00477625010535121, 0.01774585247039795, 0.0007533011958003044, -0.0072958022356033325, -0.03726116195321083, 0.012354139238595963, -0.00429862504824996, 0.012809325940907001, -0.056417450308799744, -0.007815099321305752, 0.003958838060498238, -0.021053966134786606, -0.013860741630196571, 0.0008775157039053738, -0.003564557060599327, 0.012129751965403557, -0.005423768423497677, 0.027157308533787727, 0.011565577238798141, -0.011898953467607498, 0.012867025099694729, 0.010591094382107258, 0.02384919486939907, -0.0056609781458973885, -0.019335798919200897, -0.010283362120389938, 0.009488388895988464, -0.027413751929998398, 0.013296566903591156, -0.0006635461468249559, -0.0008302340866066515, 0.023028576746582985, 0.033568382263183594, 0.04013332352042198, 0.03141426295042038, -0.005446207243949175, -0.03800484538078308, -0.0021957927383482456, 0.011668154038488865, -0.025580184534192085, -0.015309643931686878, -0.004680084064602852, 0.024836499243974686, 0.03169634938240051, 0.0009047627681866288, 0.002819269662722945, 0.013168346136808395, -0.0027247064281255007, 0.005109625868499279, -0.02214384824037552, 0.02187458425760269, 0.020925745368003845, -0.008879337459802628, -0.00033337585045956075, 0.0045358347706496716, 0.024131281301379204, 0.0074624898843467236, -0.02172071859240532, -0.010212840512394905, 0.011988707818090916, -0.01978457346558571, -0.007718932814896107, 0.023195264860987663, -0.018758801743388176, -0.008462617173790932, 0.015155778266489506, -0.003744067158550024, 0.002678226213902235, 0.013642765581607819, -0.004853182937949896, -0.003187906462699175, -0.013245278969407082, -0.018310027197003365, -0.00045558693818747997, 0.008558783680200577, 0.0031702760607004166, -0.021412987262010574, -0.0026573901996016502, 0.023259375244379044, -0.011809198185801506, 0.008116419427096844, 0.009308879263699055, 0.010796247981488705, 0.008103596977889538, -0.0060584647580981255, 0.009744832292199135, 0.010103852488100529, -0.012841381132602692, -0.017014989629387856, 0.02979867160320282, 0.030080758035182953, -0.007186813745647669, 0.020528258755803108, 0.0027343230322003365, -0.037081651389598846, 0.00517053110525012, -0.00193133600987494, -0.024067170917987823, -0.004401202313601971, 0.01045646145939827, -0.027721483260393143, -0.008315162733197212, -0.012911902740597725, 0.007366323843598366, -0.023554285988211632, 0.007148347329348326, -0.010700082406401634, -0.025913560763001442, -0.039056260138750076, 0.0280548594892025, 0.023733794689178467, -0.01919475570321083, 0.018412604928016663, -0.016784191131591797, -0.003516474040225148, -0.021695073693990707, -0.03720987215638161, 0.010969347320497036, -0.023438885807991028, -0.013783808797597885, 0.02148992009460926, -0.02023334987461567, -0.008930626325309277, 0.006686749868094921, 0.022374648600816727, -0.009161424823105335, 0.013847919180989265, 0.2301831990480423, -0.01780996285378933, -0.005846899468451738, 0.02216949313879013, -0.015886640176177025, -0.0008294326835311949, 0.00717399176210165, 0.0006210727733559906, 0.019335798919200897, 0.013937674462795258, -0.012988835573196411, -0.03318371996283531, -0.015553264878690243, 0.0026141153648495674, -0.005301957949995995, -0.03933835029602051, -0.0418771356344223, -0.046005867421627045, -0.015296822413802147, -0.02608024887740612, 0.0204000361263752, -0.012905491515994072, -0.012732393108308315, -0.02013077214360237, 0.027003442868590355, 0.004907676950097084, 0.012546471320092678, -0.0066739278845489025, -0.00036603223998099566, -0.010315418243408203, -0.009071669541299343, -0.0022550951689481735, 0.00935375690460205, 0.012552882544696331, 0.009347345679998398, -0.01231567282229662, 0.002465057885274291, -0.010379528626799583, -0.004016537684947252, -0.006337346509099007, 0.010289773344993591, 0.02220796048641205, 0.008065130561590195, -0.0022166287526488304, 0.007263746578246355, 0.006879082415252924, -0.00673803873360157, 0.016720080748200417, 0.012213096022605896, 0.002045132452622056, 0.001460923464037478, -0.014065896160900593, 0.027285531163215637, 0.02882418781518936, 0.005737910978496075, 0.007263746578246355, 0.018310027197003365, 0.005651361774653196, -0.02291317842900753, 0.011745086871087551, 0.004555067978799343, 0.015412221662700176, 0.015630198642611504, 0.019476842135190964, -0.013091412372887135, 0.042646463960409164, -0.001061032759025693, 0.002594882156699896, -0.025221165269613266, -0.002203806536272168, -0.00043354887748137116, -0.0050903926603496075, -0.006529678590595722, -0.010578271932899952, -0.03541477024555206, -0.02207973785698414, 0.02818308025598526, 0.010430817492306232, 0.01700216718018055, 0.010597504675388336, -0.015886640176177025, 0.043287571519613266, -0.013629943132400513, 0.012931136414408684, -0.005792404990643263, -0.02892676554620266, 0.03956914693117142, 0.007449667900800705, 0.015155778266489506, -0.011745086871087551, 0.009507622569799423, -0.010571860708296299, -0.006423896178603172, 0.015848174691200256, 0.013078590855002403, 0.017951006069779396, -0.004487751517444849, 0.0037184227257966995, -0.01993843913078308, -0.006504034623503685, -0.023002933710813522, 0.03700471669435501, 0.01780996285378933, -0.018656224012374878, -0.029208851978182793, 0.012328495271503925, 0.03523526340723038, 0.025233985856175423, 0.015258355997502804, -0.006827793549746275, -0.03154248371720314, 0.004016537684947252, -0.00033177307341247797, -0.00349403521977365, 0.021733541041612625, -0.00030051908106543124, 0.008007431402802467, -0.0046640560030937195, -0.006494417786598206, -0.02159249596297741, -0.009655077010393143, -0.020156417042016983, -0.013411966152489185, 0.0002432201144983992, 0.008654949255287647, -0.013527365401387215, -0.00984099879860878, -0.004359530285000801, 0.009084491990506649, -0.015527620911598206, 0.020258992910385132, -0.02127194218337536, -0.006321318913251162, 0.008648538962006569, -0.007218868937343359, 0.009347345679998398, 0.015719953924417496, -0.0065008290112018585, 0.009975630789995193, -0.011027047410607338, 0.009392223320901394, 0.0012116929283365607, -0.020117949694395065, 0.006209124810993671, 0.015950752422213554, -0.012706748209893703, 0.008180529810488224, -0.02340042032301426, 0.016232838854193687, 0.004827538505196571, -0.049621712416410446, -0.003971660044044256, 0.015591731294989586, -0.017104744911193848, 0.011097569018602371, -0.001608378137461841, -0.02129758708178997, -0.03149119392037392, -0.008898570202291012, 0.03785097971558571, -0.021772006526589394, 0.01176432054489851, 0.028516456484794617, -0.031952790915966034, -0.012065640650689602, -0.0503653958439827, -0.16104617714881897, 0.01916911080479622, 0.008815226145088673, -0.023515818640589714, 0.0225285142660141, -0.011463000439107418, 0.023682506754994392, -0.003260031109675765, -0.0029458883218467236, 0.007058592513203621, 0.0016524542588740587, -0.005818049423396587, -0.017784317955374718, 0.01978457346558571, -0.011834842152893543, 0.0072893910109996796, -0.008142063394188881, 0.0026028959546238184, 0.030824443325400352, -0.01365558709949255, 0.022515691816806793, -0.02618282474577427, 0.0273111741989851, -0.013617120683193207, -0.0012581732589751482, 0.009597377851605415, 0.019694818183779716, 0.021092433482408524, 0.0028689554892480373, -0.006016792729496956, -0.025092942640185356, 0.004234514199197292, 0.006109753157943487, 0.0010578271467238665, 0.02656749077141285, 0.002163737313821912, -0.007218868937343359, -0.007821510545909405, 0.001626809942536056, 0.04192842170596123, 0.023067044094204903, 0.05180147662758827, 0.00811000820249319, -0.009360168129205704, -0.01593792997300625, 0.013963318429887295, 0.022259248420596123, 0.014130006544291973, -0.006609817035496235, -0.005891776643693447, 0.000690793211106211, -0.020464148372411728, 0.008981914259493351, -0.003487624228000641, -0.002324014203622937, 0.02284906804561615, 0.013193990103900433, 0.021643785759806633, 0.013501721434295177, -0.007411201484501362, 0.0028561335057020187, -0.02165660820901394, -0.014553138054907322, -0.0068470267578959465, -0.015181423164904118, -0.0035613514482975006, 0.0036094344686716795, -0.02543914131820202, -0.017361188307404518, 0.005513523705303669, 0.0005565613391809165, -0.012001530267298222, -0.006872671190649271, -0.03838951140642166, 0.01864340342581272, -0.015617376193404198, -0.03190150484442711, -0.0022663145791739225, 0.004958965815603733, -0.0058565158396959305, 0.009449922479689121, 0.025913560763001442, -0.03841515630483627, -0.013335033319890499, 0.00024221838975790888, 0.014514671638607979, 0.01464289240539074, 0.01270033698529005, -0.004625589586794376, -0.0041383481584489346, 0.03849208727478981, -0.030106402933597565, -0.0011956652160733938, -0.02508012019097805, 0.0017069483874365687, 0.014450560323894024, 0.03002947010099888, 0.035927657037973404, 0.011597632430493832, -0.036927785724401474, -0.004087059758603573, 0.007981786504387856, -0.0041383481584489346, 0.017989473417401314, 0.0028641473036259413, 0.014450560323894024, -0.011988707818090916, -0.009488388895988464, 0.012065640650689602, 0.015027557499706745, -0.03031155653297901, 0.008065130561590195, 0.036184102296829224, 0.02818308025598526, 0.004856388550251722, -0.0025932793505489826, 0.004385174717754126, -0.0024698663037270308, 0.014796758070588112, -0.012469538487493992, 0.053442712873220444, 0.0063052913174033165, -0.009225535206496716, -0.003990893252193928, 0.015591731294989586, -0.021259121596813202, -0.07231691479682922, -0.05205791816115379, -0.004510190337896347, 0.018156161531805992, -0.0068470267578959465, 0.032465677708387375, 0.010802659206092358, 0.012674693018198013, -0.024310791864991188, 0.02669571153819561, 0.00034219108056277037, -0.02093856781721115, -0.0043114470317959785, -0.013283745385706425, 0.046877771615982056, -0.013783808797597885, -0.007148347329348326, 0.010385939851403236, -0.02004101686179638, 0.023451708257198334, 0.002138093113899231, -0.03956914693117142, -0.014873690903186798, -0.019117822870612144, -0.013437611050903797, -0.02465699054300785, -0.029465295374393463, 0.0008118022233247757, 0.005782788619399071, 0.007936909794807434, -0.024913432076573372, -0.013386322185397148, 0.02227207086980343, -0.037184227257966995, -0.01080907043069601, -0.002633348572999239, -0.028285657986998558, 0.008937036618590355, -0.007135525345802307, -0.03218359127640724, -0.0017165649915114045, 0.034824952483177185, 0.004561479203402996, -0.015373755246400833, -0.03908190503716469, -0.00037064022035337985, -0.03331194072961807, 0.0029074219055473804, -0.005305163562297821, -0.0015138147864490747, -0.014283872209489346, 0.0018928695935755968, 0.008186941035091877, -0.01300806924700737, 0.0325169675052166, -0.010135907679796219, 0.0031927148811519146, -0.00151060929056257, 0.012796503491699696, -0.015348110347986221, -0.02356710657477379, 0.014860869385302067, -0.015386577695608139, 0.018720336258411407, 0.005260285921394825, -0.004997432231903076, 0.007815099321305752, -0.003407485783100128, -0.020989855751395226, -0.0029362717177718878, -0.030337201431393623, 0.004061415325850248, -0.001069847960025072, 0.04744194820523262, 0.002846516901627183, -0.007795865647494793, -0.007129114121198654, 0.0018143339548259974, 0.009238357655704021, -0.005731500219553709, -0.01139247789978981, -0.005173736717551947, 0.024580057710409164, 0.005609689746052027, 0.0456981360912323, 0.009719188325107098, 0.0021028323099017143, 0.011450177989900112, 0.002867352683097124, -0.017438121140003204, -0.016425171867012978, 0.039184484630823135, 0.006917548831552267, -0.013617120683193207, 0.015489154495298862, 0.002828886266797781, -0.006350168492645025, -0.03833822160959244, -0.0014985884772613645, -0.0018736363854259253, -0.003782533574849367, -0.019117822870612144, -0.06108471006155014, 0.03449157625436783, -0.0005902195116505027, -0.013501721434295177, -0.017309898510575294, 0.0016212003538385034, -0.016758546233177185, 0.003264839295297861, -0.015925107523798943, 0.005869338288903236, -0.0015025953762233257, 0.025669939815998077, -0.0155147984623909, 0.0001205081571242772, -0.0058629270642995834, -0.005346835590898991, 0.011116801761090755, -0.03205537050962448, 0.0032071396708488464, 0.017374010756611824, -0.02310550957918167, 0.006100136786699295, 0.012495183385908604, -0.0027247064281255007, 0.007513778749853373, 0.01851518079638481, -0.02159249596297741, 0.022515691816806793, -0.011193734593689442, -0.006330935284495354, 0.0352865494787693, -0.04410818964242935, -0.0021140514872968197, 0.006609817035496235, -0.011642510071396828, -0.019733285531401634, 0.0030372461769729853, 0.02000254951417446, -0.006802149582654238, 0.024874966591596603, -0.02695215493440628, -0.02779841609299183, 0.019566597416996956, -0.011456589214503765, -0.023836372420191765, 0.013886385597288609, -0.01150787714868784, 0.0030051907524466515, 0.030234623700380325, 0.0019345415057614446, -0.002889791503548622, 0.029824314638972282, -0.003580584656447172, 0.002846516901627183, 0.004208869766443968, -0.00950121134519577, 0.029849959537386894, -0.010469283908605576, -0.014707003720104694, -0.008507494814693928, 0.02601613849401474, 0.023118332028388977, -0.00027787996805272996, -0.007622766774147749, -0.013129878789186478, 0.011430944316089153, 0.005132064688950777, -0.016284126788377762, -0.0010802659671753645, -0.031003953889012337, -0.03715858235955238, 0.004170403350144625, 0.006215536035597324, 0.0155147984623909, 0.012148984707891941, 0.009571732953190804, -0.01916911080479622, 0.003112576436251402, -0.010853948071599007, 0.010501339100301266, -0.008263873867690563, 0.0005056734662503004, -0.021336054429411888, 0.019566597416996956, 0.006648283451795578, 0.040646206587553024, -0.013809452764689922, -0.012206684798002243, -0.000799781468231231, -0.006911137606948614, -0.007731755264103413, 0.013501721434295177, -0.020156417042016983, 0.01118091307580471, 0.026798289269208908, -0.0015530826058238745, -0.006286058109253645, 0.018335672095417976, 0.004010126460343599, 0.004349913448095322, -0.009360168129205704, -0.00956532172858715, -0.008751115761697292, -0.015912285074591637, -0.013424788601696491, -0.005071159452199936, -0.007443256676197052, -0.004353119060397148, -0.009693543426692486, 0.009135779924690723, -0.01170021016150713, 0.02048979140818119, 0.02352864108979702, 0.01687394641339779, -0.015348110347986221, -0.01086035929620266, -0.000997723313048482, -0.0435696579515934, -0.018348492681980133, 0.007161169312894344, 0.005548784509301186, 0.027465039864182472, 0.027003442868590355, 0.0007561060483567417, 0.007385557051748037, 0.0025387853384017944, 0.010161551646888256, -0.016309771686792374, -0.009546088986098766, -0.019579419866204262, 0.03249132260680199, -0.01268751546740532, -0.028003569692373276, -0.009135779924690723, 0.008667771704494953, 0.0052859303541481495, -0.037927914410829544, 0.02682393230497837, -0.018053583800792694, 0.05446848273277283, -0.003101357026025653, 0.0012173026334494352, -0.005542373284697533, -0.02779841609299183, 0.032106656581163406, 0.01082830410450697, -0.007674055173993111, 0.010969347320497036, 0.0040998817421495914, 0.02391330525279045, -0.008520317263901234, -0.015630198642611504, -0.020694946870207787, -0.011719442903995514, -0.004539040382951498, 0.008283107541501522, 0.01583535224199295, -0.011418122798204422, -0.005023076198995113, 0.033209361135959625, -0.0016829068772494793, 0.020900100469589233, -0.0026477735955268145, -0.007372735068202019, 0.007302212994545698, 0.01634823903441429, 0.015283999964594841, -0.015617376193404198, -0.04533911496400833, 0.007930498570203781, 0.00816129706799984, 0.0014072307385504246, 0.006834204774349928, 0.01234772801399231, -0.029388362541794777, -0.008828048594295979, 0.015309643931686878, 0.009847409091889858, 0.020989855751395226, 0.006237974856048822, 0.011642510071396828, -0.029003698378801346, -0.03651747480034828, 0.0007520990911871195, -0.007552245166152716, -0.019989728927612305, -0.0023480558302253485, -0.02100267820060253]"
U15141,N55846 N29177 N55189 N27448 N6156 N25629 N12367 N56630 N54580 N48710 N23570 N36530 N21258 N2003 N31996 N11020 N28257 N5560 N15676,"[-0.0210404135286808, -0.020679950714111328, 0.005206701345741749, -0.001695515587925911, -0.01594051718711853, 0.002441475633531809, 0.000706325750797987, -0.006848814897239208, -0.03385690972208977, -0.00550041301175952, 0.025005517527461052, 0.0366872176527977, -0.006935593206435442, 0.013557449914515018, 0.005396946333348751, 0.030545981600880623, 0.019772114232182503, 0.010319949127733707, 0.0035045105032622814, -0.05660618841648102, -0.03543227165937424, -0.014632166363298893, -0.01998572237789631, -0.01607402227818966, -0.01420495007187128, -0.015379794873297215, 0.013937938958406448, -0.010473480448126793, 0.005961005575954914, 3.1655326893087476e-05, -0.0023663791362196207, -0.0073160831816494465, 0.004348930902779102, -0.027315156534314156, -0.03553907573223114, -0.02564634196460247, 0.0013859504833817482, -0.008177191019058228, 0.037141136825084686, 0.0013934602029621601, 0.017342321574687958, -0.010346650145947933, -0.010286573320627213, -0.010353325866162777, -0.024685105308890343, 0.011588248424232006, -0.014485310763120651, -0.030465878546237946, -0.012115593999624252, 0.0411996953189373, 0.03631340339779854, 0.0015786986332386732, -0.021093815565109253, 0.002371385460719466, 0.04272165149450302, -0.013937938958406448, 0.007776675745844841, 0.0009153448045253754, -0.0040084924548864365, -0.005870889872312546, -0.008644459769129753, -0.003412725869566202, 0.0047194077633321285, 0.013383893296122551, -0.02803608402609825, -0.013450645841658115, 0.005914278794080019, -0.006061134394258261, -0.026821188628673553, 0.022922836244106293, 0.014405207708477974, 0.007916856557130814, -0.015847062692046165, -0.016594691202044487, 0.005974356085062027, -0.027875877916812897, -0.01788969151675701, -0.009091701358556747, 0.002583324909210205, 0.004806186072528362, 0.006454974878579378, -0.012262449599802494, -0.01433845516294241, 0.02654082700610161, 0.005133273545652628, 0.009198506362736225, 0.0012365916045382619, 0.045284952968358994, -0.04581897333264351, -0.009024948813021183, -0.006645219400525093, 0.011828557588160038, -0.01187528483569622, 0.02078675478696823, -0.012496083043515682, 0.028783714398741722, -0.02124067209661007, 0.01096744928508997, 0.01361752673983574, -0.04611268267035484, 0.013831134885549545, 0.021641187369823456, -0.01014639250934124, -0.019518455490469933, 0.022335413843393326, -0.009024948813021183, -0.005420309491455555, -0.007182578090578318, 0.010480155237019062, 0.008143815211951733, -0.011267836205661297, 0.003441095585003495, 0.011955387890338898, -0.008871418423950672, 0.004809523466974497, -0.01279646996408701, 0.01827685721218586, -0.023550311103463173, -0.022295363247394562, -0.026434022933244705, 0.004021842963993549, -0.000462678843177855, -0.006261392496526241, 0.0034911599941551685, 0.013550774194300175, 0.015366444364190102, -0.031347014009952545, -0.015446547418832779, 0.014952578581869602, 0.01389788743108511, 0.008898119442164898, 0.022508971393108368, 0.007382835727185011, -0.03057268261909485, -0.025365982204675674, -0.013330490328371525, -0.03719453886151314, -0.016234228387475014, -0.00853765569627285, -0.008510954678058624, 0.004923002794384956, 0.007109150290489197, -0.008257294073700905, 0.001161494990810752, 0.012676315382122993, 0.02407098188996315, 0.012516109272837639, -0.0009095039567910135, 0.005704008042812347, -0.005603879224509001, 0.015486598946154118, 0.008217242546379566, 0.02533928118646145, 0.008203892037272453, 0.028837116435170174, 0.018690723925828934, -0.0038315982092171907, 0.01700855791568756, -0.0028102837968617678, -0.010113016702234745, 0.003911701496690512, 0.012843197211623192, 0.016594691202044487, -0.0027735698968172073, -0.000584502296987921, 0.00598770659416914, -0.0031306962482631207, 0.012422655709087849, 0.017876341938972473, -0.01083394419401884, 0.006982319988310337, -0.004061894491314888, -0.055484745651483536, 0.03460453823208809, 0.0109607744961977, -0.003162403590977192, 0.021974951028823853, -0.0047294204123318195, -0.027021445333957672, -0.006768711842596531, -0.020332837477326393, 0.004078582860529423, 0.005213376600295305, 0.03508515655994415, 0.001116436906158924, -0.026420671492815018, -0.008390800096094608, -0.014044743031263351, -0.011855258606374264, -0.0004610100295394659, -0.008016984909772873, 0.03703433275222778, -0.00690221693366766, -0.007863454520702362, -0.6472330689430237, -0.014605465345084667, 0.025232477113604546, 0.011621624231338501, -0.010012887418270111, 0.00014372666191775352, -0.008557680994272232, -0.00800363440066576, -0.03674062341451645, 0.020706651732325554, -0.0032975776121020317, 0.03391031175851822, -0.001894104527309537, 0.008490928448736668, 0.011214434169232845, -0.010279897600412369, 0.020519744604825974, -0.02515237405896187, -0.0037848714273422956, -0.0012766431318596005, 0.0031824293546378613, 0.026193713769316673, 0.011387990787625313, 0.0003489908413030207, 0.028757013380527496, -0.00230797054246068, -0.0065918173640966415, -0.015139485709369183, -0.01429840363562107, -0.020760053768754005, 3.102952177869156e-05, 0.03623330220580101, 0.004812861327081919, -0.01885093003511429, 0.058955881744623184, -0.0010037919273599982, -0.0056305802427232265, 0.041680313646793365, 0.01946505345404148, 0.02269587852060795, -0.008524305187165737, -0.016688145697116852, 0.0024181122425943613, -0.009672448970377445, -0.00660183047875762, 0.02508562058210373, -0.005206701345741749, 0.012589537538588047, 0.01087399572134018, -0.00623802887275815, 0.015833713114261627, 0.02186814695596695, -0.027769073843955994, -0.0036280029453337193, 0.005360232200473547, -0.009445490315556526, 0.02078675478696823, -0.02664763107895851, 0.03190773352980614, 0.005547139793634415, -0.02193489857017994, 0.007129176054149866, 0.004212087951600552, 0.015660155564546585, 0.007576418109238148, 0.004338917788118124, -0.007029046770185232, 0.0144319087266922, 0.010680412873625755, 0.012769768945872784, -0.0030489242635667324, 0.01795644499361515, -0.005253428127616644, 0.015232939273118973, 0.03164072334766388, -0.005577178206294775, 0.027635568752884865, 0.012155645526945591, -0.011775155551731586, -0.002985509345307946, -0.012622913345694542, -0.0046593304723501205, -0.019638609141111374, 0.013657578267157078, -0.0005915947840549052, -0.0036280029453337193, -0.02659422904253006, 0.03233494982123375, 0.018557218834757805, -0.013397243805229664, 0.028062785044312477, 0.021093815565109253, -0.005203363951295614, -0.02571309544146061, 0.011181057430803776, 0.016220876947045326, -0.002640064572915435, 0.009679124690592289, 0.0006867172196507454, -0.039223816245794296, 0.011274510994553566, -0.006258054636418819, 0.017729485407471657, 0.01367092877626419, 0.016207527369260788, 0.011982088908553123, -0.012776444666087627, -0.0058007994666695595, 0.007963582873344421, -0.01033329963684082, 0.006645219400525093, 0.0049163275398314, -0.028623508289456367, -0.014658867381513119, -0.045979179441928864, -0.029451239854097366, 0.021080465987324715, 0.00440900819376111, 0.005533789284527302, -0.009392088279128075, 0.023844022303819656, 0.01087399572134018, -0.009438815526664257, -0.009345361962914467, -0.016968507319688797, 0.01631433144211769, -0.0008264803909696639, -0.019678661599755287, -0.014031392522156239, 0.016207527369260788, 0.003911701496690512, -0.01371098030358553, 0.026954693719744682, -0.0188375785946846, -0.008657810278236866, 0.005083209369331598, 0.028142888098955154, -0.02009252831339836, -0.0033192720729857683, -0.00541697209700942, -0.00395175302401185, 0.007776675745844841, 0.0012315851636230946, 0.00885806791484356, 0.004035193473100662, -0.021267373114824295, 0.02149433083832264, 0.01732897013425827, -0.03270876407623291, -0.022989589720964432, 0.033937014639377594, -0.002598344348371029, 0.005163312423974276, 0.0009512242977507412, 0.010767191648483276, -0.0024197811726480722, 0.006818776484578848, -0.02987845614552498, -0.031293611973524094, -0.02811618708074093, 0.0037848714273422956, 0.00299385329708457, -0.01606067083775997, 0.00751634081825614, 0.02873031236231327, -0.005570502951741219, -0.010733814910054207, -0.0041052838787436485, -0.010286573320627213, -0.014004691503942013, 0.017435774207115173, -0.00559386657550931, -0.0077833510003983974, 0.01744912564754486, -0.02576649747788906, 0.016154125332832336, 0.010006211698055267, -0.0018240143544971943, -0.01408479455858469, -0.0005890915635973215, -0.01910458877682686, 0.009578995406627655, -0.01770278438925743, -0.0063648587092757225, 0.008250619284808636, -0.008430851623415947, -0.0012966688955202699, 0.026514125987887383, -0.01758263073861599, -0.014231651090085506, -0.017302269116044044, 0.022228609770536423, -0.003270876593887806, -0.00791018083691597, -0.015660155564546585, 0.01429840363562107, 0.018316907808184624, 0.009665774181485176, 0.01420495007187128, 0.012369253672659397, 0.00891814474016428, 0.004926340654492378, 0.02603350766003132, 0.014325104653835297, 0.012436006218194962, -0.028783714398741722, -0.0029738275334239006, -0.024591650813817978, 0.050197944045066833, 0.003808234818279743, 0.020025774836540222, -0.023643765598535538, -0.003085638163611293, 3.9138918509706855e-05, 0.02439139410853386, 0.011334588751196861, -0.012222398072481155, 0.014885826036334038, 0.005543801933526993, 0.00016229221364483237, -0.010613660328090191, 0.006501701660454273, 0.013290438801050186, 0.014819073490798473, -0.005917616654187441, 0.011067578569054604, -0.0031423778273165226, 0.003040580078959465, 0.010954098775982857, -0.0120621919631958, 0.028276393190026283, 0.013430619612336159, -0.00040134991286322474, 0.008510954678058624, -0.01965196058154106, -0.06162598356604576, -0.009091701358556747, -0.00926525890827179, 0.034497734159231186, -0.022922836244106293, -0.0050565083511173725, 0.01778288744390011, 0.02009252831339836, -0.026767786592245102, 0.01311020739376545, 0.014765671454370022, 0.003564588027074933, 0.008243943564593792, -0.015286341309547424, 0.0018707411363720894, -0.006258054636418819, 0.028810415416955948, -0.01288324873894453, -0.013317139819264412, -0.0009562307386659086, -0.016554640606045723, -0.022735929116606712, 0.0015478255227208138, 0.012436006218194962, 0.021400878205895424, 0.018370311707258224, 0.02615366131067276, -0.007229304872453213, -0.004592577926814556, 0.016915105283260345, -0.001230750698596239, 0.0035345491487532854, -0.012849872000515461, -0.00781672727316618, -0.0017689433880150318, 8.709126268513501e-05, -0.027368558570742607, 0.022762630134820938, -0.0057407221756875515, 0.011942037381231785, 0.004749446175992489, -0.024404743686318398, -0.0011740110348910093, 0.014592114835977554, -0.0001250567875104025, -0.028276393190026283, -0.03356320038437843, 0.03820917755365372, 0.0077700004912912846, -0.022709228098392487, -0.008777964860200882, 0.022215260192751884, 0.01225577387958765, -0.00292209442704916, 0.01307683065533638, 0.004011830314993858, 0.011267836205661297, 0.013584150932729244, -0.0003227070264983922, 0.03650031238794327, -0.013237036764621735, 0.022335413843393326, 0.006515052169561386, 0.00115398527123034, -0.002049304312095046, 0.017929743975400925, -0.006141237448900938, -0.00986603181809187, -0.025112321600317955, 0.010613660328090191, -0.005557152442634106, 0.0015394814545288682, -0.03332288935780525, 0.008971546776592731, -0.03981123864650726, 0.0075430418364703655, 0.00021632008429151028, -0.03385690972208977, -0.01046012993901968, -0.008490928448736668, 0.000622050603851676, 0.008150490000844002, 0.0011965400772169232, -0.019745413213968277, 0.02590000256896019, -0.000288496317807585, 0.010353325866162777, -0.04429701343178749, 0.004696044139564037, 0.14845775067806244, 0.032735466957092285, -0.0012315851636230946, 0.015780311077833176, -0.013951289467513561, 0.009338686242699623, -0.008864742703735828, -0.04194732382893562, 0.023844022303819656, -0.0019692012574523687, 0.019238093867897987, 0.0060310959815979, 0.012042165733873844, 0.00819054152816534, 0.013116882182657719, 0.0021727965213358402, 0.018797527998685837, -0.0023313339333981276, 0.023870723322033882, -0.005240077618509531, -0.018637321889400482, -0.014044743031263351, -0.019117940217256546, 0.016621392220258713, -0.008991573005914688, -0.019558506086468697, 0.01480572298169136, 0.0170753113925457, 0.013343840837478638, -0.011835233308374882, -0.013243712484836578, 0.004529162775725126, 0.007683222182095051, 0.03182763233780861, 0.007583093363791704, 0.006525064818561077, -0.0002259157772641629, 0.012936650775372982, 0.028570106253027916, -0.010894021950662136, 0.017182115465402603, -0.007362809963524342, -0.0007205106667242944, -0.02073335275053978, 0.020466342568397522, -0.00977257825434208, 0.008657810278236866, 0.025165723636746407, 0.007803376764059067, -0.02610025927424431, 0.03447103500366211, -0.0030823005363345146, -0.006094510667026043, 0.007970258593559265, 0.01815670169889927, -0.0032475132029503584, -0.008404150605201721, -0.010954098775982857, -0.003654703963547945, 0.03455113619565964, -0.009438815526664257, -0.022268662229180336, 0.0007084117969498038, -0.0031273583881556988, -0.0030789629090577364, -0.017689434811472893, -0.04242794215679169, -0.0017389047425240278, 0.003547899890691042, 0.0013851161347702146, 0.020679950714111328, -0.0306260846555233, -0.012182346545159817, -0.005146624054759741, 0.022455569356679916, -0.01559340301901102, -0.0031557283364236355, -0.02942453883588314, 0.0035045105032622814, -0.00445907237008214, 0.009024948813021183, -0.00614457530900836, 0.000983766163699329, -0.01727556809782982, -0.00669528404250741, 0.007810052018612623, 0.02501886710524559, 0.002049304312095046, -0.010453454218804836, 0.018290206789970398, -0.010119691491127014, 0.014044743031263351, 0.01639443449676037, -0.008671160787343979, 0.024030929431319237, 0.0021177257876843214, 0.0019291496137157083, -0.0063648587092757225, 0.014819073490798473, 0.009378737770020962, 0.0041586859151721, -0.04333577677607536, 0.013043454848229885, 0.0113746402785182, 0.0161941759288311, 0.011267836205661297, 0.006718647666275501, -0.018263505771756172, 0.012229072861373425, -0.042881857603788376, -0.008424175903201103, -0.0011423035757616162, -0.005376920569688082, -0.007356134708970785, 0.011394665576517582, 0.015486598946154118, 0.011508145369589329, 0.025365982204675674, 0.006848814897239208, 0.0008544330485165119, 0.0007447085226885974, -0.03860969468951225, 0.02344350703060627, 0.005046495236456394, -0.010473480448126793, -0.007356134708970785, 0.008524305187165737, -0.05305495113134384, -0.006268067751079798, -0.018490465357899666, 0.012622913345694542, -0.011995439417660236, 0.021641187369823456, -0.01990561932325363, -0.023803971707820892, -0.009906083345413208, 0.0052834670059382915, -0.004048543982207775, -0.023296650499105453, 0.015513299964368343, -0.02444479614496231, -0.030225569382309914, 0.014845774509012699, 0.020199332386255264, 0.015339743345975876, -0.02610025927424431, -0.018049897626042366, 0.004058557096868753, 0.0022862758487462997, 0.025472786277532578, -0.02407098188996315, -0.014845774509012699, -0.020653249695897102, 0.009218531660735607, 0.002660090336576104, -0.023830672726035118, -0.0010855639120563865, 0.0054136342369019985, 0.027368558570742607, -0.0015319717349484563, 0.0543099008500576, -0.00822391826659441, 0.005867552012205124, -0.011895310133695602, 0.03137371316552162, -0.01297670230269432, -0.02929103374481201, -0.03452443704009056, -0.030652785673737526, 0.0061479127034544945, 0.0007976933848112822, 0.006468325387686491, 0.020306136459112167, -0.0006241366500034928, -0.007209279108792543, 0.03751495108008385, -0.019358249381184578, 0.0008377449121326208, -0.017302269116044044, -0.014498661272227764, -0.012202371843159199, -0.017155414447188377, -0.016688145697116852, 0.0018073262181133032, -0.025352630764245987, 0.004943028558045626, -0.009098377078771591, 0.016274278983473778, -0.007015696261078119, 0.00431555463001132, 0.02029278501868248, -0.01853051781654358, 0.01540649589151144, -0.0006675258046016097, 0.00041657782276161015, -0.008484253659844398, -0.02923763170838356, -0.014765671454370022, -0.00014602128067053854, 0.013630877248942852, -0.0018907669000327587, 0.010673738084733486, -0.022829383611679077, -0.002613363554701209, -0.02527252770960331, 0.016341032460331917, -0.03302917629480362, -0.020439641550183296, 0.014885826036334038, -0.012809820473194122, -0.007556392345577478, -0.02256237342953682, -0.03754165396094322, -0.03527206555008888, -0.008030335418879986, 0.005660619121044874, 0.002049304312095046, 0.002778576221317053, 0.004021842963993549, -0.0393306203186512, -0.03126690909266472, -0.0297983530908823, 0.021187270060181618, 0.019878918305039406, 0.04816866293549538, 0.015793660655617714, -0.038022272288799286, -0.027688970789313316, 0.020332837477326393, 0.021267373114824295, 0.00803701113909483, 0.005336869042366743, 0.021854795515537262, -0.015272990800440311, -0.0011873615439981222, -0.007416211999952793, -0.014698918908834457, -0.015046032145619392, -0.013524073176085949, 0.009245232678949833, -0.0034277450758963823, 0.0034277450758963823, -0.0032308250665664673, 8.14198938314803e-06, -0.009785928763449192, 0.024912063032388687, 0.0017389047425240278, 0.002705148421227932, -0.018623970448970795, 0.004936353303492069, -0.011815207079052925, 0.0018540529999881983, 0.02477855794131756, 0.03350979834794998, 0.019425000995397568, -0.015086083672940731, 0.00653841532766819, -0.0012474388349801302, 0.0016938467742875218, 0.016794949769973755, -0.004131984896957874, 0.022522320970892906, -0.023536961525678635, 0.009191830642521381, -0.004953041672706604, 0.010133042000234127, 0.0022796005941927433, -0.007442913018167019, -0.011387990787625313, 0.019131289795041084, 0.006638544145971537, 0.018383661285042763, -0.004832887090742588, -0.01326373778283596, 0.012269124388694763, 0.0072560058906674385, 0.002907074987888336, -0.017529228702187538, 0.0010213145287707448, 0.004228776320815086, 0.01902448572218418, 0.011621624231338501, -0.00032667044433765113, -0.004162023309618235, -0.0063548460602760315, -0.013443970121443272, -0.01156822219491005, -0.022081755101680756, 0.01600726880133152, -0.012649614363908768, -0.018130000680685043, -0.04942361265420914, 0.007656521163880825, -0.010173093527555466, -0.003594626672565937, -0.0008727899985387921, 0.018303558230400085, 0.009986186400055885, -0.010213145054876804, -0.005577178206294775, -0.02166788838803768, 0.01922474429011345, -0.02905072458088398, -0.008197217248380184, -0.003023891942575574, -0.0038749873638153076, 0.027688970789313316, 0.0025649680756032467, 0.00026137809618376195, -0.012362577952444553, 0.004005155060440302, 0.01594051718711853, -0.011034201830625534, 0.002950464142486453, -0.003591289045289159, 0.0041586859151721, 0.023176496848464012, -0.011721753515303135, -0.0040552192367613316, 0.009378737770020962, -0.01582036167383194, -0.016154125332832336, 0.006291430909186602, 0.005997719708830118, -0.00963907316327095, 0.02974495105445385, 0.01644783653318882, -0.0023346715606749058, -0.0403185598552227, -0.022161858156323433, -0.004499123897403479, -0.008838041685521603, -0.01106090284883976, -0.03807567432522774, -0.002798601984977722, -0.013156933709979057, -0.010827268473803997, 0.02363041415810585, -0.010827268473803997, -0.01719546504318714, 0.030893094837665558, 0.023336702957749367, 9.272350871469826e-05, 0.012342552654445171, 0.009999536909162998, -0.0064750006422400475, -0.0257798470556736, -0.019131289795041084, -0.011214434169232845, -0.0018373648636043072, -0.009485541842877865, 0.022549021989107132, 0.01096744928508997, -0.021400878205895424, -0.007296057417988777, -0.0025332605000585318, -0.012055516242980957, 0.0027018107939511538, -0.0011881960090249777, 0.01776953786611557, 0.04400330409407616, -0.015139485709369183, 0.008357423357665539, 0.010787216946482658, 0.018450414761900902, 0.030893094837665558, 0.0013817785074934363, -0.02463170327246189, 0.024364693090319633, -0.0072159543633461, 0.01815670169889927, -0.008577707223594189, -0.02217520773410797, -0.006007732357829809, -0.00593764241784811, -0.013363867066800594, 0.002955470699816942, -0.00973252672702074, 0.00252157892100513, -0.042054127901792526, 0.009478867053985596, -0.0018907669000327587, 0.019077887758612633, 0.0098326550796628, 0.01853051781654358, -0.02337675541639328, 0.0017689433880150318, -0.011982088908553123, 0.00688219117000699, -0.022148506715893745, 0.006888866424560547, -0.0013934602029621601, -0.0102732228115201, -0.009171804413199425, 0.003541224403306842, -0.006324807181954384, -0.017502527683973312, -0.0029003997333347797, 0.01452536229044199, 0.0010046263923868537, 0.00791018083691597, 0.03703433275222778, 0.017862990498542786, -0.012262449599802494, 0.01056025829166174, 0.004298866260796785, -0.020519744604825974, -0.003961765673011541, -0.0010863982606679201, -0.016207527369260788, 0.002014259109273553, 0.004759459290653467, 0.027208352461457253, -0.007242655381560326, -0.02647407352924347, -0.02047969214618206, 0.011321238242089748, -0.037648458033800125, 0.03334958851337433, 0.013530748896300793, -0.009879382327198982, -0.006214665248990059, -0.006261392496526241, -0.025219125673174858, 0.0012207378167659044, -0.03158732131123543, 0.01871742494404316, -0.022348765283823013, -0.010113016702234745, 0.013330490328371525, -0.0038015595637261868, -0.04055887088179588, -0.006908892188221216, 0.007129176054149866, -0.009478867053985596, 0.015086083672940731, 0.22557032108306885, -0.03358989953994751, 0.0004993927432224154, 0.019198043271899223, -0.02015927992761135, 0.011301212012767792, 0.026874590665102005, -0.0028953931760042906, -0.02029278501868248, -0.0055738408118486404, 0.0003199951897840947, -0.011855258606374264, 0.0027285118121653795, 0.007870129309594631, -0.005991044454276562, -0.017929743975400925, -0.028196290135383606, -0.024938764050602913, -0.011675026267766953, -0.023269949480891228, 0.01260288804769516, -0.003547899890691042, 0.016594691202044487, -0.013303789310157299, 0.03596629202365875, 0.018076598644256592, 0.009505568072199821, -0.01676824875175953, 0.019077887758612633, 0.018290206789970398, -0.011581572704017162, -0.021534383296966553, -0.002321321051567793, 0.01489917654544115, 0.005346881691366434, 0.00653841532766819, -0.0025432733818888664, 0.005046495236456394, 0.014138196595013142, 0.025379331782460213, -0.0022812695242464542, -0.012075542472302914, -0.02830309420824051, -0.00039550906512886286, 0.0036446910817176104, -0.009599021635949612, 0.0015720233786851168, -0.011861934326589108, 0.002371385460719466, -0.00935871247202158, -0.016154125332832336, -0.020266084000468254, 0.05308165401220322, 0.011621624231338501, -0.005553815048187971, 0.0030355737544596195, 0.03142711520195007, 0.016915105283260345, -0.019171342253684998, -0.0007025709492154419, -0.0017772875726222992, 0.018704073503613472, -0.022962888702750206, 0.05115918070077896, -0.00822391826659441, 0.021854795515537262, 0.004432371351867914, -0.03471134230494499, 0.01317028421908617, -0.01587376371026039, 0.006875515915453434, 0.0031707477755844593, -0.010633686557412148, -0.008777964860200882, -0.01858391985297203, -0.03743484988808632, 0.013644227758049965, -0.007229304872453213, -0.0005640593008138239, 0.019505104050040245, -0.010173093527555466, -0.0105202067643404, -0.016220876947045326, -0.019638609141111374, -0.030839692801237106, -0.043202269822359085, 0.01821010373532772, -0.004672680981457233, 0.00244314456358552, -0.01298337709158659, -0.0044423844665288925, -0.00027326837880536914, -0.00675869919359684, -0.0038749873638153076, 0.0016679801046848297, 0.024044280871748924, 0.011581572704017162, 0.03132031112909317, -0.0007593106129206717, 0.0034010440576821566, -0.013443970121443272, -0.011448067612946033, 0.035325467586517334, -0.014512011781334877, -0.025499487295746803, -0.00470939464867115, 0.028009383007884026, 0.026260465383529663, 0.036019694060087204, -0.033109281212091446, -0.013777732849121094, -0.014512011781334877, 0.0034177321940660477, -0.009438815526664257, 0.02432464063167572, 0.014258352108299732, 0.013223686255514622, -0.009465516544878483, -0.016087371855974197, -0.0007326095947064459, 0.008457552641630173, -0.03025227040052414, 0.011120980605483055, 0.007075773552060127, -0.010847294703125954, 0.0031991174910217524, -0.04993093013763428, 0.026447372511029243, -0.01921139284968376, -0.012669640593230724, -0.02520577609539032, -0.005693995393812656, -0.0179030429571867, -0.023456858471035957, 0.004515812266618013, 0.024498198181390762, 0.014418558217585087, -0.0144319087266922, -0.0016646424774080515, 0.006478338036686182, -0.0006128721288405359, 0.002643402200192213, -0.01594051718711853, -0.006625193636864424, 0.015459897927939892, -0.02942453883588314, 0.020746702328324318, -0.026300517842173576, 0.0044423844665288925, -0.021013712510466576, -0.020012423396110535, 0.018250156193971634, -0.00669528404250741, -0.006408248096704483, -0.004963054321706295, -0.019144641235470772, -0.016835002228617668, -0.04453732445836067, -0.0032792205456644297, 0.006451637018471956, -0.02652747556567192, 0.017369022592902184, 0.038102373480796814, -0.011261160485446453, -0.010433428920805454, -0.014578764326870441, -0.16971176862716675, 0.02840990014374256, 0.009165129624307156, -0.00550041301175952, 0.03655371442437172, -0.01503268163651228, 0.038155775517225266, 0.01946505345404148, -0.03439093008637428, 0.018503816798329353, 0.006948943715542555, 0.004152010660618544, 0.001131456228904426, 0.004996430594474077, -0.01764938235282898, 0.01594051718711853, -0.025472786277532578, 0.02427123859524727, 0.00122157228179276, 0.005203363951295614, 0.01795644499361515, -0.011828557588160038, 0.008150490000844002, 0.0006487516802735627, 0.005533789284527302, 0.02086685784161091, 0.01531304232776165, 0.0013166946591809392, 0.021641187369823456, -0.012609562836587429, -0.021881496533751488, -0.012622913345694542, 0.011234459467232227, 0.007936881855130196, 0.003028898499906063, -0.00360797718167305, 0.008290670812129974, -0.005203363951295614, -0.002501552924513817, 0.016714846715331078, 0.010980799794197083, 0.0028787050396203995, -0.002461501397192478, 0.003581276163458824, -0.0031106702517718077, 0.03025227040052414, -0.032174743711948395, 0.005396946333348751, -0.01594051718711853, 0.002735187066718936, 0.006895541679114103, -0.019131289795041084, 0.030359074473381042, 0.013323815539479256, 0.004712732508778572, 0.007990283891558647, -0.025192424654960632, 0.005253428127616644, -0.0040084924548864365, 0.013951289467513561, -0.02488536201417446, 0.012896599248051643, 0.006371533963829279, -0.0015970555832609534, -0.0015186212258413434, -0.017742836847901344, -0.007523016072809696, -0.02551283687353134, -0.0067987507209181786, 0.01606067083775997, 0.022402167320251465, -0.0010054607409983873, 0.02168123796582222, -0.005890915635973215, 0.008557680994272232, 0.0019224743591621518, -0.026193713769316673, 0.006064472254365683, 0.016234228387475014, -0.004081920254975557, -0.03276216611266136, 0.007382835727185011, 0.006278080400079489, -0.01503268163651228, -0.008237268775701523, 0.010947423987090588, 0.010032913647592068, 0.009812629781663418, -0.00291541893966496, -0.011942037381231785, 0.015099434182047844, -0.029077425599098206, -0.022856084629893303, -0.014164897613227367, -0.0010254865046590567, 0.023897424340248108, 0.014738970436155796, 0.02281603217124939, 0.025165723636746407, -0.029718250036239624, -0.004141997545957565, 0.007743299473077059, -0.006154587958008051, 0.03655371442437172, -0.0005966012249700725, -0.00690221693366766, 0.004999768454581499, 0.010099666193127632, 0.016527939587831497, 0.017061959952116013, -0.02305634133517742, 0.014925877563655376, 0.02792927995324135, 0.015913816168904305, 0.007649845909327269, 0.01612742431461811, -0.011161032132804394, -0.016220876947045326, 0.007643170654773712, 0.00680876336991787, 0.04536505416035652, -0.003918376751244068, 0.0011381314834579825, -0.002600013045594096, -0.0026767784729599953, 0.007015696261078119, -0.10424083471298218, -0.03174752742052078, -0.008784639649093151, -0.0008114610682241619, 0.003511185757815838, 0.029024023562669754, 0.011141005903482437, 0.016114072874188423, -0.021280722692608833, 0.02078675478696823, 0.014164897613227367, -0.019438352435827255, 0.0006933924742043018, 0.017676083371043205, 0.03340299427509308, -0.025619640946388245, 0.009365387260913849, 0.001453537493944168, -0.04381639510393143, -0.002413105918094516, -0.006908892188221216, -0.008851392194628716, 0.0023279963061213493, -0.009131752885878086, -0.020212681964039803, -0.02249561995267868, -0.00863778404891491, 0.027261754497885704, -0.01147476863116026, 0.005790786352008581, -0.002232873812317848, 0.005106572527438402, 0.015993919223546982, -0.01106090284883976, 0.012362577952444553, -0.007936881855130196, 0.0011122649302706122, 0.01244268100708723, 0.02811618708074093, -0.031400416046381, -0.000985434977337718, -0.0008402481325902045, 0.0026717721484601498, -0.03132031112909317, 0.011307887732982635, 0.006748686078935862, -0.037595055997371674, 0.03252185881137848, 0.005109910387545824, -0.004282178357243538, -0.004018505569547415, 0.00046977130114100873, -0.028890518471598625, 0.0004063563537783921, 0.020319486036896706, 0.0052601033821702, 0.023870723322033882, 0.010266547091305256, 0.013457320630550385, -0.0002340512437513098, -0.005457023624330759, 0.007022371515631676, -0.01664809323847294, -0.0036880802363157272, 0.003624665318056941, 0.028837116435170174, 0.009765902534127235, 0.0014827417908236384, 0.004826211836189032, -0.015166186727583408, -0.023737218230962753, -0.005947655066847801, -0.01065371185541153, 0.046032581478357315, -0.004495786502957344, 0.010253196582198143, 0.0011998777044937015, -0.034818146377801895, 0.004318892024457455, 0.006782062351703644, -0.016220876947045326, -0.007262681145220995, 0.02210845611989498, -0.01074716541916132, 0.033055879175662994, -0.01540649589151144, -0.0031223520636558533, 0.01046680472791195, 0.005610554479062557, -0.015833713114261627, 0.008557680994272232, 0.014031392522156239, 0.01720881648361683, -0.010006211698055267, -0.0022211922332644463, 0.00022716738749295473, -0.026687681674957275, -0.01670149713754654, 0.027955980971455574, 0.01084061898291111, -0.01134126354008913, -0.010473480448126793, -0.07657856494188309, 0.029157528653740883, 0.009385413490235806, -0.004696044139564037, 0.006054459139704704, -0.013530748896300793, -0.015019331127405167, 0.0008394137257710099, -0.02225531078875065, -0.008984897285699844, 0.0011206089984625578, 0.029771652072668076, -0.014552063308656216, 0.007749974727630615, -0.014044743031263351, -0.0006445796461775899, 0.018637321889400482, -0.024685105308890343, 0.0020709987729787827, 0.018730774521827698, 0.018383661285042763, -8.663494554639328e-06, 0.014418558217585087, 0.0029454578179866076, 0.017102012410759926, -0.010019563138484955, 0.0023196523543447256, 0.02280268259346485, 0.0023163147270679474, -0.022655826061964035, 0.02073335275053978, -0.019745413213968277, 0.0026817850302904844, 0.014311754144728184, -0.010119691491127014, 0.0028803739696741104, -0.011815207079052925, -0.0025566238909959793, 1.2196687748655677e-05, 0.030092064291238785, -0.02576649747788906, -0.014311754144728184, 0.03030567243695259, -0.0031273583881556988, -0.012963351793587208, 0.0060878354124724865, -0.003317603375762701, -0.000887809379491955, 0.02343015745282173, 0.002691797912120819, -0.0017789563862606883, 0.021601134911179543, -0.0060310959815979, 0.00013267075701151043, -0.004469085484743118, 0.01480572298169136, 0.010113016702234745, -0.013410594314336777, -0.003332622582092881, -0.04563206434249878, 0.03983794152736664, 0.003955090418457985, 0.023403456434607506, 0.006161263212561607, 0.010627010837197304, -0.008390800096094608, -0.00355123751796782, 0.005406958982348442, 0.0013625870924443007, -0.006034433376044035, -0.018183402717113495, 0.008397474884986877, -0.004602590575814247, 0.04210752993822098, -0.0079035060480237, 0.026073558256030083, -0.007456263527274132, -0.0016195845091715455, -0.0331626832485199, 0.0015303029213100672, 0.010640361346304417, 0.005493737757205963, -0.030385775491595268, 0.011935361661016941, 0.014164897613227367, 0.0016396102728322148, -0.008838041685521603, 0.0113746402785182, 0.019438352435827255, 0.00923188216984272, 0.010353325866162777, -0.011334588751196861, -0.007175902836024761, 0.013437295332551003, 0.014765671454370022, 0.018570568412542343, -0.01607402227818966, -0.008177191019058228, -0.0023413468152284622, 0.0014376837061718106, -0.013644227758049965, -0.005270116496831179, -0.006398234982043505, -0.0161941759288311, -0.033750105649232864, -0.0042154258117079735, -0.00315072201192379, -0.03294907510280609, -0.0030439177062362432, -0.002688460284844041, 0.018263505771756172, 0.019812166690826416, -0.003921714145690203, 0.017676083371043205, -0.016621392220258713, -0.022482270374894142, -0.0009428802295587957, -0.006705297157168388, -0.017916392534971237, 0.007476289290934801, 0.035458970814943314, 0.011227784678339958, 0.03965103253722191, -0.017168764024972916, 0.0047894977033138275, 0.010847294703125954, 0.002077674027532339, -0.004542513284832239, -0.007923531346023083, -0.02425788901746273, -0.00881801638752222, -0.016981856897473335, -0.0166347436606884, 0.003085638163611293, 0.004245464224368334, 0.006775387097150087, -0.004919665399938822, 0.031080001965165138, -0.0006099517340771854, 0.04872938618063927, 0.00100045430008322, -0.014819073490798473, 0.030172167345881462, -0.009705825708806515, 0.0009120071772485971, 0.02766226977109909, -0.013497372157871723, 0.013257062993943691, 0.004829549230635166, -0.004288853611797094, -0.008524305187165737, 0.02180139347910881, -0.033670004457235336, -0.01014639250934124, 0.0032224808819592, 0.016020620241761208, 0.01588711515069008, -0.00034210699959658086, -0.017035258933901787, -0.00017971046327147633, 0.004882951267063618, 0.01278979517519474, 0.011588248424232006, -0.0010571940802037716, -0.020145930349826813, -0.0077700004912912846, -9.976381988963112e-05, -0.00891146995127201, -0.02097366191446781, 0.0015878770500421524, -0.0003950918617192656, 0.0004267993208486587, -0.00885806791484356, 0.031240208074450493, -0.02375056967139244, -0.018757475540041924, 0.00422210106626153, 0.002060985891148448, 0.007349459454417229, -0.012436006218194962, -0.007409536745399237, -0.024471497163176537, -0.021788043901324272, 0.01168837770819664, -0.008470903150737286, -0.0035211986396461725, -0.030145466327667236, -0.021694589406251907]"
U15363,N31801 N60895 N58200 N58733 N11005 N12215 N30160 N40640 N26201 N4526 N32310 N5325 N63779 N51798 N22997 N49972 N15788 N48356 N8277 N48715 N51330 N57368 N10470 N59574 N54980 N59484 N9660 N52782 N64273 N15676,"[-0.022429920732975006, -0.028805548325181007, 0.02130330353975296, -0.0034214588813483715, -0.034925125539302826, 0.008500837720930576, -0.006798109505325556, 0.0062091960571706295, -0.021802598610520363, -0.010030731558799744, 0.03297915309667587, 0.01454360131174326, -0.010369997471570969, -0.011752663180232048, 0.00016883251373656094, -0.006455643568187952, 0.02634747512638569, -0.03364488109946251, -0.005879532545804977, -0.023748574778437614, -0.0024900794960558414, 0.009057744406163692, -0.021661771461367607, 0.0077198869548738, -0.01180387381464243, 0.00471130758523941, 0.010498021729290485, -0.02360774762928486, 0.013519403524696827, 0.0038183354772627354, -0.011663046665489674, -0.002994176698848605, -0.02194342575967312, 0.0019107679836452007, -0.025438498705625534, -0.03730638697743416, -0.002970172092318535, -0.0112341633066535, 0.0015242935623973608, 0.009704269468784332, 0.013890675269067287, -0.014402774162590504, -0.008052751421928406, -0.01785944029688835, -0.022148266434669495, 0.0035910916049033403, -0.002738127252086997, -0.010363596491515636, -0.01733453944325447, -0.003331841668114066, 0.02770453505218029, 0.015260539017617702, -0.018537970259785652, -0.00010482018842594698, -0.003331841668114066, -0.015030094422399998, -0.015132514759898186, 0.0076174670830369, -0.0021588157396763563, -0.008628861978650093, 0.012968897819519043, 0.010305984877049923, -0.017385749146342278, -0.0019395735580474138, -0.003272630274295807, -0.00420240918174386, 0.004564078990370035, 0.010472416877746582, -0.018691599369049072, -0.015196526423096657, 0.01825631596148014, 0.026757152751088142, -0.0030757924541831017, -0.024619141593575478, 0.014389971271157265, -0.00566509086638689, -0.017500970512628555, 0.005255412310361862, -0.008744084276258945, -0.003434261539950967, 0.015196526423096657, -0.031109992414712906, -0.004743313416838646, 0.027960585430264473, 0.009384207427501678, 0.011938299052417278, -0.007047757506370544, 0.017257723957300186, 0.005143390502780676, -0.008968126960098743, 0.0097426762804389, 0.019344525411725044, 0.00929458998143673, 0.045269519090652466, -0.021264895796775818, 0.007835108786821365, -0.01296249683946371, 0.054128825664520264, 0.028344659134745598, 0.00033126381458714604, -0.002707721432670951, 0.007470238953828812, -0.008398417383432388, -0.01720651425421238, -0.006894127931445837, -0.008904115296900272, -0.005108183715492487, -0.015721427276730537, 0.021162476390600204, -0.028267843648791313, 0.006292412057518959, 0.016451168805360794, 0.01687365025281906, -0.005629884544759989, -0.0133145647123456, 0.004845733288675547, -0.012565620243549347, -0.01491487305611372, 0.016156712546944618, -0.015106909908354282, -0.009505830705165863, -0.02564333938062191, 0.0026965192519128323, -0.0049161468632519245, 0.01976700685918331, 0.018640389665961266, -0.03262068331241608, -0.019382933154702187, 0.0050793783739209175, -0.0006933335098437965, 0.05510181188583374, 0.0304698683321476, 0.014133921824395657, 0.02016388438642025, -0.006785307079553604, 0.014594811014831066, -0.012636033818125725, 0.02711562253534794, 0.007066960912197828, -0.035539645701646805, 0.02176419086754322, 0.017718613147735596, -0.004509668331593275, -0.019779808819293976, 0.005789915099740028, -0.0038407398387789726, 0.022647561505436897, 0.02025349996984005, 0.002293241675943136, 0.0018595581641420722, 0.002664513187482953, 0.029573695734143257, 0.0019123683450743556, -0.017808230593800545, 0.008763288147747517, 0.003536681178957224, -0.009025738574564457, 0.021277697756886482, 0.018883636221289635, -0.0024196659214794636, -0.01376265101134777, 0.01705288514494896, -0.00843682512640953, -0.007700683083385229, -0.005399439949542284, 0.028984783217310905, -0.022801190614700317, -0.005690696183592081, 0.009640256874263287, -0.01834593340754509, 0.004055181052535772, 0.04160801321268082, -0.002736527007073164, 0.017782624810934067, -0.00037427208735607564, 0.001629113801755011, -0.03536041080951691, 0.006196393631398678, -0.037203963845968246, -0.008238386362791061, -0.036589447408914566, 0.021648969501256943, 0.01573423109948635, 0.030111398547887802, -0.008014343678951263, -0.007630269508808851, 0.0017587387701496482, -0.01637435331940651, 0.01742415502667427, 0.00798873882740736, 0.012341576628386974, 0.003266229061409831, -0.015388564206659794, -0.02726925164461136, -0.6489313840866089, 0.0075278496369719505, -0.027192438021302223, 0.013903478160500526, 0.012456798925995827, 0.00041327960207127035, 0.005716301035135984, 0.03495073318481445, -0.010152355767786503, 0.00849443580955267, 0.013404181227087975, 0.021418524906039238, -0.006785307079553604, -0.014876465313136578, -0.011855083517730236, -0.01782103255391121, 0.005677893757820129, 0.00734861521050334, -0.004183205775916576, 0.008033547550439835, -0.01339137926697731, 0.012315971776843071, 0.011042126454412937, -0.010766874067485332, 0.001798746408894658, -0.0008425622945651412, 0.028370264917612076, -0.0020836011972278357, -0.005786714609712362, -0.0005629084189422429, -0.016118304803967476, 0.00834080670028925, 0.010248374193906784, -0.0004476862377487123, 0.052899789065122604, 0.006330819334834814, -0.019997451454401016, 0.017923451960086823, 0.0014706832589581609, 0.011522219516336918, 0.01785944029688835, -0.012642434798181057, 0.007438232656568289, -0.0036262983921915293, -0.025681747123599052, -0.0126808425411582, 0.0015322951367124915, 0.009749077260494232, -0.0037767274770885706, 0.005709899589419365, -0.005204202141612768, 0.005623483099043369, -0.007828707806766033, 0.027576511725783348, 0.00029945766436867416, -0.001632314408197999, 0.023774178698658943, -0.03136604279279709, -0.018486760556697845, -0.01163744181394577, 0.0013586616842076182, -0.005825121887028217, -0.0011226162314414978, -0.012226354330778122, 0.02253234013915062, 0.04386124759912491, -0.04217132180929184, -0.004861736204475164, 0.028114214539527893, 0.009166565723717213, -0.01606709510087967, 0.017552180215716362, -0.004976958502084017, -0.013148132711648941, 0.00791192427277565, -0.007316609378904104, 0.013148132711648941, 0.006375628057867289, -0.016207922250032425, -0.01597747765481472, -0.04007171839475632, -0.005389838013797998, -0.018537970259785652, 0.009268985129892826, -0.006638078484684229, 0.013058515265583992, -0.035386014729738235, 0.022647561505436897, 0.017526576295495033, -0.0003128602693323046, 0.023262079805135727, 0.021188080310821533, 0.00992831215262413, -0.010197163559496403, -0.010773275047540665, 0.0021476135589182377, -0.014633218757808208, -0.0044744620099663734, 0.028575103729963303, 4.4483567762654275e-05, 0.011227762326598167, 0.02274998091161251, -0.004618489649146795, 0.002894957549870014, 0.013340169563889503, 0.007847911678254604, -0.02939446084201336, 0.00561708165332675, 0.03728077933192253, -0.02601461112499237, -0.0026965192519128323, -0.005789915099740028, -0.003895150264725089, 0.0013778653228655457, -0.016771230846643448, -0.028242239728569984, 0.0005136989639140666, 0.011823076754808426, 0.011170151643455029, -0.03425939753651619, -0.002832545433193445, 0.01801306940615177, -0.015286143869161606, -0.0017443359829485416, 0.0022580348886549473, 0.02277558669447899, 0.003559085540473461, -0.0074894423596560955, -0.014069910161197186, -0.010683657601475716, -0.019280513748526573, 0.021994635462760925, 0.02573295682668686, 0.007950331084430218, 0.029189622029662132, 0.025016017258167267, -0.01371144037693739, 0.005012165289372206, -0.021444130688905716, -0.007182183209806681, 0.016566390171647072, 0.0005837124190293252, 0.024913597851991653, 0.012059922330081463, 0.013493798673152924, -0.022097056731581688, -0.025604931637644768, -0.008059152401983738, -0.022365907207131386, 0.010472416877746582, 0.006670084781944752, -0.004375242628157139, 0.01610550284385681, 0.009883503429591656, -0.004704906139522791, 0.013596219010651112, -0.018832426518201828, -0.01659199595451355, 0.0039111534133553505, -0.020739994943141937, 0.01764179766178131, 0.04798364266753197, -0.03543722629547119, -0.00447126105427742, 0.000583312357775867, -0.001800346770323813, 0.013826662674546242, -0.022429920732975006, 0.008443226106464863, -0.009262584149837494, 0.0023492525797337294, -0.018025871366262436, 0.02299322932958603, 0.013455391861498356, 0.0009185769013129175, -0.006186791695654392, -0.016054291278123856, -0.007406226359307766, -0.011042126454412937, 0.014978884719312191, 0.006689288187772036, -0.012111132964491844, -0.015657415613532066, -0.02001025341451168, 0.03817695379257202, -0.0012986501678824425, 0.0005789115093648434, 0.013813860714435577, 0.00018143493798561394, 0.030981967225670815, 0.023505326360464096, -0.000682531448546797, 0.013519403524696827, 0.012706447392702103, -0.009691466577351093, 0.008699275553226471, 0.00795673206448555, 0.01446678675711155, -0.018294723704457283, 0.011592633090913296, -0.004634492564946413, 0.014351564459502697, 8.166572661139071e-05, 0.001837153802625835, -0.0041511994786560535, -0.02529767155647278, 0.004548076074570417, -0.016540786251425743, 0.023530932143330574, 0.02437589503824711, 0.0002818542707245797, -0.014313156716525555, -0.019626179710030556, -0.02472156099975109, 0.00041968084406107664, 0.014402774162590504, 0.001168224960565567, -0.006013958249241114, -0.0009233778691850603, 0.01171425636857748, -0.0056074801832437515, -0.006254004314541817, 0.010088343173265457, 0.013749848119914532, -0.021751388907432556, -0.008731281384825706, 0.0053162239491939545, -0.006545260548591614, -0.0043112304992973804, -0.024516722187399864, 0.004138397052884102, 0.030188214033842087, -0.007374220062047243, 0.01453079842031002, -0.01924210600554943, 0.004647294990718365, -0.005473054014146328, -0.020279105752706528, 0.02456793189048767, -0.0016363151371479034, -0.010241972282528877, 0.03072591871023178, 0.02044553868472576, 0.027141228318214417, 0.013186539523303509, 0.0009129758109338582, 0.049187071621418, -0.0036262983921915293, -0.012098330073058605, -0.0014018700458109379, -0.0076878806576132774, -0.00035626860335469246, 0.004131995607167482, 0.012047120369970798, 0.001933172345161438, -0.009076948277652264, 0.020330315455794334, 0.012264762073755264, 0.042222533375024796, 0.008859306573867798, 0.002707721432670951, -0.0097426762804389, -0.009243380278348923, -0.0026885177940130234, 0.0166816134005785, -0.010901299305260181, -0.004653696436434984, -0.011522219516336918, -0.006039563100785017, -0.005473054014146328, -0.013237749226391315, -0.02268596924841404, -0.004218412563204765, -0.03395213931798935, -0.0143771693110466, 0.003597492817789316, -0.019370131194591522, -0.00010206965816905722, 0.015490983612835407, -0.01874280907213688, -0.008027145639061928, -0.025873783975839615, 0.02080400660634041, 0.023402906954288483, 0.0046248906292021275, -0.0017523375572636724, 0.018307525664567947, -0.003975165542215109, -0.018704403191804886, 0.030367448925971985, -0.009448220022022724, 0.033081572502851486, -0.010062738321721554, 0.01637435331940651, -0.022058648988604546, -0.010254775173962116, 0.013148132711648941, -0.016143908724188805, 0.014799650758504868, 0.0008553647203370929, 0.020125476643443108, 0.0037767274770885706, -0.011214960366487503, 0.006503652781248093, 0.047241099178791046, 0.015785440802574158, -0.00780310295522213, -0.01600308157503605, 0.004522471223026514, 0.016758427023887634, -0.014825255610048771, -0.007380621507763863, -0.015324551612138748, -0.0017251322278752923, -0.00601715873926878, 0.0015963074984028935, -0.03512996435165405, 0.0027445286978036165, -0.0030453866347670555, -0.013442588970065117, -0.015683021396398544, -0.012456798925995827, -0.005021767225116491, -0.02132890745997429, 0.1466650515794754, 0.018986057490110397, 0.025758560746908188, -0.007118171080946922, 0.020739994943141937, 0.003074191976338625, -0.023159660398960114, -0.001501089078374207, -0.005044171586632729, -0.005706699099391699, -0.004973758012056351, -0.023505326360464096, 0.013199342414736748, -0.0016347148921340704, 0.013570614159107208, -0.0001995384373003617, 0.005431446246802807, -0.02422226592898369, 0.04235055670142174, -0.004448856692761183, 0.011797471903264523, -0.007387022953480482, -0.0027173233684152365, 0.016950463876128197, 0.006567664910107851, -0.005962748546153307, 0.0028485485818237066, 0.014825255610048771, 0.006874924059957266, -0.015939069911837578, 0.006951739080250263, -0.008456028997898102, -0.019754204899072647, -0.002133210888132453, 0.008321602828800678, -0.006308414973318577, 0.015183724462985992, 0.003834338393062353, 0.004189606755971909, -0.012719249352812767, 0.044962260872125626, 0.00921777542680502, 0.0028901565819978714, -0.030930757522583008, -0.007316609378904104, -0.018461154773831367, 0.002902959007769823, 0.03466907888650894, 0.004503267351537943, -0.00840481836348772, 0.052003614604473114, -0.0013290559872984886, -0.009339398704469204, -0.01924210600554943, -0.009000133723020554, -0.0037159156054258347, 0.04201769083738327, 0.015567798167467117, -0.0026101027615368366, 0.012059922330081463, -0.008852904662489891, -0.02292921580374241, -0.01825631596148014, -0.011592633090913296, 0.0012026316253468394, -0.020983241498470306, -0.0360773466527462, -0.015286143869161606, -0.01188068836927414, -0.03413137421011925, 0.0024820780381560326, 0.003703113179653883, -0.012399188242852688, 0.012437595054507256, 0.014850860461592674, 0.002293241675943136, 0.008295997977256775, 0.0029877754859626293, 0.029445670545101166, -0.012520811520516872, 0.010766874067485332, -0.012271163053810596, -0.0014330759877339005, -0.021776994690299034, -0.0038823478389531374, 0.011483811773359776, -0.00806555338203907, -0.009179367683827877, -8.106561290333048e-05, -0.021405722945928574, -0.006958140060305595, 0.010965311899781227, 0.006695689633488655, -0.017872242256999016, -0.013852267526090145, 0.006173989269882441, 0.010152355767786503, 0.003600693540647626, -0.020215094089508057, 0.011938299052417278, -0.0007493442972190678, 0.0022212278563529253, -0.0030037786345928907, 0.01160543505102396, 0.0039879679679870605, -0.0009737875661812723, -0.01371144037693739, -0.0018963651964440942, -0.0037159156054258347, -0.006580467335879803, 0.026296265423297882, -0.03577008843421936, 0.01687365025281906, -0.016937661916017532, 0.011675848625600338, 0.035411618649959564, 0.001003393204882741, 0.0054282452911138535, 0.01920369826257229, -0.007515047211199999, -0.0029397662729024887, -0.024619141593575478, 0.02084241434931755, 0.03822816163301468, -0.01939573511481285, -0.00043768429895862937, -0.033568065613508224, -0.02382538840174675, -0.013903478160500526, -0.013532206416130066, 0.00647164648398757, 0.026398684829473495, -5.4960586567176506e-05, -0.00048569354112260044, -0.031596485525369644, -0.024004623293876648, -0.010530028492212296, 0.017808230593800545, -0.0047913226298987865, -0.02452952414751053, 0.009512231685221195, -0.009281788021326065, -0.006881325505673885, -0.03441302850842476, -0.008852904662489891, -0.041172731667757034, -0.0074894423596560955, -0.008673670701682568, -0.007739090360701084, 0.01491487305611372, -0.0023524530697613955, -0.007822306826710701, -0.011362188495695591, 0.02650110423564911, -0.012572021223604679, -0.027371671050786972, 0.005892334971576929, -0.02296762354671955, 0.010325188748538494, 0.01286647841334343, 0.034643471240997314, -0.016860848292708397, 0.0004652896022889763, -0.003568687243387103, 0.005136989522725344, -0.004080785904079676, 0.015990279614925385, 0.004301628563553095, -0.014146724715828896, 0.02121368609368801, 0.0139930946752429, 0.0010898099280893803, 0.01133018173277378, 0.0018579578027129173, 0.015964675694704056, -0.003133403602987528, 0.003696711966767907, -0.026859574019908905, -0.004170403350144625, -0.008430424146354198, -0.0266291294246912, -0.02533607929944992, 0.005265014246106148, 0.0018531569512560964, -0.011887089349329472, -0.029624905437231064, -0.001600308227352798, 0.015350156463682652, 0.0023892601020634174, -0.019997451454401016, 0.007860713638365269, -0.009934713132679462, 0.018819624558091164, -0.012584824115037918, -0.00905134342610836, -0.019293315708637238, -0.0021812201011925936, 0.020739994943141937, 0.0037063139025121927, -0.0023844591341912746, 0.0013354572001844645, 0.008596856147050858, -0.021648969501256943, -0.004019974265247583, -0.002041993197053671, 0.035565249621868134, -0.01733453944325447, -0.001617111498489976, 0.030930757522583008, -0.018486760556697845, -0.018601981922984123, -0.040865469723939896, -0.014774045906960964, -0.023966215550899506, 0.0064460416324436665, -0.00069253338733688, -0.0054442486725747585, -0.004183205775916576, -0.0032838324550539255, -0.0308795478194952, -0.0013922681100666523, 0.010600442066788673, 0.011054929345846176, -0.014236342161893845, -0.0025444901548326015, 0.007559855934232473, -0.02170017920434475, -0.02090642601251602, 0.018077081069350243, 0.025720153003931046, 0.017385749146342278, 0.015286143869161606, 0.03374730050563812, 0.030316239222884178, -0.013288959860801697, 0.01893484592437744, 0.02726925164461136, -0.008577652275562286, -0.03546283021569252, 0.0012930490775033832, -0.0006057166610844433, -0.01672002114355564, -0.004324032925069332, -0.01856357604265213, 0.007707084529101849, 0.002856550272554159, -0.012232756242156029, 0.007182183209806681, -0.016848044469952583, -0.024427104741334915, -0.01643836684525013, 0.007502244785428047, -0.03103317692875862, -0.0027781350072473288, 0.004282424692064524, -0.0122967679053545, 0.019843822345137596, -0.015567798167467117, 0.026219449937343597, 0.021200884133577347, -0.02268596924841404, 0.005860328674316406, 0.009307392872869968, 0.0041511994786560535, -0.023863796144723892, -0.013173737563192844, -0.016015885397791862, 0.007399825379252434, -0.010722065344452858, 0.016169514507055283, 0.0016483174404129386, -0.026705943048000336, 0.025220857933163643, 0.01643836684525013, 0.016604797914624214, 0.00836001057177782, -0.01711689680814743, -0.005821921397000551, -0.036615051329135895, -0.001830752589739859, 0.002333249431103468, 0.01354500837624073, 0.006298813037574291, -0.019408538937568665, -0.0032134188804775476, -0.003136604093015194, -0.0347202867269516, -0.013090521097183228, 0.004218412563204765, 0.012213552370667458, -0.011490212753415108, -0.011765466071665287, 0.0035206780303269625, -0.01785944029688835, -0.004807326011359692, 0.026885177940130234, -0.0005036970251239836, 0.023287685588002205, -0.026142634451389313, 0.018371539190411568, -0.012584824115037918, 0.01184868160635233, -0.024017425253987312, -0.025220857933163643, 0.017987463623285294, -0.029317647218704224, 0.013596219010651112, -0.019984649494290352, -0.026053017005324364, -0.02379978448152542, -0.010197163559496403, 0.005207403097301722, 0.028728732839226723, -0.020419932901859283, 0.002427667612209916, -0.022788388654589653, 0.02345411665737629, -0.03344004228711128, -0.0012098329607397318, 0.04188966751098633, -0.00474011292681098, -0.027781350538134575, 0.023262079805135727, -0.0011426201090216637, 0.010139552876353264, 0.03305596485733986, 0.0020195890683680773, 0.01251441054046154, -0.018601981922984123, 0.001249040593393147, 0.023249277845025063, 0.03500194102525711, -0.0013114525936543941, -0.011483811773359776, -0.017833834514021873, 0.01588786020874977, -0.023006031289696693, 0.0062091960571706295, -0.0022180271334946156, -0.025720153003931046, 0.008001540787518024, -0.0023092448245733976, -0.004157600924372673, 0.015657415613532066, 0.0039495606906712055, -0.03469468280673027, -0.02564333938062191, 0.008199979551136494, 0.014441180974245071, -0.011093336157500744, -0.04716428369283676, 0.026603523641824722, 0.019011661410331726, 0.02939446084201336, -0.019280513748526573, 0.025451302528381348, -0.02610422857105732, 0.014505193568766117, 0.027294857427477837, -0.004189606755971909, 0.012431194074451923, -0.007233393378555775, 0.00806555338203907, 0.0207527969032526, -0.006039563100785017, 0.022276289761066437, -0.01567021757364273, -0.010952509008347988, 0.006593269761651754, -0.013365774415433407, 0.009384207427501678, 0.014185132458806038, -0.01091410219669342, -0.03546283021569252, -0.00912815798074007, 0.013250552117824554, 0.018730007112026215, 0.013416984118521214, -0.020944833755493164, 0.0013418584130704403, -0.008897713385522366, -0.005124187096953392, -0.005604279227554798, 0.010677256621420383, 0.015183724462985992, -0.01878121681511402, -0.008910516276955605, 0.00024864787701517344, 0.00843682512640953, -0.010402003303170204, 0.0035206780303269625, -0.03244144842028618, -0.01179107092320919, -0.008347207680344582, -0.008500837720930576, -0.014338761568069458, -0.013737046159803867, -0.020522352308034897, -0.011983107775449753, 0.044066086411476135, -0.01661759987473488, -0.0014042704133316875, -0.000714537629391998, -0.0006741298129782081, -0.012616829946637154, -0.010133151896297932, -0.00851363968104124, 0.01884523034095764, -0.0347202867269516, -0.01575983501970768, 0.02755090594291687, -0.02665473334491253, 0.012924089096486568, -0.010690058581531048, 0.014338761568069458, -0.004976958502084017, -0.012021515518426895, -0.02557932585477829, 0.02056076005101204, 0.005463452078402042, -0.006535658612847328, -0.0012234356254339218, 0.004442455712705851, 0.0018099485896527767, -0.021418524906039238, -0.01355781126767397, -0.004976958502084017, -0.011861484497785568, 0.004781721159815788, 0.006305214483290911, -0.031750116497278214, -0.03377290442585945, 0.0018211507704108953, 0.00030665905796922743, 0.009121757000684738, 0.015990279614925385, 0.2292153537273407, 0.014710033312439919, -0.0008697675075381994, 0.026757152751088142, -0.035872507840394974, 0.013685835525393486, 0.012047120369970798, 0.02785816602408886, -0.024759968742728233, 0.0050633749924600124, -0.015567798167467117, 0.0011474209604784846, 0.011919095180928707, 0.010369997471570969, 0.015055699273943901, 0.010530028492212296, -0.027064412832260132, -0.03367048501968384, -0.014684428460896015, -0.04401487857103348, 0.006455643568187952, -0.005908337887376547, 0.006013958249241114, -0.009697867557406425, 0.025592129677534103, 0.019690193235874176, -0.015939069911837578, 0.023838190361857414, 0.03262068331241608, 0.0007717486587353051, -0.01757778599858284, -0.005322624929249287, -0.02665473334491253, -0.0071245720610022545, 0.004829730372875929, 0.00019523760420270264, -0.023018833249807358, -0.009320194832980633, -0.007022152654826641, 0.002456473186612129, -0.020202290266752243, 0.003335042390972376, 0.037511225789785385, -0.01445398386567831, -0.01702727936208248, 0.02597620338201523, 0.024926401674747467, -0.017590587958693504, 0.015542193315923214, 0.0021476135589182377, -0.008270393125712872, -0.029752930626273155, 0.004122394137084484, 0.02752530202269554, -0.0026549112517386675, -0.0016251129563897848, 0.015747033059597015, 0.007495843805372715, -0.01197670679539442, 0.020880822092294693, 0.018153896555304527, 0.017654599621891975, -0.004548076074570417, 0.010888497345149517, -0.007892720401287079, 0.024555129930377007, -0.029292041435837746, 0.01221995335072279, 0.01696326769888401, -0.02610422857105732, -0.0009273785981349647, -0.023198068141937256, 0.006308414973318577, -0.01355781126767397, -0.004666498862206936, -0.02441430278122425, 0.02939446084201336, 0.02231469750404358, 0.024836784228682518, 0.002192422281950712, 0.0031814128160476685, 0.01779542677104473, 0.005831523332744837, 0.007291004061698914, 0.017001675441861153, -0.03228781744837761, 0.02632186934351921, -0.007854312658309937, -0.018320327624678612, 0.013365774415433407, 0.037972114980220795, -0.006497251335531473, -0.018141094595193863, -0.004944952204823494, 0.006292412057518959, 0.0023460518568754196, -0.03277431055903435, 0.022417116910219193, -0.02564333938062191, 0.014018700458109379, -0.004455258138477802, 0.039508409798145294, 0.00651965569704771, -0.006023560184985399, -0.011720657348632812, 0.0037831286899745464, -0.00029925763374194503, 0.008084757253527641, 0.01446678675711155, -0.0012210351414978504, -0.04089107736945152, -0.010645249858498573, 0.005991553887724876, -0.0005241009639576077, 0.01134298462420702, 0.020983241498470306, -0.007854312658309937, -0.03771606460213661, 0.029035992920398712, -0.02086801826953888, -0.009544238448143005, -0.02847268432378769, 0.010555633343756199, 0.0007225391454994678, 0.001282647019252181, 0.00843682512640953, 0.005210603587329388, 0.01588786020874977, 0.006500451825559139, -0.03533480688929558, 0.018973253667354584, -0.013416984118521214, -0.012290366925299168, 0.03671747073531151, -0.028831152245402336, 0.003530279966071248, 0.011144546791911125, -0.001801947015337646, -0.007515047211199999, 0.010901299305260181, 0.003837539115920663, 0.008763288147747517, 0.015939069911837578, -0.03041865862905979, -0.0008761687786318362, -0.00860325712710619, 0.03961082920432091, 0.010088343173265457, -0.03134043514728546, 0.0038215359672904015, -0.02167457528412342, 0.022545142099261284, 0.017232118174433708, 0.004205610137432814, 0.013826662674546242, 0.010549231432378292, -0.01683524250984192, -0.016694415360689163, -0.050134457647800446, 0.009678663685917854, -0.04201769083738327, -0.008199979551136494, 0.012271163053810596, -0.0091089541092515, -0.0038567427545785904, 0.004839331842958927, -0.15987719595432281, 0.031289227306842804, 0.007291004061698914, 0.004106390755623579, 0.031161202117800713, 0.006487649399787188, 0.00998592283576727, -0.012424793094396591, -0.032364632934331894, 0.006881325505673885, 0.019651785492897034, -0.021444130688905716, -0.02090642601251602, 0.0281654242426157, 0.0022532339207828045, 0.0026213049422949553, -0.02106005698442459, 0.001990783493965864, -0.016694415360689163, 0.009595448151230812, 0.018422748893499374, -0.020266303792595863, 0.01115734875202179, -0.03804892674088478, 0.023249277845025063, 0.038612235337495804, -0.0018723605899140239, 0.011931898072361946, -0.009006534703075886, 0.012719249352812767, 0.003917554393410683, 0.009461021982133389, 0.024836784228682518, 0.0014106717426329851, 0.015836650505661964, 0.016732823103666306, 0.0021524145267903805, -0.00641723582521081, -0.0028853556141257286, 0.03223660960793495, 0.030393052846193314, 0.033388830721378326, 0.009505830705165863, -0.0023812586441636086, -0.00319421524181962, 0.020138278603553772, 0.007207788061350584, 0.013109724968671799, 0.025681747123599052, 0.0026149037294089794, 0.003898350754752755, -0.038561027497053146, -0.016425563022494316, -0.002805340336635709, 0.0007801502360962331, 0.0015082905301824212, 0.008334404788911343, 0.013596219010651112, 0.0022484329529106617, -0.002707721432670951, 0.014786847867071629, -0.014415576122701168, 0.011170151643455029, 0.004804125055670738, -0.013685835525393486, 0.0216105617582798, 0.019831020385026932, -0.027013203129172325, -0.010722065344452858, -0.025540919974446297, -0.012469601817429066, -0.02102164924144745, -0.021969031542539597, -0.015747033059597015, 0.018448352813720703, 0.008084757253527641, -0.015337353572249413, 0.028242239728569984, -0.028370264917612076, -0.013237749226391315, 0.024887993931770325, 0.01788504421710968, -0.012437595054507256, -0.03638460859656334, -0.015094107016921043, 0.014325959607958794, -0.020458340644836426, -0.011874287389218807, 0.02665473334491253, -0.02472156099975109, 0.017193712294101715, -0.03239023685455322, 3.153107172693126e-05, -0.004298428073525429, 0.016246328130364418, -0.0006749299936927855, 0.01628473587334156, 0.0194853525608778, 0.011291774921119213, -0.020087068900465965, -0.0004296827537473291, -0.0209320317953825, -0.03605174273252487, 0.0007233393262140453, 0.002269237069413066, 0.001270644715987146, -0.005361032672226429, 0.019062871113419533, 0.029189622029662132, 0.004967356566339731, -0.01683524250984192, -0.010824484750628471, 0.000300057785352692, 0.02071438916027546, 0.00367430760525167, 0.01779542677104473, 0.010056336410343647, -0.02281399443745613, 0.010459614917635918, -0.013416984118521214, 0.05210603401064873, 0.01992063596844673, 0.003335042390972376, -0.004548076074570417, -0.015017292462289333, 0.02259635180234909, -0.11030604690313339, -0.007130973506718874, 0.006785307079553604, 0.03515557199716568, -0.001963578164577484, -0.001990783493965864, -0.007258998230099678, 0.020547958090901375, -0.04503907635807991, 0.016054291278123856, -0.017564982175827026, -0.020087068900465965, -0.0031750116031616926, -0.014492391608655453, 0.014761243015527725, 0.014556403271853924, -0.020151080563664436, -0.009429016150534153, -0.013877873308956623, 0.0031974157318472862, -0.009659460745751858, -0.008456028997898102, -0.014031502418220043, 0.00037307184538803995, 0.004813726991415024, -0.01680963672697544, 0.004909745417535305, 0.03305596485733986, 0.022122660651803017, 0.003357446752488613, -0.007700683083385229, -0.00707976333796978, 0.0011426201090216637, -0.0027861366979777813, 0.016207922250032425, 0.01264883577823639, -0.0159134641289711, -0.011374990455806255, 0.010248374193906784, -0.027627721428871155, 0.007604664657264948, 0.019280513748526573, -0.007169380784034729, -0.03228781744837761, -0.0015883059240877628, -0.0047881221398711205, -0.00014992887736298144, 0.00034686681465245783, 0.027730140835046768, -0.008052751421928406, 0.013609020970761776, 0.004890542011708021, -0.0064844489097595215, 0.006695689633488655, -0.011074133217334747, -0.00834080670028925, 0.01604148931801319, 0.02318526618182659, -0.039047520607709885, -0.00263570761308074, 0.021687377244234085, -0.015209329314529896, 0.001936372951604426, -0.01935732737183571, -0.008116763085126877, -0.0111893555149436, -0.018947649747133255, 0.005015365779399872, -0.003699912689626217, -0.020663179457187653, -0.007995139807462692, -0.021661771461367607, -0.013109724968671799, 0.032339029014110565, -0.004634492564946413, -0.01711689680814743, -0.019651785492897034, -0.014441180974245071, -0.007393423933535814, -0.01569582335650921, -0.00745743652805686, 0.013673033565282822, 0.02982974611222744, -0.0052810171619057655, 0.02982974611222744, 0.025604931637644768, 0.0046248906292021275, 0.015388564206659794, -0.006330819334834814, -8.048425002016302e-07, -0.019306117668747902, 0.009320194832980633, 0.014838057570159435, -0.051670752465724945, -0.008001540787518024, 0.021072858944535255, -0.012770459987223148, -0.0020755997393280268, -0.011669447645545006, -0.003632699605077505, -0.01573423109948635, -0.0006393231451511383, -0.045730408281087875, 0.013506601564586163, -0.0173601433634758, -0.0017763421637937427, 0.016335945576429367, -0.009953917004168034, 0.02099604345858097, -0.02292921580374241, -0.03062349744141102, 0.01963898167014122, -0.018858032301068306, 0.03244144842028618, 0.006167587824165821, -0.0022228281013667583, -0.021200884133577347, 0.0033254404552280903, 0.02665473334491253, -0.006580467335879803, 0.023850994184613228, 0.019664587453007698, -0.013327366672456264, -0.0034118571784347296, 0.0005881132674403489, 0.022327499464154243, -0.011125342920422554, 0.012194348499178886, -0.022276289761066437, 0.006314816419035196, -0.006305214483290911, -0.0017459362279623747, 0.01788504421710968, -0.005722702015191317, -0.009275386109948158, 0.015273341909050941, 0.01782103255391121, 0.003767125541344285, -0.012636033818125725, 0.008219183422625065, 0.00977468304336071, 0.049545541405677795, 0.0008037547813728452, -0.037972114980220795, 0.016515180468559265, -0.02632186934351921, 0.0024468712508678436, 0.01856357604265213, 0.002363655250519514, 0.04442455619573593, 0.012155941687524319, -0.00250128167681396, -0.002768533304333687, 0.02426067180931568, 0.004944952204823494, -0.023313289508223534, -0.004743313416838646, -0.037229571491479874, 0.004839331842958927, 0.0029205624014139175, -0.007495843805372715, -0.015554996207356453, 0.012597626075148582, 0.00367430760525167, -0.011272571049630642, 0.01346819382160902, 0.013788255862891674, -0.018819624558091164, -0.0028901565819978714, -0.00920497253537178, 0.011855083517730236, -0.04060942307114601, -0.016233526170253754, -0.006542060058563948, -0.0003354646032676101, -0.006503652781248093, -0.013416984118521214, -0.0060075572691857815, 0.003895150264725089, 0.009998725727200508, -0.012354379519820213, -0.012712848372757435, 0.007969534955918789, -0.015465378761291504, 0.007495843805372715, 0.020112672820687294, 0.01376265101134777, 0.04191527143120766, 0.01613110676407814, 0.0023940610699355602, 0.011471008881926537, 0.013416984118521214, 0.013532206416130066, 0.020944833755493164, -0.0008465630235150456, 0.006314816419035196, 0.003331841668114066, 0.00033106375485658646, -0.0024516722187399864, 0.028805548325181007, -0.01619511842727661, 0.003043786156922579, 0.0101715587079525, 0.011944700963795185, -0.016297539696097374, -0.006218797527253628, -0.010504422709345818, 0.008001540787518024, -0.032185398042201996, -0.038561027497053146, -0.009889904409646988, -0.0012290367158129811, 0.010549231432378292, 0.027064412832260132, 0.013493798673152924, 0.028831152245402336, -0.019370131194591522, 0.02548970840871334, 0.010946108028292656, -0.026449894532561302, 0.0013034510193392634, 0.01810268685221672, -0.00025004814960993826, 0.010363596491515636, 0.01779542677104473, -0.02266036346554756, 0.02410704270005226, 0.007476639933884144, 0.01665600761771202, -0.01371144037693739, -0.028037400916218758, -0.005748307332396507, 0.02406863495707512, -0.0013082519872114062, -0.021200884133577347, -0.00966586172580719, -0.021648969501256943, 0.01970299519598484, 0.0009657859918661416, 0.011471008881926537, -0.029292041435837746, -0.0030613895505666733, 0.010798879899084568, -0.013570614159107208, 0.007387022953480482, 0.01100371964275837, 0.02998337522149086, -0.003002178156748414, 0.014351564459502697, 0.0007633470231667161, 0.004122394137084484, 0.024478314444422722, 0.0005653089028783143, 0.0111893555149436, -0.02336449921131134, -0.013301761820912361, -0.01275765709578991, -0.005168995354324579, 0.0331839919090271, 0.010305984877049923, -0.005306622013449669, 0.00473371148109436, -0.025438498705625534, 0.026526708155870438, -0.002126809675246477, -0.0039495606906712055, 0.0024580734316259623, 0.0122519601136446, -0.000332063966197893, -0.023774178698658943, -0.038304977118968964, 0.03420818969607353, 0.023351697251200676, -0.03912433609366417, -0.008257590234279633, 0.029880955815315247, -0.0007857513264752924, -0.001185028231702745, 0.016758427023887634, -0.0029221628792583942, -0.011150947771966457, -0.009896306321024895, 0.014389971271157265, -0.0374344103038311, -0.014300353825092316, 0.009902707301080227, -0.024183858186006546, -0.020176686346530914, -0.0005965149030089378, 0.0024548727087676525]"
U17841,N41089 N3577 N59496 N18086 N56175 N56630 N13893 N45794 N56537 N5978 N11727 N54435 N40716 N7499 N9803 N34934 N20109 N10417 N63180 N619 N60850 N11005 N995 N32852 N59254 N40944 N40640 N6750 N21720 N27919 N61186 N55556 N46795 N18870 N38495 N42570 N17681 N22816 N32268,"[-0.00792404729872942, -0.022197656333446503, 0.009059741161763668, -0.0428982637822628, -0.037813451141119, 0.005552640650421381, -0.008104725740849972, 0.003610345534980297, -0.0015277020866051316, -0.01912612095475197, 0.03967185690999031, 0.010892338119447231, -0.013886441476643085, -0.0013623489066958427, -0.008285404182970524, -0.025849945843219757, 0.02201697789132595, -0.004471795167773962, -0.017629068344831467, -0.02686948888003826, -0.030534682795405388, 0.028960198163986206, -0.04408557713031769, 0.004462116397917271, 0.009950228966772556, 0.018287256360054016, -0.0023004256654530764, -0.008266045711934566, 0.02348821796476841, -0.011324676685035229, -0.010369661264121532, 0.0025762831792235374, 0.0011389204300940037, 0.015138285234570503, -0.03154132142663002, -0.01469949446618557, 0.007304577622562647, -0.0012591039994731545, -0.004681511782109737, 0.018467934802174568, 0.02267516404390335, -0.012815275229513645, 0.006023695692420006, 0.0013413772685453296, -0.030405627563595772, 0.017887180671095848, 0.016532091423869133, -0.0276696365326643, -0.03259958326816559, 0.01815819926559925, 0.01971977949142456, 0.022029884159564972, -0.04377584531903267, -0.026792054995894432, -0.013912252150475979, 0.0049202656373381615, -0.00020729642710648477, 0.016377225518226624, -0.013318593613803387, -0.004958982113748789, -0.012763652950525284, -0.0023810858838260174, -0.033890143036842346, 0.027953561395406723, -0.0004339512961450964, 0.006878692656755447, -0.003768439404666424, 0.009214608930051327, -0.01322825439274311, -0.01170539204031229, 0.01396387442946434, 0.006627032998949289, 0.020907094702124596, -0.029760347679257393, 0.0004395974974613637, -0.01814529299736023, -0.016196545213460922, 0.011292412877082825, -0.019448760896921158, 0.022804221138358116, 0.025901567190885544, 0.003594213631004095, -0.0019310025963932276, 0.01872604712843895, -0.015202813781797886, 0.0005053354543633759, -0.014183269813656807, 0.0039297593757510185, 0.004436304792761803, 0.02537243813276291, -0.004726681392639875, -0.005723639857023954, -0.011647316627204418, 0.01018252968788147, -0.007582048419862986, 0.00940174050629139, -0.04354354366660118, 0.02759220264852047, 0.009021024219691753, -0.02544987201690674, 0.012989500537514687, 0.0009606616804376245, -0.024339988827705383, -0.001711607095785439, 0.014880173839628696, -0.020261814817786217, 0.0019390685483813286, -0.006533467210829258, -0.0002220168971689418, -0.012963689863681793, 0.02769544906914234, 0.003632930340245366, 0.02965710125863552, -0.040523629635572433, -0.02890857681632042, 0.011182715184986591, 0.0006747216684743762, -0.02152656391263008, 0.01961653307080269, -0.030250759795308113, 0.023359162732958794, 0.026314547285437584, 0.019268082454800606, 0.006730278022587299, 0.004604077897965908, 0.0020245681516826153, 0.025682171806693077, -0.014815645292401314, -0.001456721220165491, 0.005720413755625486, 0.024172216653823853, 0.005000925622880459, 0.037658583372831345, 0.013460556045174599, -0.005894639529287815, -0.006788352970033884, -0.01782265305519104, 0.033141616731882095, -0.020223097875714302, 0.0006485071498900652, -0.0025133683811873198, 0.005807526409626007, -0.02686948888003826, 0.0017374183516949415, -0.011034300550818443, 0.02011985331773758, 0.00034139383933506906, -0.0031199322547763586, 0.0010106709087267518, -0.0020003702957183123, 0.020920000970363617, -0.01417036447674036, -0.016816016286611557, -0.006104355677962303, -0.0062753548845648766, 0.030921852216124535, -0.011221432127058506, -0.002929574577137828, -0.014738211408257484, -0.020920000970363617, -0.009834078140556812, 0.01685473322868347, 0.019926268607378006, 0.020636077970266342, 0.019990796223282814, 0.018184009939432144, 0.007898235693573952, -0.014673683792352676, 0.002700499724596739, 0.005678470246493816, 0.0009517890866845846, -0.012157089076936245, 0.0012744293780997396, 0.01839050091803074, 0.023023616522550583, 0.023707613348960876, 0.001674503437243402, -0.03450961410999298, -0.0415818877518177, -0.003787797875702381, 0.000342200422892347, 0.0336836539208889, 0.009008118882775307, 0.020326342433691025, 0.010885885916650295, -0.0060527329333126545, 8.146669279085472e-05, 0.00883389264345169, 0.01079554669559002, -0.03949118033051491, -0.016403036192059517, -0.004736360628157854, -0.0002738409966696054, -0.016312696039676666, -0.6620063781738281, -0.012266786769032478, 0.00564943253993988, 0.006372147239744663, 0.008872609585523605, 0.001105849863961339, 0.012311955913901329, 0.016609525308012962, -0.02373342402279377, -0.0051138498820364475, 0.01005992665886879, -0.010776188224554062, -0.00047952422755770385, -2.0127212337683886e-05, 0.027385713532567024, -0.01783555932343006, -0.013125009834766388, -0.003295771311968565, -0.004575040191411972, 0.0440339557826519, -0.04137539863586426, 0.030534682795405388, 0.0189067255705595, 0.02587575651705265, 0.013486366719007492, 0.008937138132750988, -0.006504429504275322, -0.02235252410173416, -0.015202813781797886, -0.007704651914536953, 0.0055268295109272, 0.0006376180099323392, 0.0022923597134649754, 0.0040039666928350925, 0.049247823655605316, 0.01203448511660099, 0.0006327783921733499, 0.006310845259577036, -0.005036415997892618, 0.039387933909893036, 0.029424801468849182, 0.01211191900074482, 0.012963689863681793, -0.011311771348118782, 0.008227328769862652, -0.014221986755728722, 0.02159109339118004, 0.004271758254617453, 0.0037232697941362858, 0.014596249908208847, -0.0018035596003755927, 0.009640494361519814, -0.019771400839090347, 0.015512548387050629, -0.0110536590218544, 0.023591462522745132, 0.002640811260789633, -0.005584904458373785, 0.007452992256730795, 0.0007388464291580021, 0.004287890158593655, 0.0036361569073051214, -0.02579832263290882, -0.007814349606633186, -0.013125009834766388, 0.027256658300757408, -0.008349932730197906, 0.017125749960541725, 0.02537243813276291, -0.022146034985780716, -0.008149895817041397, 0.028469786047935486, -0.02301071025431156, 0.015654509887099266, 0.009988945908844471, 0.030844418331980705, 0.012279692105948925, -0.019823024049401283, -0.025849945843219757, 0.009079099632799625, -0.008737101219594479, -0.010021209716796875, -0.033296484500169754, 0.003691005753353238, 0.027488958090543747, 0.004720228258520365, -0.008827440440654755, -0.0039878347888588905, -0.011156903579831123, 0.012311955913901329, 0.01964234560728073, 0.024262554943561554, -0.006314071826636791, -0.004174966365098953, -0.004323380999267101, 0.0029731309041380882, -0.020468303933739662, -0.012860444374382496, 0.011079469695687294, 0.001989077776670456, 0.01690635457634926, 0.0050138309597969055, 0.006494750268757343, -0.015473831444978714, 0.005346150603145361, -0.011014942079782486, -0.017022505402565002, -0.004110438283532858, 0.021539470180869102, -0.00708518223837018, -0.011950599029660225, 0.008136989548802376, 0.018171105533838272, -0.0199520792812109, -0.02323010563850403, -0.023772140964865685, -0.007640123832970858, -0.007556237280368805, 0.004475021734833717, -0.02777288295328617, 0.022404147312045097, 0.0058881863951683044, 0.0259660966694355, -0.0109181497246027, -0.0031263851560652256, 0.016041679307818413, -0.010130907408893108, -0.03288350626826286, -0.00024923967430368066, 0.01602877303957939, 0.01840340532362461, 0.03154132142663002, 0.006891597993671894, 0.00018461077706888318, 0.011686033569276333, -0.010259963572025299, 0.01343474444001913, -0.004729907494038343, 0.021126490086317062, -0.018596990033984184, -0.01790008693933487, -0.01244101207703352, -0.003952344413846731, -0.0032425355166196823, 0.000377489224774763, -0.02769544906914234, -0.01676439307630062, -0.005149340257048607, -0.04214973747730255, 0.015344775281846523, -0.009266231209039688, 0.009033930487930775, -0.015254436060786247, -0.010066378861665726, 0.005549414083361626, -0.0014881786191836, 0.006923862267285585, -0.0020165021996945143, 0.005936582572758198, -0.017190277576446533, 0.0071174465119838715, 0.014712400734424591, -0.01145373284816742, -0.02021019160747528, -0.012266786769032478, -0.011156903579831123, 0.02299780398607254, -0.005833337549120188, -0.021823393180966377, -0.01707412861287594, 0.026921112090349197, -0.020352153107523918, 0.01691926084458828, 0.0023262370377779007, 0.018416311591863632, -0.001277655828744173, 0.010079285129904747, 0.00838219653815031, -0.013008859008550644, -0.01971977949142456, 0.0012445851461961865, 0.0020681247115135193, -0.011595694348216057, -0.011214978992938995, 0.013008859008550644, 0.024507761001586914, 0.04181418940424919, 0.03685843572020531, -0.01618364080786705, 0.03505164757370949, -0.008156348019838333, -0.010601961985230446, 0.008543516509234905, -0.011182715184986591, 0.0035684024915099144, 0.03293512761592865, 0.004481474403291941, -0.027385713532567024, -0.023539841175079346, 0.017758125439286232, -0.00139057997148484, 0.011679581366479397, 0.021733054891228676, 0.001921323360875249, -0.008879062719643116, -0.011550525203347206, -0.013628329150378704, -0.021294264122843742, 0.030199138447642326, 0.005139661021530628, 0.003862005192786455, -0.004084627144038677, -0.0039297593757510185, -0.00817570649087429, -0.0013429905520752072, 0.006685108412057161, -0.00891777966171503, -0.015254436060786247, -0.0016535317990928888, 0.01071165967732668, -0.009911512024700642, 0.017474202439188957, 0.027205035090446472, 0.020481210201978683, 0.0018584084464237094, -0.0007150517194531858, 0.00749170919880271, 0.0024940099101513624, -0.009608229622244835, 0.006188242230564356, 0.013770290650427341, 0.0036038928665220737, 0.00462020980194211, 0.028521407395601273, 0.006091449875384569, 0.004539549816399813, 0.004239494446665049, -0.008149895817041397, 0.02085547335445881, -0.03381270915269852, 0.0007779665756970644, 0.01831306703388691, 0.030173325911164284, -0.00642699608579278, 0.010537434369325638, -0.02561764419078827, 0.03381270915269852, 0.00189873855561018, 0.011266601271927357, 0.007433633785694838, 0.01783555932343006, 0.006401184946298599, -0.004823473282158375, -0.004258852917701006, -0.01371866837143898, -0.013705762103199959, 0.02957966737449169, 0.0051170759834349155, 0.003184460336342454, 0.038226429373025894, 0.010872980579733849, -0.013157273642718792, 0.00833057425916195, -0.028521407395601273, 0.0017438711365684867, 0.0227655041962862, 0.03192849084734917, 0.02079094387590885, -2.5584371542208828e-05, 0.023875387385487556, 0.007336841896176338, -0.017603257670998573, 0.008614497259259224, 0.011221432127058506, 0.029269933700561523, 0.01059550978243351, -0.013537989929318428, -0.014092930592596531, 0.02062317170202732, -0.00185356882866472, -0.011976409703493118, -0.04493734985589981, 0.004752492532134056, 0.020739322528243065, -0.022133128717541695, -0.025811228901147842, 0.022894559428095818, 0.013499272987246513, -0.015396397560834885, 0.009763097390532494, -0.024507761001586914, 0.017022505402565002, -0.04413720220327377, -0.0035006478428840637, -0.009879248216748238, -0.01880348101258278, 0.03120577521622181, -0.008775818161666393, 0.025023985654115677, -0.016570808365941048, -0.003884589998051524, -0.00865966733545065, -0.020003702491521835, -0.02604353055357933, 0.03285769373178482, 0.01782265305519104, -0.015667416155338287, -0.01219580601900816, 0.02175886556506157, 0.0008066009031608701, 0.005449395626783371, -0.008291857317090034, -0.03226403519511223, 0.022804221138358116, -0.004375003278255463, 0.0029941024258732796, -0.024288365617394447, 0.007891783490777016, 0.029347367584705353, 0.010014756582677364, -0.009956681169569492, -0.03719398006796837, -0.031257398426532745, -0.004249173682183027, 0.12441012263298035, -0.014118742197751999, -0.014002591371536255, 0.005139661021530628, 0.025436965748667717, -0.01191188208758831, -0.014312325976788998, 0.0011671514948830009, -0.014854362234473228, -0.025669267401099205, -0.02906344272196293, -0.004255626350641251, 0.030354004353284836, 0.020016608759760857, 0.034122444689273834, 0.020416682586073875, -0.01244101207703352, -0.011763467453420162, 0.010756829753518105, -0.005678470246493816, -0.027953561395406723, -0.014428476803004742, 0.007988574914634228, 0.004913812503218651, 0.02957966737449169, -0.013357310555875301, 0.02004241943359375, 0.017435485497117043, -0.009614682756364346, 0.007859518751502037, -0.002345595508813858, -0.0020519925747066736, 0.011034300550818443, 0.020894190296530724, 0.0167514868080616, -0.007020654156804085, 0.0049686613492667675, 0.00749170919880271, -0.004555681720376015, -0.01822272688150406, 0.004749265965074301, -0.01987464539706707, -0.024998174980282784, -0.008827440440654755, 0.0005375994951464236, -0.009672758169472218, -0.017964614555239677, 0.017048316076397896, -0.0059623937122523785, -0.019190648570656776, 0.024043159559369087, 0.0072852191515266895, -0.003839420387521386, -0.007123899180442095, 0.02774707041680813, 0.010563245043158531, -0.015512548387050629, -0.019332610070705414, -0.0011090761981904507, -0.006917409133166075, -0.03427731245756149, -0.012886255979537964, 0.008033744990825653, -0.0036006662994623184, -0.01717737317085266, -0.023436596617102623, -0.02612096443772316, -0.015473831444978714, -0.014712400734424591, -0.015667416155338287, 0.015628699213266373, -0.026430698111653328, 0.0004617790109477937, -0.001165538327768445, 0.027075979858636856, 0.018545368686318398, 0.0033619124442338943, -0.008556422777473927, 0.038716841489076614, 0.01236357819288969, 0.013667046092450619, -0.01317663211375475, -0.019500384107232094, -0.0011986088939011097, -0.003991061355918646, 0.03195429965853691, 0.0070012956857681274, -0.024920741096138954, -0.017061222344636917, 0.022546108812093735, -0.005723639857023954, -0.005410678684711456, 0.019332610070705414, -0.01757744699716568, -0.000709808780811727, -0.005181604065001011, 0.004807341378182173, 0.005713960621505976, -0.0010993970790877938, 0.006627032998949289, 0.015589982271194458, -0.005342924501746893, 0.0072529553435742855, 0.006404411047697067, 0.00944690965116024, -0.017125749960541725, -0.010111548937857151, 0.008124084211885929, -0.009466268122196198, 0.008640308864414692, -0.005536508746445179, -0.005701055284589529, -0.007033559959381819, -0.007962764240801334, 0.01338312216103077, -0.004704096354544163, -0.0023149445187300444, 0.011937693692743778, 0.004207230173051357, 0.014673683792352676, 0.022442864254117012, -0.01137629896402359, 0.015215719118714333, 0.04478248208761215, 0.0012962076580151916, 0.0006364081054925919, 0.007872425019741058, -0.02544987201690674, -0.0218362994492054, 0.009763097390532494, 0.0010969772702082992, 0.022546108812093735, -0.011318223550915718, -0.02849559672176838, -0.02159109339118004, -0.01191188208758831, -0.01618364080786705, 0.0015083437319844961, -0.017345145344734192, 0.0033457805402576923, -0.01913902536034584, 0.009846983477473259, 0.014893079176545143, -0.005713960621505976, -0.0073432945646345615, -0.018016237765550613, 0.0015196361346170306, 0.010356755927205086, -0.008149895817041397, 0.013563800603151321, 0.012337767519056797, -0.009182344190776348, -0.017525823786854744, -0.0073432945646345615, -0.026740433648228645, -0.017783936113119125, -0.012795916758477688, -0.005091264843940735, 0.007278766483068466, 0.00998249277472496, 0.042020682245492935, 0.001284915255382657, 0.014544627629220486, 0.010201888158917427, 0.0008493507630191743, 0.01791299320757389, -0.014118742197751999, 0.008769365027546883, 0.021745961159467697, 0.01808076538145542, 0.03776182606816292, 0.003042498603463173, 0.024365799501538277, -0.004971887916326523, -0.016622431576251984, -0.005926903337240219, -0.014570438303053379, -0.022855842486023903, -0.011105281300842762, 0.014725306071341038, -0.008885515853762627, -0.02013275772333145, -0.015164096839725971, 0.018674423918128014, -0.044395312666893005, -0.01211837213486433, 0.02120392397046089, -0.010279322043061256, 0.000788452394772321, -0.0008929072064347565, 0.032470524311065674, -0.0001336941058980301, -0.007956311106681824, 0.004036230966448784, -0.00838219653815031, 0.002668235683813691, -0.016144923865795135, -0.013473461382091045, -0.007827254943549633, 0.018545368686318398, 0.012066749855875969, 0.01445428840816021, -0.03319324180483818, 0.021578187122941017, -0.006614127196371555, 0.029037632048130035, -0.003820061916485429, 0.00370713765732944, 0.0021987941581755877, -0.022068601101636887, -0.008317668922245502, -0.04047200828790665, -0.004665379412472248, -0.03845873102545738, -0.008756459690630436, 0.02292037196457386, 0.015654509887099266, 0.0073432945646345615, -0.0336836539208889, -0.0003607522521633655, 0.01592552848160267, -0.014080025255680084, 0.007504614535719156, -0.017216090112924576, 0.011944145895540714, 0.017629068344831467, 0.01038901973515749, -0.014286515302956104, 0.012202258221805096, -0.0028279428370296955, 0.004145928658545017, 0.011118186637759209, 0.04485991597175598, -0.0017083807615563273, -0.01010509580373764, 0.005897865630686283, 0.011189167387783527, -0.012202258221805096, -0.017641974613070488, 0.02504979819059372, 0.016622431576251984, 0.011221432127058506, -0.025398248806595802, -0.028211673721671104, -0.028624651953577995, -0.006607674527913332, 0.007904688827693462, 0.016725676134228706, 0.013092746026813984, -0.040110647678375244, -0.00824668724089861, 0.02563055045902729, -0.0018745404668152332, 0.006994843017309904, 0.009085552766919136, 0.00572686642408371, 0.028108427301049232, -0.017758125439286232, -0.008014386519789696, -0.016609525308012962, 0.0020729643292725086, 0.012395842932164669, -0.002427868777886033, 0.025566022843122482, -0.0026730753015726805, 0.014854362234473228, -0.03179943561553955, 0.002853753976523876, 0.019848834723234177, 0.015602887608110905, -0.03358040750026703, -0.012473275884985924, 0.003065083408728242, 0.0023585010785609484, 0.008724194951355457, 0.004607304465025663, -0.009763097390532494, -0.027798693627119064, 8.388649439439178e-05, 0.0032489884179085493, 0.00784661341458559, -0.0010953639866784215, -0.008472535759210587, 0.00152447575237602, 0.0011042365804314613, -0.010982678271830082, -0.013460556045174599, -0.0009243646054528654, 0.018338877707719803, 0.013757385313510895, -0.02143622562289238, -0.020261814817786217, -0.00019721391436178237, 0.0041201175190508366, -0.02077803947031498, 0.007575595751404762, -0.005152566358447075, 0.005875281058251858, -0.011305318213999271, 0.027385713532567024, -0.039052389562129974, -0.012550709769129753, -0.013331499882042408, 0.01424779836088419, -0.01383481826633215, 0.000994538888335228, 0.028521407395601273, -0.028392352163791656, -0.014144553802907467, -0.011937693692743778, -0.0009292042232118547, -0.007814349606633186, -0.0029650649521499872, -0.014996323734521866, 0.0010300293797627091, -0.0003067099896725267, -0.0021407187450677156, 0.0032780261244624853, 0.012073202058672905, 0.037245601415634155, -0.04129796475172043, -0.004820247180759907, 0.02579832263290882, 0.004626662936061621, -0.03303837403655052, -0.010066378861665726, 0.019939174875617027, 0.0027456695679575205, -0.017771031707525253, 0.012892709113657475, -0.0019939173944294453, 0.030173325911164284, -0.020726416260004044, -0.01708703301846981, -0.011673128232359886, 0.007272313814610243, -0.019242271780967712, 0.007549784611910582, 0.0002950142661575228, -0.0021197472233325243, 0.02694692276418209, 0.024017348885536194, 0.02826329506933689, -0.014144553802907467, 0.007782085333019495, -0.0028440747410058975, 0.025720888748764992, -0.0032796391751617193, -0.01162795815616846, -0.01627397909760475, -0.030844418331980705, 0.024094782769680023, -0.008511252701282501, -0.026379074901342392, -0.008298310451209545, -0.010821357369422913, -0.03737466037273407, -0.011982862837612629, -0.0359550416469574, 0.012628143653273582, 0.022959088906645775, 0.026004813611507416, 0.022855842486023903, 0.022778408601880074, 0.02471425198018551, 0.0003835387178696692, -0.024249648675322533, -0.001084071584045887, 0.0192938931286335, -0.044730860739946365, -0.012763652950525284, 0.0021794356871396303, -0.02169433794915676, 0.013757385313510895, -0.021294264122843742, -0.013473461382091045, -0.013602517545223236, 4.690888454206288e-05, -0.016712769865989685, -0.015228625386953354, 0.0008469309541396797, 0.024172216653823853, -0.0016809562221169472, -0.0036006662994623184, 0.021500753238797188, -0.026095151901245117, -0.005904318764805794, 0.005817205645143986, -0.0014026790158823133, -0.007982122711837292, 0.027566391974687576, 0.01748710684478283, 0.018622800707817078, -7.637502130819485e-05, 0.0004379843012429774, -0.023927008733153343, 0.030095892027020454, -0.03203173354268074, 0.027385713532567024, 0.006533467210829258, 0.0005718800239264965, 0.009434004314243793, 0.011937693692743778, 0.00932430662214756, -0.01063422579318285, -0.0007138418150134385, 0.007685293443500996, 0.002242350485175848, 0.018016237765550613, -0.008278951980173588, -0.004707322921603918, -0.005171924829483032, 0.014854362234473228, -0.003974929451942444, 0.00879517663270235, 0.004813794046640396, -0.014118742197751999, -0.005378414876759052, 0.008027291856706142, -0.005317112896591425, -0.036187343299388885, 0.002831169171258807, 0.015138285234570503, -0.005791394505649805, 0.0019406817154958844, -0.009963134303689003, -0.013150821439921856, -0.03311580792069435, -0.009408192709088326, 0.02323010563850403, -0.00505254790186882, -0.010582603514194489, 0.009008118882775307, -0.00011615052790148184, -0.014312325976788998, 0.015383492223918438, 0.20452818274497986, -0.003118318971246481, 0.006343109533190727, 0.036342211067676544, -0.003394176485016942, -0.0020148891489952803, 0.023049427196383476, 0.016286885365843773, -0.001629333826713264, 0.00435241824015975, -0.020313436165452003, 0.02079094387590885, -0.010085737332701683, -0.01071165967732668, -0.002860206877812743, 0.0014551080530509353, -0.03285769373178482, -0.03791669383645058, 0.0009275910560972989, 0.01987464539706707, -0.021655621007084846, -0.009085552766919136, -0.0047879829071462154, -0.005636527203023434, 0.016325602307915688, 0.0006138233002275229, 0.00472345482558012, 0.013034670613706112, -0.006255996413528919, -0.006794806104153395, 0.011427921243011951, -0.028030995279550552, -0.003997514024376869, -0.004475021734833717, -0.007511067669838667, -0.01808076538145542, -0.019280988723039627, -0.010227699764072895, 0.00998249277472496, 0.022313807159662247, 0.004236267879605293, 0.016816016286611557, 0.0276696365326643, -0.02950223535299301, -0.020481210201978683, 0.028289107605814934, 0.006665749941021204, -0.00879517663270235, 0.01396387442946434, 0.0031667151488363743, -0.024520667269825935, 0.01051807589828968, 0.0012518445728346705, 0.019577816128730774, -0.01371866837143898, 0.004200777504593134, 0.009201702661812305, -0.00924041960388422, -0.01668695919215679, 0.002861819928511977, 0.01310565136373043, 0.008304762654006481, -0.013731573708355427, 0.005036415997892618, -0.03365784138441086, -0.010801998898386955, -0.009175891987979412, 0.04173675552010536, 0.010350302793085575, -0.010582603514194489, -0.016390129923820496, 0.001367995166219771, -0.011563430540263653, 0.009911512024700642, 0.007382011506706476, -0.0246497243642807, 0.005701055284589529, 0.015525453723967075, 0.005029963329434395, 0.017190277576446533, -0.000646490603685379, -0.01871314086019993, 0.0003387723700143397, -0.006781900301575661, 0.0021181339398026466, -0.01964234560728073, 0.019410043954849243, 0.018054954707622528, -0.0010921376524493098, -0.02463681809604168, 0.0008549969643354416, -0.05632010102272034, -0.014893079176545143, -0.016867637634277344, 0.014092930592596531, 0.02388829179108143, 0.04821537435054779, 0.017280617728829384, -0.01277655828744173, 0.004139475990086794, -0.028727898374199867, 0.001919710193760693, 0.004300795961171389, -0.024946551769971848, 0.0022213789634406567, 0.006072091404348612, 0.000714245077688247, 0.023630179464817047, 0.003729722462594509, -0.021384602412581444, 0.0002627502544783056, -0.03172200173139572, 0.007382011506706476, -0.007749821525067091, -0.020558644086122513, 0.004349192138761282, 0.017267711460590363, -0.020932907238602638, 0.02120392397046089, -0.006943220738321543, 0.012595879845321178, -0.0400848388671875, -0.0032715732231736183, -0.010563245043158531, 0.005317112896591425, -0.011621505953371525, -0.00824668724089861, 0.009556607343256474, 0.017861369997262955, -0.025256287306547165, -0.007698198780417442, -0.0077175572514534, 0.02849559672176838, -0.022481579333543777, -0.030431438237428665, -0.009169438853859901, 0.016067489981651306, -0.014441382139921188, 0.006639938801527023, -0.026998545974493027, -0.003729722462594509, -0.002785999560728669, 0.0016196545911952853, -0.019268082454800606, 0.0031296114902943373, -0.013066934421658516, 0.02676624432206154, 0.0020068229641765356, -0.025682171806693077, -0.02867627516388893, -0.018042048439383507, -0.0005892219487577677, 0.002661783015355468, -0.020236004143953323, 0.022378334775567055, -0.016880543902516365, -0.009279136545956135, -0.0004621823027264327, 0.02102324552834034, 0.018751857802271843, -0.02751477062702179, -0.00784016028046608, -0.0021778224036097527, -0.041685134172439575, -0.015280247665941715, -0.0004827506490983069, -0.16240425407886505, 0.027798693627119064, -0.016222357749938965, 0.007756274193525314, 0.009563060477375984, 0.0071174465119838715, 0.018467934802174568, -0.0070722769014537334, -0.002618226455524564, -0.02137169800698757, 0.01832597330212593, -0.015202813781797886, -0.003849099390208721, -0.005833337549120188, 0.008014386519789696, -0.002826329553499818, -0.03554206341505051, 0.0072529553435742855, 0.020571548491716385, -0.009666305035352707, 0.045453574508428574, -0.010208341293036938, 0.02152656391263008, -0.02594028413295746, -0.0026117737870663404, 0.015667416155338287, -0.013163726776838303, -0.017409672960639, -0.03319324180483818, -0.012279692105948925, -0.0037103642243891954, 0.01358961220830679, 0.036677755415439606, 0.03853616490960121, 0.0346386693418026, 0.025837039574980736, -0.012789463624358177, 0.002273001242429018, -0.008401555009186268, 0.000527113676071167, 0.013679951429367065, 0.01136984582990408, 0.007769179996103048, 0.013809007592499256, -0.001419617561623454, 0.011092375963926315, 0.017125749960541725, 0.0035909872967749834, 0.0023117181845009327, -0.01343474444001913, 0.021242640912532806, -0.04963499307632446, -0.005313886795192957, 0.0015156030422076583, -0.003974929451942444, 0.035516250878572464, -0.0003085248463321477, -0.01937132701277733, 0.001890672487206757, -0.030999286100268364, -0.006585089955478907, -0.017512919381260872, 0.01716446690261364, -0.013783195987343788, 0.0032780261244624853, -0.02406897023320198, 0.013357310555875301, 0.0038297411520034075, -0.030508872121572495, 0.008195064961910248, -0.02612096443772316, -0.003252214752137661, -0.005371962208300829, -0.0011695713037624955, 0.01938423328101635, 0.012615238316357136, 0.003168328432366252, 0.009363023564219475, 0.010130907408893108, -0.00626244954764843, -0.045376140624284744, 0.058436620980501175, -0.008653214201331139, 0.006414090283215046, -0.006943220738321543, 0.010524528101086617, -0.0214491318911314, -0.007181974593549967, 0.0026343585923314095, 0.00042870838660746813, 0.030612116679549217, -0.009634041227400303, -0.015396397560834885, -0.016970882192254066, 0.009827625006437302, 0.005171924829483032, 0.011208525858819485, -0.007394916843622923, -0.0014075185172259808, -0.021139396354556084, -0.00433306023478508, 0.008240235038101673, -0.03825224190950394, -0.009343665093183517, -0.006362468004226685, 0.02201697789132595, 0.02676624432206154, 0.01937132701277733, 0.025643454864621162, -0.024030253291130066, -0.010298680514097214, 0.015370586887001991, 0.011118186637759209, 0.03293512761592865, 0.0192938931286335, 0.008337026461958885, -0.0071948799304664135, -0.006423769518733025, 0.017551636323332787, -0.008827440440654755, 0.05735255032777786, 0.006833523046225309, -0.014273609966039658, 0.003820061916485429, 0.013421839103102684, 0.027824504300951958, -0.10943961143493652, -0.015022135339677334, 0.0027456695679575205, 0.022275090217590332, -0.008446724154055119, 0.015835188329219818, 0.002279454143717885, 0.0515708364546299, -0.024752968922257423, 0.02373342402279377, -0.008891968056559563, -0.027075979858636856, -0.008136989548802376, -0.014531721360981464, 0.036832623183727264, 0.016532091423869133, 0.0003468383802101016, 0.0071948799304664135, 0.004597625229507685, 0.026559755206108093, 0.010879432782530785, -0.005330018699169159, 0.010427736677229404, -0.029708724468946457, 0.001987464725971222, 0.0005771229625679553, -0.012021579779684544, 0.03892333433032036, 0.02119101956486702, 0.0011098828399553895, 0.016119113191962242, 0.014815645292401314, -0.006717372220009565, -0.023049427196383476, -0.000706179067492485, -0.003981382120400667, -0.006352788768708706, 0.019577816128730774, 0.03262539207935333, -0.02356565184891224, -0.005104170646518469, 0.011079469695687294, -0.012163541279733181, -0.036187343299388885, 0.03915563225746155, 0.0051912833005189896, -0.009937322698533535, -0.005626847967505455, -0.008401555009186268, -0.009911512024700642, -0.010911696590483189, -0.008717742748558521, -0.026017718017101288, -0.0012373258359730244, 0.01618364080786705, 0.01964234560728073, 0.016945071518421173, 0.026508131995797157, 0.00605595950037241, -0.025527305901050568, 0.004397588316351175, 0.016467563807964325, -0.018455028533935547, 0.02200407162308693, -0.002137492410838604, -0.030457250773906708, -0.017448389902710915, 0.010401925072073936, -0.0019326157635077834, 0.0032554413191974163, -0.02364308573305607, 0.019151931628584862, -0.024469044059515, -0.007917594164609909, -0.02316557802259922, -0.007685293443500996, -0.026921112090349197, -0.02957966737449169, 0.008298310451209545, -0.010505170561373234, -0.012299050576984882, -0.027050167322158813, -0.0007372332038357854, -0.011621505953371525, 0.00952434353530407, 0.008969401940703392, 0.013602517545223236, 0.008556422777473927, -0.02686948888003826, -0.004068494774401188, -0.015486737713217735, 0.02374633029103279, -0.014209081418812275, 0.004213683307170868, -0.001606749021448195, 0.009285589680075645, -0.024365799501538277, -0.013499272987246513, -0.005894639529287815, -0.008304762654006481, -0.004036230966448784, -0.0051622455939650536, -0.06256642192602158, -0.008337026461958885, 0.024688439443707466, 0.0036522888112813234, 0.0035361384507268667, -0.02053283341228962, 0.007898235693573952, 0.015615792945027351, 0.0199520792812109, 7.5807879511557985e-06, -0.004552455618977547, 0.02939898893237114, 0.02224927954375744, -0.006162431091070175, -0.006072091404348612, 0.018855102360248566, 0.026585565879940987, 0.019913362339138985, 0.007891783490777016, 0.00985988974571228, -0.014867267571389675, 0.0013268585316836834, 0.025153042748570442, -0.007678840775042772, 0.02357855811715126, -0.005168698728084564, -0.015215719118714333, 0.022455768659710884, -0.006685108412057161, 0.002826329553499818, -0.00015154013817664236, 0.0002663799386937171, -0.022391241043806076, -0.016209451481699944, -0.012002221308648586, -0.01848083920776844, 0.01071811281144619, -0.012247428297996521, 0.006949673406779766, -0.003474836703389883, 0.0020068229641765356, -0.02875370904803276, 0.01742257922887802, -0.006527014542371035, 0.012699124403297901, -0.022688070312142372, 0.02950223535299301, 0.005875281058251858, 0.01822272688150406, -0.028366539627313614, 0.015577076934278011, -0.005020284093916416, 0.012957236729562283, -0.036264777183532715, 0.004429852124303579, -0.007982122711837292, 0.02388829179108143, -0.014802739955484867, -0.011679581366479397, -0.021616904065012932, 0.0050267367623746395, 0.005843016784638166, 0.02192663960158825, -0.0020374739542603493, -0.006397958379238844, 3.271774767199531e-05, -0.01961653307080269, -0.008337026461958885, 0.008182159624993801, -0.029786158353090286, -0.007336841896176338, -0.00472345482558012, -0.012460370548069477, 0.004578266758471727, 0.004149155225604773, 0.010756829753518105, -0.0049944729544222355, 0.024120593443512917, -0.013783195987343788, 0.009711475111544132, 0.018700234591960907, -0.008169254288077354, -0.033890143036842346, 0.014893079176545143, 0.027256658300757408, 0.020248908549547195, -0.014299420639872551, -0.003207045141607523, -0.014634966850280762, 0.012137730605900288, -0.02440451644361019, 0.006588316056877375, -0.012608785182237625, -0.026391981169581413, 0.016002962365746498, 0.004239494446665049, -0.00022564659593626857, -0.004571814090013504, 0.025178853422403336, 0.020739322528243065, 0.019255176186561584, 0.006581863388419151, -0.012963689863681793, -0.03370946645736694, -0.02159109339118004, -0.0017600031569600105, -0.03275445103645325, -0.027463147416710854, -0.002886018017306924, 0.013125009834766388, 0.00858223345130682, 0.026817867532372475, -0.0017616163240745664, 0.006917409133166075, -0.01133112981915474, 0.020842567086219788, 0.014325232245028019, -0.025979001075029373, -0.014092930592596531, 0.016312696039676666, -0.01383481826633215, 0.03234146907925606, 0.010860074311494827, -0.018842196092009544, 0.026430698111653328, -0.009543702006340027, -6.533467239933088e-05, -0.022300900891423225, 0.0015704520046710968, -0.012086108326911926, 0.004623436369001865, 0.013157273642718792, -0.038226429373025894, -0.027385713532567024, -0.026224208995699883, 0.019693966954946518, -0.018829291686415672, -0.001331698033027351, -0.00850479956716299, 0.024198027327656746, 0.0012268399586901069, 0.006504429504275322, 0.015460926108062267, -0.006285034120082855, 0.015331869944930077, 0.011847354471683502, 0.016609525308012962, -0.018751857802271843, 0.005846243351697922, 0.006943220738321543, 0.0009033930255100131, 0.016777299344539642, -0.021139396354556084, 0.008872609585523605, -0.01104075275361538, 0.005539734847843647, -0.0025585379917174578, -0.017035411670804024, 0.006594768725335598, 0.00027464760933071375, -0.002548858756199479, 0.02965710125863552, 0.016454657539725304, -0.00321349804289639, 0.004123343620449305, 0.008478988893330097, -0.007498161867260933, -0.00509449141100049, -0.01617073453962803, 0.012350672855973244, 0.016325602307915688, -0.01322825439274311, -0.011653769761323929, 0.024701345711946487, -0.0019697193056344986, 0.0048460583202540874, -0.009814719669520855, 0.018455028533935547, 0.03007008135318756, -0.029941026121377945, 0.025604739785194397, -0.012795916758477688, -0.012131277471780777, 0.009763097390532494, 0.00034744333242997527, -0.007982122711837292, -0.017964614555239677, -0.005672017578035593]"
U19722,N2028 N40613 N459 N27851 N59345 N55231 N12889 N46483 N879 N3500 N17403 N700 N48987 N7100 N20145 N7048 N8552 N36676 N10815 N871 N64408 N13679 N9680 N63260 N61449 N26978 N59231 N32483 N4020 N28419 N34627 N51706 N44361 N31057 N54698 N47525 N54822 N64591 N25577 N64314 N32663 N6154 N60340 N20792 N9226 N56630 N6622 N63429 N45794 N41404 N18905 N32312 N43781 N63258 N38802 N5978 N58090 N29276 N58264 N41616 N59359 N8676 N33092 N5902 N13850 N34590 N46131 N34323 N19706 N18355 N46616 N43142 N54522 N26746 N6831 N11231 N41926 N63855 N9674 N19660 N46473 N36271 N24150 N6915 N20575 N6767 N20602,"[-0.00792404729872942, -0.022197656333446503, 0.009059741161763668, -0.0428982637822628, -0.037813451141119, 0.005552640650421381, -0.008104725740849972, 0.003610345534980297, -0.0015277020866051316, -0.01912612095475197, 0.03967185690999031, 0.010892338119447231, -0.013886441476643085, -0.0013623489066958427, -0.008285404182970524, -0.025849945843219757, 0.02201697789132595, -0.004471795167773962, -0.017629068344831467, -0.02686948888003826, -0.030534682795405388, 0.028960198163986206, -0.04408557713031769, 0.004462116397917271, 0.009950228966772556, 0.018287256360054016, -0.0023004256654530764, -0.008266045711934566, 0.02348821796476841, -0.011324676685035229, -0.010369661264121532, 0.0025762831792235374, 0.0011389204300940037, 0.015138285234570503, -0.03154132142663002, -0.01469949446618557, 0.007304577622562647, -0.0012591039994731545, -0.004681511782109737, 0.018467934802174568, 0.02267516404390335, -0.012815275229513645, 0.006023695692420006, 0.0013413772685453296, -0.030405627563595772, 0.017887180671095848, 0.016532091423869133, -0.0276696365326643, -0.03259958326816559, 0.01815819926559925, 0.01971977949142456, 0.022029884159564972, -0.04377584531903267, -0.026792054995894432, -0.013912252150475979, 0.0049202656373381615, -0.00020729642710648477, 0.016377225518226624, -0.013318593613803387, -0.004958982113748789, -0.012763652950525284, -0.0023810858838260174, -0.033890143036842346, 0.027953561395406723, -0.0004339512961450964, 0.006878692656755447, -0.003768439404666424, 0.009214608930051327, -0.01322825439274311, -0.01170539204031229, 0.01396387442946434, 0.006627032998949289, 0.020907094702124596, -0.029760347679257393, 0.0004395974974613637, -0.01814529299736023, -0.016196545213460922, 0.011292412877082825, -0.019448760896921158, 0.022804221138358116, 0.025901567190885544, 0.003594213631004095, -0.0019310025963932276, 0.01872604712843895, -0.015202813781797886, 0.0005053354543633759, -0.014183269813656807, 0.0039297593757510185, 0.004436304792761803, 0.02537243813276291, -0.004726681392639875, -0.005723639857023954, -0.011647316627204418, 0.01018252968788147, -0.007582048419862986, 0.00940174050629139, -0.04354354366660118, 0.02759220264852047, 0.009021024219691753, -0.02544987201690674, 0.012989500537514687, 0.0009606616804376245, -0.024339988827705383, -0.001711607095785439, 0.014880173839628696, -0.020261814817786217, 0.0019390685483813286, -0.006533467210829258, -0.0002220168971689418, -0.012963689863681793, 0.02769544906914234, 0.003632930340245366, 0.02965710125863552, -0.040523629635572433, -0.02890857681632042, 0.011182715184986591, 0.0006747216684743762, -0.02152656391263008, 0.01961653307080269, -0.030250759795308113, 0.023359162732958794, 0.026314547285437584, 0.019268082454800606, 0.006730278022587299, 0.004604077897965908, 0.0020245681516826153, 0.025682171806693077, -0.014815645292401314, -0.001456721220165491, 0.005720413755625486, 0.024172216653823853, 0.005000925622880459, 0.037658583372831345, 0.013460556045174599, -0.005894639529287815, -0.006788352970033884, -0.01782265305519104, 0.033141616731882095, -0.020223097875714302, 0.0006485071498900652, -0.0025133683811873198, 0.005807526409626007, -0.02686948888003826, 0.0017374183516949415, -0.011034300550818443, 0.02011985331773758, 0.00034139383933506906, -0.0031199322547763586, 0.0010106709087267518, -0.0020003702957183123, 0.020920000970363617, -0.01417036447674036, -0.016816016286611557, -0.006104355677962303, -0.0062753548845648766, 0.030921852216124535, -0.011221432127058506, -0.002929574577137828, -0.014738211408257484, -0.020920000970363617, -0.009834078140556812, 0.01685473322868347, 0.019926268607378006, 0.020636077970266342, 0.019990796223282814, 0.018184009939432144, 0.007898235693573952, -0.014673683792352676, 0.002700499724596739, 0.005678470246493816, 0.0009517890866845846, -0.012157089076936245, 0.0012744293780997396, 0.01839050091803074, 0.023023616522550583, 0.023707613348960876, 0.001674503437243402, -0.03450961410999298, -0.0415818877518177, -0.003787797875702381, 0.000342200422892347, 0.0336836539208889, 0.009008118882775307, 0.020326342433691025, 0.010885885916650295, -0.0060527329333126545, 8.146669279085472e-05, 0.00883389264345169, 0.01079554669559002, -0.03949118033051491, -0.016403036192059517, -0.004736360628157854, -0.0002738409966696054, -0.016312696039676666, -0.6620063781738281, -0.012266786769032478, 0.00564943253993988, 0.006372147239744663, 0.008872609585523605, 0.001105849863961339, 0.012311955913901329, 0.016609525308012962, -0.02373342402279377, -0.0051138498820364475, 0.01005992665886879, -0.010776188224554062, -0.00047952422755770385, -2.0127212337683886e-05, 0.027385713532567024, -0.01783555932343006, -0.013125009834766388, -0.003295771311968565, -0.004575040191411972, 0.0440339557826519, -0.04137539863586426, 0.030534682795405388, 0.0189067255705595, 0.02587575651705265, 0.013486366719007492, 0.008937138132750988, -0.006504429504275322, -0.02235252410173416, -0.015202813781797886, -0.007704651914536953, 0.0055268295109272, 0.0006376180099323392, 0.0022923597134649754, 0.0040039666928350925, 0.049247823655605316, 0.01203448511660099, 0.0006327783921733499, 0.006310845259577036, -0.005036415997892618, 0.039387933909893036, 0.029424801468849182, 0.01211191900074482, 0.012963689863681793, -0.011311771348118782, 0.008227328769862652, -0.014221986755728722, 0.02159109339118004, 0.004271758254617453, 0.0037232697941362858, 0.014596249908208847, -0.0018035596003755927, 0.009640494361519814, -0.019771400839090347, 0.015512548387050629, -0.0110536590218544, 0.023591462522745132, 0.002640811260789633, -0.005584904458373785, 0.007452992256730795, 0.0007388464291580021, 0.004287890158593655, 0.0036361569073051214, -0.02579832263290882, -0.007814349606633186, -0.013125009834766388, 0.027256658300757408, -0.008349932730197906, 0.017125749960541725, 0.02537243813276291, -0.022146034985780716, -0.008149895817041397, 0.028469786047935486, -0.02301071025431156, 0.015654509887099266, 0.009988945908844471, 0.030844418331980705, 0.012279692105948925, -0.019823024049401283, -0.025849945843219757, 0.009079099632799625, -0.008737101219594479, -0.010021209716796875, -0.033296484500169754, 0.003691005753353238, 0.027488958090543747, 0.004720228258520365, -0.008827440440654755, -0.0039878347888588905, -0.011156903579831123, 0.012311955913901329, 0.01964234560728073, 0.024262554943561554, -0.006314071826636791, -0.004174966365098953, -0.004323380999267101, 0.0029731309041380882, -0.020468303933739662, -0.012860444374382496, 0.011079469695687294, 0.001989077776670456, 0.01690635457634926, 0.0050138309597969055, 0.006494750268757343, -0.015473831444978714, 0.005346150603145361, -0.011014942079782486, -0.017022505402565002, -0.004110438283532858, 0.021539470180869102, -0.00708518223837018, -0.011950599029660225, 0.008136989548802376, 0.018171105533838272, -0.0199520792812109, -0.02323010563850403, -0.023772140964865685, -0.007640123832970858, -0.007556237280368805, 0.004475021734833717, -0.02777288295328617, 0.022404147312045097, 0.0058881863951683044, 0.0259660966694355, -0.0109181497246027, -0.0031263851560652256, 0.016041679307818413, -0.010130907408893108, -0.03288350626826286, -0.00024923967430368066, 0.01602877303957939, 0.01840340532362461, 0.03154132142663002, 0.006891597993671894, 0.00018461077706888318, 0.011686033569276333, -0.010259963572025299, 0.01343474444001913, -0.004729907494038343, 0.021126490086317062, -0.018596990033984184, -0.01790008693933487, -0.01244101207703352, -0.003952344413846731, -0.0032425355166196823, 0.000377489224774763, -0.02769544906914234, -0.01676439307630062, -0.005149340257048607, -0.04214973747730255, 0.015344775281846523, -0.009266231209039688, 0.009033930487930775, -0.015254436060786247, -0.010066378861665726, 0.005549414083361626, -0.0014881786191836, 0.006923862267285585, -0.0020165021996945143, 0.005936582572758198, -0.017190277576446533, 0.0071174465119838715, 0.014712400734424591, -0.01145373284816742, -0.02021019160747528, -0.012266786769032478, -0.011156903579831123, 0.02299780398607254, -0.005833337549120188, -0.021823393180966377, -0.01707412861287594, 0.026921112090349197, -0.020352153107523918, 0.01691926084458828, 0.0023262370377779007, 0.018416311591863632, -0.001277655828744173, 0.010079285129904747, 0.00838219653815031, -0.013008859008550644, -0.01971977949142456, 0.0012445851461961865, 0.0020681247115135193, -0.011595694348216057, -0.011214978992938995, 0.013008859008550644, 0.024507761001586914, 0.04181418940424919, 0.03685843572020531, -0.01618364080786705, 0.03505164757370949, -0.008156348019838333, -0.010601961985230446, 0.008543516509234905, -0.011182715184986591, 0.0035684024915099144, 0.03293512761592865, 0.004481474403291941, -0.027385713532567024, -0.023539841175079346, 0.017758125439286232, -0.00139057997148484, 0.011679581366479397, 0.021733054891228676, 0.001921323360875249, -0.008879062719643116, -0.011550525203347206, -0.013628329150378704, -0.021294264122843742, 0.030199138447642326, 0.005139661021530628, 0.003862005192786455, -0.004084627144038677, -0.0039297593757510185, -0.00817570649087429, -0.0013429905520752072, 0.006685108412057161, -0.00891777966171503, -0.015254436060786247, -0.0016535317990928888, 0.01071165967732668, -0.009911512024700642, 0.017474202439188957, 0.027205035090446472, 0.020481210201978683, 0.0018584084464237094, -0.0007150517194531858, 0.00749170919880271, 0.0024940099101513624, -0.009608229622244835, 0.006188242230564356, 0.013770290650427341, 0.0036038928665220737, 0.00462020980194211, 0.028521407395601273, 0.006091449875384569, 0.004539549816399813, 0.004239494446665049, -0.008149895817041397, 0.02085547335445881, -0.03381270915269852, 0.0007779665756970644, 0.01831306703388691, 0.030173325911164284, -0.00642699608579278, 0.010537434369325638, -0.02561764419078827, 0.03381270915269852, 0.00189873855561018, 0.011266601271927357, 0.007433633785694838, 0.01783555932343006, 0.006401184946298599, -0.004823473282158375, -0.004258852917701006, -0.01371866837143898, -0.013705762103199959, 0.02957966737449169, 0.0051170759834349155, 0.003184460336342454, 0.038226429373025894, 0.010872980579733849, -0.013157273642718792, 0.00833057425916195, -0.028521407395601273, 0.0017438711365684867, 0.0227655041962862, 0.03192849084734917, 0.02079094387590885, -2.5584371542208828e-05, 0.023875387385487556, 0.007336841896176338, -0.017603257670998573, 0.008614497259259224, 0.011221432127058506, 0.029269933700561523, 0.01059550978243351, -0.013537989929318428, -0.014092930592596531, 0.02062317170202732, -0.00185356882866472, -0.011976409703493118, -0.04493734985589981, 0.004752492532134056, 0.020739322528243065, -0.022133128717541695, -0.025811228901147842, 0.022894559428095818, 0.013499272987246513, -0.015396397560834885, 0.009763097390532494, -0.024507761001586914, 0.017022505402565002, -0.04413720220327377, -0.0035006478428840637, -0.009879248216748238, -0.01880348101258278, 0.03120577521622181, -0.008775818161666393, 0.025023985654115677, -0.016570808365941048, -0.003884589998051524, -0.00865966733545065, -0.020003702491521835, -0.02604353055357933, 0.03285769373178482, 0.01782265305519104, -0.015667416155338287, -0.01219580601900816, 0.02175886556506157, 0.0008066009031608701, 0.005449395626783371, -0.008291857317090034, -0.03226403519511223, 0.022804221138358116, -0.004375003278255463, 0.0029941024258732796, -0.024288365617394447, 0.007891783490777016, 0.029347367584705353, 0.010014756582677364, -0.009956681169569492, -0.03719398006796837, -0.031257398426532745, -0.004249173682183027, 0.12441012263298035, -0.014118742197751999, -0.014002591371536255, 0.005139661021530628, 0.025436965748667717, -0.01191188208758831, -0.014312325976788998, 0.0011671514948830009, -0.014854362234473228, -0.025669267401099205, -0.02906344272196293, -0.004255626350641251, 0.030354004353284836, 0.020016608759760857, 0.034122444689273834, 0.020416682586073875, -0.01244101207703352, -0.011763467453420162, 0.010756829753518105, -0.005678470246493816, -0.027953561395406723, -0.014428476803004742, 0.007988574914634228, 0.004913812503218651, 0.02957966737449169, -0.013357310555875301, 0.02004241943359375, 0.017435485497117043, -0.009614682756364346, 0.007859518751502037, -0.002345595508813858, -0.0020519925747066736, 0.011034300550818443, 0.020894190296530724, 0.0167514868080616, -0.007020654156804085, 0.0049686613492667675, 0.00749170919880271, -0.004555681720376015, -0.01822272688150406, 0.004749265965074301, -0.01987464539706707, -0.024998174980282784, -0.008827440440654755, 0.0005375994951464236, -0.009672758169472218, -0.017964614555239677, 0.017048316076397896, -0.0059623937122523785, -0.019190648570656776, 0.024043159559369087, 0.0072852191515266895, -0.003839420387521386, -0.007123899180442095, 0.02774707041680813, 0.010563245043158531, -0.015512548387050629, -0.019332610070705414, -0.0011090761981904507, -0.006917409133166075, -0.03427731245756149, -0.012886255979537964, 0.008033744990825653, -0.0036006662994623184, -0.01717737317085266, -0.023436596617102623, -0.02612096443772316, -0.015473831444978714, -0.014712400734424591, -0.015667416155338287, 0.015628699213266373, -0.026430698111653328, 0.0004617790109477937, -0.001165538327768445, 0.027075979858636856, 0.018545368686318398, 0.0033619124442338943, -0.008556422777473927, 0.038716841489076614, 0.01236357819288969, 0.013667046092450619, -0.01317663211375475, -0.019500384107232094, -0.0011986088939011097, -0.003991061355918646, 0.03195429965853691, 0.0070012956857681274, -0.024920741096138954, -0.017061222344636917, 0.022546108812093735, -0.005723639857023954, -0.005410678684711456, 0.019332610070705414, -0.01757744699716568, -0.000709808780811727, -0.005181604065001011, 0.004807341378182173, 0.005713960621505976, -0.0010993970790877938, 0.006627032998949289, 0.015589982271194458, -0.005342924501746893, 0.0072529553435742855, 0.006404411047697067, 0.00944690965116024, -0.017125749960541725, -0.010111548937857151, 0.008124084211885929, -0.009466268122196198, 0.008640308864414692, -0.005536508746445179, -0.005701055284589529, -0.007033559959381819, -0.007962764240801334, 0.01338312216103077, -0.004704096354544163, -0.0023149445187300444, 0.011937693692743778, 0.004207230173051357, 0.014673683792352676, 0.022442864254117012, -0.01137629896402359, 0.015215719118714333, 0.04478248208761215, 0.0012962076580151916, 0.0006364081054925919, 0.007872425019741058, -0.02544987201690674, -0.0218362994492054, 0.009763097390532494, 0.0010969772702082992, 0.022546108812093735, -0.011318223550915718, -0.02849559672176838, -0.02159109339118004, -0.01191188208758831, -0.01618364080786705, 0.0015083437319844961, -0.017345145344734192, 0.0033457805402576923, -0.01913902536034584, 0.009846983477473259, 0.014893079176545143, -0.005713960621505976, -0.0073432945646345615, -0.018016237765550613, 0.0015196361346170306, 0.010356755927205086, -0.008149895817041397, 0.013563800603151321, 0.012337767519056797, -0.009182344190776348, -0.017525823786854744, -0.0073432945646345615, -0.026740433648228645, -0.017783936113119125, -0.012795916758477688, -0.005091264843940735, 0.007278766483068466, 0.00998249277472496, 0.042020682245492935, 0.001284915255382657, 0.014544627629220486, 0.010201888158917427, 0.0008493507630191743, 0.01791299320757389, -0.014118742197751999, 0.008769365027546883, 0.021745961159467697, 0.01808076538145542, 0.03776182606816292, 0.003042498603463173, 0.024365799501538277, -0.004971887916326523, -0.016622431576251984, -0.005926903337240219, -0.014570438303053379, -0.022855842486023903, -0.011105281300842762, 0.014725306071341038, -0.008885515853762627, -0.02013275772333145, -0.015164096839725971, 0.018674423918128014, -0.044395312666893005, -0.01211837213486433, 0.02120392397046089, -0.010279322043061256, 0.000788452394772321, -0.0008929072064347565, 0.032470524311065674, -0.0001336941058980301, -0.007956311106681824, 0.004036230966448784, -0.00838219653815031, 0.002668235683813691, -0.016144923865795135, -0.013473461382091045, -0.007827254943549633, 0.018545368686318398, 0.012066749855875969, 0.01445428840816021, -0.03319324180483818, 0.021578187122941017, -0.006614127196371555, 0.029037632048130035, -0.003820061916485429, 0.00370713765732944, 0.0021987941581755877, -0.022068601101636887, -0.008317668922245502, -0.04047200828790665, -0.004665379412472248, -0.03845873102545738, -0.008756459690630436, 0.02292037196457386, 0.015654509887099266, 0.0073432945646345615, -0.0336836539208889, -0.0003607522521633655, 0.01592552848160267, -0.014080025255680084, 0.007504614535719156, -0.017216090112924576, 0.011944145895540714, 0.017629068344831467, 0.01038901973515749, -0.014286515302956104, 0.012202258221805096, -0.0028279428370296955, 0.004145928658545017, 0.011118186637759209, 0.04485991597175598, -0.0017083807615563273, -0.01010509580373764, 0.005897865630686283, 0.011189167387783527, -0.012202258221805096, -0.017641974613070488, 0.02504979819059372, 0.016622431576251984, 0.011221432127058506, -0.025398248806595802, -0.028211673721671104, -0.028624651953577995, -0.006607674527913332, 0.007904688827693462, 0.016725676134228706, 0.013092746026813984, -0.040110647678375244, -0.00824668724089861, 0.02563055045902729, -0.0018745404668152332, 0.006994843017309904, 0.009085552766919136, 0.00572686642408371, 0.028108427301049232, -0.017758125439286232, -0.008014386519789696, -0.016609525308012962, 0.0020729643292725086, 0.012395842932164669, -0.002427868777886033, 0.025566022843122482, -0.0026730753015726805, 0.014854362234473228, -0.03179943561553955, 0.002853753976523876, 0.019848834723234177, 0.015602887608110905, -0.03358040750026703, -0.012473275884985924, 0.003065083408728242, 0.0023585010785609484, 0.008724194951355457, 0.004607304465025663, -0.009763097390532494, -0.027798693627119064, 8.388649439439178e-05, 0.0032489884179085493, 0.00784661341458559, -0.0010953639866784215, -0.008472535759210587, 0.00152447575237602, 0.0011042365804314613, -0.010982678271830082, -0.013460556045174599, -0.0009243646054528654, 0.018338877707719803, 0.013757385313510895, -0.02143622562289238, -0.020261814817786217, -0.00019721391436178237, 0.0041201175190508366, -0.02077803947031498, 0.007575595751404762, -0.005152566358447075, 0.005875281058251858, -0.011305318213999271, 0.027385713532567024, -0.039052389562129974, -0.012550709769129753, -0.013331499882042408, 0.01424779836088419, -0.01383481826633215, 0.000994538888335228, 0.028521407395601273, -0.028392352163791656, -0.014144553802907467, -0.011937693692743778, -0.0009292042232118547, -0.007814349606633186, -0.0029650649521499872, -0.014996323734521866, 0.0010300293797627091, -0.0003067099896725267, -0.0021407187450677156, 0.0032780261244624853, 0.012073202058672905, 0.037245601415634155, -0.04129796475172043, -0.004820247180759907, 0.02579832263290882, 0.004626662936061621, -0.03303837403655052, -0.010066378861665726, 0.019939174875617027, 0.0027456695679575205, -0.017771031707525253, 0.012892709113657475, -0.0019939173944294453, 0.030173325911164284, -0.020726416260004044, -0.01708703301846981, -0.011673128232359886, 0.007272313814610243, -0.019242271780967712, 0.007549784611910582, 0.0002950142661575228, -0.0021197472233325243, 0.02694692276418209, 0.024017348885536194, 0.02826329506933689, -0.014144553802907467, 0.007782085333019495, -0.0028440747410058975, 0.025720888748764992, -0.0032796391751617193, -0.01162795815616846, -0.01627397909760475, -0.030844418331980705, 0.024094782769680023, -0.008511252701282501, -0.026379074901342392, -0.008298310451209545, -0.010821357369422913, -0.03737466037273407, -0.011982862837612629, -0.0359550416469574, 0.012628143653273582, 0.022959088906645775, 0.026004813611507416, 0.022855842486023903, 0.022778408601880074, 0.02471425198018551, 0.0003835387178696692, -0.024249648675322533, -0.001084071584045887, 0.0192938931286335, -0.044730860739946365, -0.012763652950525284, 0.0021794356871396303, -0.02169433794915676, 0.013757385313510895, -0.021294264122843742, -0.013473461382091045, -0.013602517545223236, 4.690888454206288e-05, -0.016712769865989685, -0.015228625386953354, 0.0008469309541396797, 0.024172216653823853, -0.0016809562221169472, -0.0036006662994623184, 0.021500753238797188, -0.026095151901245117, -0.005904318764805794, 0.005817205645143986, -0.0014026790158823133, -0.007982122711837292, 0.027566391974687576, 0.01748710684478283, 0.018622800707817078, -7.637502130819485e-05, 0.0004379843012429774, -0.023927008733153343, 0.030095892027020454, -0.03203173354268074, 0.027385713532567024, 0.006533467210829258, 0.0005718800239264965, 0.009434004314243793, 0.011937693692743778, 0.00932430662214756, -0.01063422579318285, -0.0007138418150134385, 0.007685293443500996, 0.002242350485175848, 0.018016237765550613, -0.008278951980173588, -0.004707322921603918, -0.005171924829483032, 0.014854362234473228, -0.003974929451942444, 0.00879517663270235, 0.004813794046640396, -0.014118742197751999, -0.005378414876759052, 0.008027291856706142, -0.005317112896591425, -0.036187343299388885, 0.002831169171258807, 0.015138285234570503, -0.005791394505649805, 0.0019406817154958844, -0.009963134303689003, -0.013150821439921856, -0.03311580792069435, -0.009408192709088326, 0.02323010563850403, -0.00505254790186882, -0.010582603514194489, 0.009008118882775307, -0.00011615052790148184, -0.014312325976788998, 0.015383492223918438, 0.20452818274497986, -0.003118318971246481, 0.006343109533190727, 0.036342211067676544, -0.003394176485016942, -0.0020148891489952803, 0.023049427196383476, 0.016286885365843773, -0.001629333826713264, 0.00435241824015975, -0.020313436165452003, 0.02079094387590885, -0.010085737332701683, -0.01071165967732668, -0.002860206877812743, 0.0014551080530509353, -0.03285769373178482, -0.03791669383645058, 0.0009275910560972989, 0.01987464539706707, -0.021655621007084846, -0.009085552766919136, -0.0047879829071462154, -0.005636527203023434, 0.016325602307915688, 0.0006138233002275229, 0.00472345482558012, 0.013034670613706112, -0.006255996413528919, -0.006794806104153395, 0.011427921243011951, -0.028030995279550552, -0.003997514024376869, -0.004475021734833717, -0.007511067669838667, -0.01808076538145542, -0.019280988723039627, -0.010227699764072895, 0.00998249277472496, 0.022313807159662247, 0.004236267879605293, 0.016816016286611557, 0.0276696365326643, -0.02950223535299301, -0.020481210201978683, 0.028289107605814934, 0.006665749941021204, -0.00879517663270235, 0.01396387442946434, 0.0031667151488363743, -0.024520667269825935, 0.01051807589828968, 0.0012518445728346705, 0.019577816128730774, -0.01371866837143898, 0.004200777504593134, 0.009201702661812305, -0.00924041960388422, -0.01668695919215679, 0.002861819928511977, 0.01310565136373043, 0.008304762654006481, -0.013731573708355427, 0.005036415997892618, -0.03365784138441086, -0.010801998898386955, -0.009175891987979412, 0.04173675552010536, 0.010350302793085575, -0.010582603514194489, -0.016390129923820496, 0.001367995166219771, -0.011563430540263653, 0.009911512024700642, 0.007382011506706476, -0.0246497243642807, 0.005701055284589529, 0.015525453723967075, 0.005029963329434395, 0.017190277576446533, -0.000646490603685379, -0.01871314086019993, 0.0003387723700143397, -0.006781900301575661, 0.0021181339398026466, -0.01964234560728073, 0.019410043954849243, 0.018054954707622528, -0.0010921376524493098, -0.02463681809604168, 0.0008549969643354416, -0.05632010102272034, -0.014893079176545143, -0.016867637634277344, 0.014092930592596531, 0.02388829179108143, 0.04821537435054779, 0.017280617728829384, -0.01277655828744173, 0.004139475990086794, -0.028727898374199867, 0.001919710193760693, 0.004300795961171389, -0.024946551769971848, 0.0022213789634406567, 0.006072091404348612, 0.000714245077688247, 0.023630179464817047, 0.003729722462594509, -0.021384602412581444, 0.0002627502544783056, -0.03172200173139572, 0.007382011506706476, -0.007749821525067091, -0.020558644086122513, 0.004349192138761282, 0.017267711460590363, -0.020932907238602638, 0.02120392397046089, -0.006943220738321543, 0.012595879845321178, -0.0400848388671875, -0.0032715732231736183, -0.010563245043158531, 0.005317112896591425, -0.011621505953371525, -0.00824668724089861, 0.009556607343256474, 0.017861369997262955, -0.025256287306547165, -0.007698198780417442, -0.0077175572514534, 0.02849559672176838, -0.022481579333543777, -0.030431438237428665, -0.009169438853859901, 0.016067489981651306, -0.014441382139921188, 0.006639938801527023, -0.026998545974493027, -0.003729722462594509, -0.002785999560728669, 0.0016196545911952853, -0.019268082454800606, 0.0031296114902943373, -0.013066934421658516, 0.02676624432206154, 0.0020068229641765356, -0.025682171806693077, -0.02867627516388893, -0.018042048439383507, -0.0005892219487577677, 0.002661783015355468, -0.020236004143953323, 0.022378334775567055, -0.016880543902516365, -0.009279136545956135, -0.0004621823027264327, 0.02102324552834034, 0.018751857802271843, -0.02751477062702179, -0.00784016028046608, -0.0021778224036097527, -0.041685134172439575, -0.015280247665941715, -0.0004827506490983069, -0.16240425407886505, 0.027798693627119064, -0.016222357749938965, 0.007756274193525314, 0.009563060477375984, 0.0071174465119838715, 0.018467934802174568, -0.0070722769014537334, -0.002618226455524564, -0.02137169800698757, 0.01832597330212593, -0.015202813781797886, -0.003849099390208721, -0.005833337549120188, 0.008014386519789696, -0.002826329553499818, -0.03554206341505051, 0.0072529553435742855, 0.020571548491716385, -0.009666305035352707, 0.045453574508428574, -0.010208341293036938, 0.02152656391263008, -0.02594028413295746, -0.0026117737870663404, 0.015667416155338287, -0.013163726776838303, -0.017409672960639, -0.03319324180483818, -0.012279692105948925, -0.0037103642243891954, 0.01358961220830679, 0.036677755415439606, 0.03853616490960121, 0.0346386693418026, 0.025837039574980736, -0.012789463624358177, 0.002273001242429018, -0.008401555009186268, 0.000527113676071167, 0.013679951429367065, 0.01136984582990408, 0.007769179996103048, 0.013809007592499256, -0.001419617561623454, 0.011092375963926315, 0.017125749960541725, 0.0035909872967749834, 0.0023117181845009327, -0.01343474444001913, 0.021242640912532806, -0.04963499307632446, -0.005313886795192957, 0.0015156030422076583, -0.003974929451942444, 0.035516250878572464, -0.0003085248463321477, -0.01937132701277733, 0.001890672487206757, -0.030999286100268364, -0.006585089955478907, -0.017512919381260872, 0.01716446690261364, -0.013783195987343788, 0.0032780261244624853, -0.02406897023320198, 0.013357310555875301, 0.0038297411520034075, -0.030508872121572495, 0.008195064961910248, -0.02612096443772316, -0.003252214752137661, -0.005371962208300829, -0.0011695713037624955, 0.01938423328101635, 0.012615238316357136, 0.003168328432366252, 0.009363023564219475, 0.010130907408893108, -0.00626244954764843, -0.045376140624284744, 0.058436620980501175, -0.008653214201331139, 0.006414090283215046, -0.006943220738321543, 0.010524528101086617, -0.0214491318911314, -0.007181974593549967, 0.0026343585923314095, 0.00042870838660746813, 0.030612116679549217, -0.009634041227400303, -0.015396397560834885, -0.016970882192254066, 0.009827625006437302, 0.005171924829483032, 0.011208525858819485, -0.007394916843622923, -0.0014075185172259808, -0.021139396354556084, -0.00433306023478508, 0.008240235038101673, -0.03825224190950394, -0.009343665093183517, -0.006362468004226685, 0.02201697789132595, 0.02676624432206154, 0.01937132701277733, 0.025643454864621162, -0.024030253291130066, -0.010298680514097214, 0.015370586887001991, 0.011118186637759209, 0.03293512761592865, 0.0192938931286335, 0.008337026461958885, -0.0071948799304664135, -0.006423769518733025, 0.017551636323332787, -0.008827440440654755, 0.05735255032777786, 0.006833523046225309, -0.014273609966039658, 0.003820061916485429, 0.013421839103102684, 0.027824504300951958, -0.10943961143493652, -0.015022135339677334, 0.0027456695679575205, 0.022275090217590332, -0.008446724154055119, 0.015835188329219818, 0.002279454143717885, 0.0515708364546299, -0.024752968922257423, 0.02373342402279377, -0.008891968056559563, -0.027075979858636856, -0.008136989548802376, -0.014531721360981464, 0.036832623183727264, 0.016532091423869133, 0.0003468383802101016, 0.0071948799304664135, 0.004597625229507685, 0.026559755206108093, 0.010879432782530785, -0.005330018699169159, 0.010427736677229404, -0.029708724468946457, 0.001987464725971222, 0.0005771229625679553, -0.012021579779684544, 0.03892333433032036, 0.02119101956486702, 0.0011098828399553895, 0.016119113191962242, 0.014815645292401314, -0.006717372220009565, -0.023049427196383476, -0.000706179067492485, -0.003981382120400667, -0.006352788768708706, 0.019577816128730774, 0.03262539207935333, -0.02356565184891224, -0.005104170646518469, 0.011079469695687294, -0.012163541279733181, -0.036187343299388885, 0.03915563225746155, 0.0051912833005189896, -0.009937322698533535, -0.005626847967505455, -0.008401555009186268, -0.009911512024700642, -0.010911696590483189, -0.008717742748558521, -0.026017718017101288, -0.0012373258359730244, 0.01618364080786705, 0.01964234560728073, 0.016945071518421173, 0.026508131995797157, 0.00605595950037241, -0.025527305901050568, 0.004397588316351175, 0.016467563807964325, -0.018455028533935547, 0.02200407162308693, -0.002137492410838604, -0.030457250773906708, -0.017448389902710915, 0.010401925072073936, -0.0019326157635077834, 0.0032554413191974163, -0.02364308573305607, 0.019151931628584862, -0.024469044059515, -0.007917594164609909, -0.02316557802259922, -0.007685293443500996, -0.026921112090349197, -0.02957966737449169, 0.008298310451209545, -0.010505170561373234, -0.012299050576984882, -0.027050167322158813, -0.0007372332038357854, -0.011621505953371525, 0.00952434353530407, 0.008969401940703392, 0.013602517545223236, 0.008556422777473927, -0.02686948888003826, -0.004068494774401188, -0.015486737713217735, 0.02374633029103279, -0.014209081418812275, 0.004213683307170868, -0.001606749021448195, 0.009285589680075645, -0.024365799501538277, -0.013499272987246513, -0.005894639529287815, -0.008304762654006481, -0.004036230966448784, -0.0051622455939650536, -0.06256642192602158, -0.008337026461958885, 0.024688439443707466, 0.0036522888112813234, 0.0035361384507268667, -0.02053283341228962, 0.007898235693573952, 0.015615792945027351, 0.0199520792812109, 7.5807879511557985e-06, -0.004552455618977547, 0.02939898893237114, 0.02224927954375744, -0.006162431091070175, -0.006072091404348612, 0.018855102360248566, 0.026585565879940987, 0.019913362339138985, 0.007891783490777016, 0.00985988974571228, -0.014867267571389675, 0.0013268585316836834, 0.025153042748570442, -0.007678840775042772, 0.02357855811715126, -0.005168698728084564, -0.015215719118714333, 0.022455768659710884, -0.006685108412057161, 0.002826329553499818, -0.00015154013817664236, 0.0002663799386937171, -0.022391241043806076, -0.016209451481699944, -0.012002221308648586, -0.01848083920776844, 0.01071811281144619, -0.012247428297996521, 0.006949673406779766, -0.003474836703389883, 0.0020068229641765356, -0.02875370904803276, 0.01742257922887802, -0.006527014542371035, 0.012699124403297901, -0.022688070312142372, 0.02950223535299301, 0.005875281058251858, 0.01822272688150406, -0.028366539627313614, 0.015577076934278011, -0.005020284093916416, 0.012957236729562283, -0.036264777183532715, 0.004429852124303579, -0.007982122711837292, 0.02388829179108143, -0.014802739955484867, -0.011679581366479397, -0.021616904065012932, 0.0050267367623746395, 0.005843016784638166, 0.02192663960158825, -0.0020374739542603493, -0.006397958379238844, 3.271774767199531e-05, -0.01961653307080269, -0.008337026461958885, 0.008182159624993801, -0.029786158353090286, -0.007336841896176338, -0.00472345482558012, -0.012460370548069477, 0.004578266758471727, 0.004149155225604773, 0.010756829753518105, -0.0049944729544222355, 0.024120593443512917, -0.013783195987343788, 0.009711475111544132, 0.018700234591960907, -0.008169254288077354, -0.033890143036842346, 0.014893079176545143, 0.027256658300757408, 0.020248908549547195, -0.014299420639872551, -0.003207045141607523, -0.014634966850280762, 0.012137730605900288, -0.02440451644361019, 0.006588316056877375, -0.012608785182237625, -0.026391981169581413, 0.016002962365746498, 0.004239494446665049, -0.00022564659593626857, -0.004571814090013504, 0.025178853422403336, 0.020739322528243065, 0.019255176186561584, 0.006581863388419151, -0.012963689863681793, -0.03370946645736694, -0.02159109339118004, -0.0017600031569600105, -0.03275445103645325, -0.027463147416710854, -0.002886018017306924, 0.013125009834766388, 0.00858223345130682, 0.026817867532372475, -0.0017616163240745664, 0.006917409133166075, -0.01133112981915474, 0.020842567086219788, 0.014325232245028019, -0.025979001075029373, -0.014092930592596531, 0.016312696039676666, -0.01383481826633215, 0.03234146907925606, 0.010860074311494827, -0.018842196092009544, 0.026430698111653328, -0.009543702006340027, -6.533467239933088e-05, -0.022300900891423225, 0.0015704520046710968, -0.012086108326911926, 0.004623436369001865, 0.013157273642718792, -0.038226429373025894, -0.027385713532567024, -0.026224208995699883, 0.019693966954946518, -0.018829291686415672, -0.001331698033027351, -0.00850479956716299, 0.024198027327656746, 0.0012268399586901069, 0.006504429504275322, 0.015460926108062267, -0.006285034120082855, 0.015331869944930077, 0.011847354471683502, 0.016609525308012962, -0.018751857802271843, 0.005846243351697922, 0.006943220738321543, 0.0009033930255100131, 0.016777299344539642, -0.021139396354556084, 0.008872609585523605, -0.01104075275361538, 0.005539734847843647, -0.0025585379917174578, -0.017035411670804024, 0.006594768725335598, 0.00027464760933071375, -0.002548858756199479, 0.02965710125863552, 0.016454657539725304, -0.00321349804289639, 0.004123343620449305, 0.008478988893330097, -0.007498161867260933, -0.00509449141100049, -0.01617073453962803, 0.012350672855973244, 0.016325602307915688, -0.01322825439274311, -0.011653769761323929, 0.024701345711946487, -0.0019697193056344986, 0.0048460583202540874, -0.009814719669520855, 0.018455028533935547, 0.03007008135318756, -0.029941026121377945, 0.025604739785194397, -0.012795916758477688, -0.012131277471780777, 0.009763097390532494, 0.00034744333242997527, -0.007982122711837292, -0.017964614555239677, -0.005672017578035593]"
U27024,N38629 N50155 N29177 N56426 N63842 N36565 N30710 N43854 N41229 N31983 N13008 N62429 N38118 N58061 N34124 N61131 N55189 N21623 N24127 N60844 N34955 N46978 N44559 N53354 N42289 N32098 N52116 N7242 N63332 N46504 N44361 N16290 N61211 N39634 N57886 N34172 N47954 N29451 N9899 N34669 N42801 N47090 N1825 N45794 N8401 N51692 N59704 N37811 N55743 N57318 N31709 N44796 N41225 N9364 N39520 N48000 N23732 N63656 N48276 N29867 N619 N28463 N54960 N33170 N2309 N26026 N1167 N23718 N8331 N6461 N30190 N31248 N33337 N31248 N22273 N19435 N50456 N47996 N61126 N36530 N13117 N16160 N20342 N47508 N4607 N50580 N33163 N15297 N43495 N25582 N40817 N10867 N56011 N57726 N28879 N54490 N29857 N3727,"[-0.0253505390137434, -0.024878084659576416, 0.007032817229628563, -0.013930647633969784, -0.02166539616882801, -0.0010613345075398684, 0.0020399894565343857, -0.0055479612201452255, -0.030318057164549828, -0.006374755874276161, 0.02994009293615818, 0.033557742834091187, -0.017008349299430847, 0.013917149044573307, 0.001678055850788951, 0.020410018041729927, 0.022461818531155586, 0.00876739900559187, -0.005905676633119583, -0.0570184625685215, -0.042493876069784164, -0.006206022575497627, -0.029022183269262314, -0.015051038935780525, -0.0011060488177463412, -0.007053065113723278, 0.00728929229080677, -0.00911161582916975, 0.01208132691681385, -0.0007795493002049625, -0.0020416767802089453, -0.0015396942617371678, 0.00432970467954874, -0.02236732840538025, -0.04063105583190918, -0.02813126891851425, 0.004454567562788725, -0.005932673811912537, 0.029832104220986366, 0.008733652532100677, 0.01896565780043602, -0.007599762175232172, -0.008085714653134346, -0.005362354218959808, -0.028455236926674843, 0.015590986236929893, -0.008774148300290108, -0.035285573452711105, -0.01638740859925747, 0.04157596454024315, 0.037985313683748245, 0.012803507037460804, -0.03199189528822899, -0.004636799916625023, 0.03874123841524124, -0.010063272900879383, 0.007235297467559576, 0.002419640077278018, -0.01095418632030487, -0.0013751790393143892, -0.011359146796166897, -0.004738039802759886, -0.005902301985770464, 0.02216484770178795, -0.02440563030540943, -0.006877582054585218, 7.782837928971276e-05, -0.0011203911853954196, -0.030399048700928688, 0.021152446046471596, 0.014065634459257126, 0.006111531518399715, -0.009989030659198761, -0.023271741345524788, 0.002927528228610754, -0.031559936702251434, -0.016198426485061646, -0.0023622706066817045, -0.004090102855116129, 0.012162319384515285, 0.016171429306268692, -0.007053065113723278, -0.01101493090391159, 0.02736184373497963, -0.0006420314311981201, 0.00591917522251606, -0.006263392046093941, 0.04292583093047142, -0.031721919775009155, 0.003410106524825096, -0.008348939009010792, 0.005598581396043301, -0.01945161074399948, 0.018628191202878952, -0.01173711009323597, 0.02796928398311138, -0.03247784823179245, 0.011845099739730358, 0.01733231730759144, -0.04405972361564636, 0.0136606739833951, 0.016981352120637894, -0.01765628531575203, -0.01850670389831066, 0.027132365852594376, -0.018290724605321884, -0.0014991981443017721, -0.006405128166079521, 0.007761746644973755, 0.005466969218105078, 0.0015439125709235668, -0.0012359737884253263, 0.01798025518655777, -0.019195135682821274, -0.006064286455512047, -0.012034081853926182, 0.014119628816843033, -0.021314430981874466, -0.016522396355867386, -0.03048004023730755, 0.00823420099914074, 0.0053117345087230206, 0.0010655528167262673, 0.0039179944433271885, 0.01737281307578087, 0.020018557086586952, -0.0188036747276783, -0.01928962767124176, 0.011845099739730358, 0.016981352120637894, 0.015982449054718018, 0.0251480583101511, 0.014835059642791748, -0.026875890791416168, -0.022178346291184425, -0.018250228837132454, -0.03866024687886238, -0.007269044406712055, -0.0073905326426029205, -0.00280097802169621, 0.005254365038126707, 0.007451276760548353, -0.015024041756987572, 0.00016841724573168904, 0.010407489724457264, 0.02891419269144535, 0.008585166186094284, -0.0017143335426226258, 0.009071119129657745, -0.007842738181352615, 0.01843920908868313, 0.003590651322156191, 0.014646078459918499, 0.0017548296600580215, 0.024675603955984116, 0.021840879693627357, -0.004430945031344891, 0.011251158080995083, -0.004498438443988562, -0.01592845283448696, -0.002578249666839838, 0.013620177283883095, 0.00948282890021801, 0.008193704299628735, 0.008591915480792522, 0.00861891359090805, -0.0003729012969415635, 0.01023875642567873, 0.017345815896987915, -0.005558085162192583, 0.006671727169305086, -0.010778703726828098, -0.04651648551225662, 0.03342275694012642, 0.014740568585693836, 0.007431028410792351, 0.02130093239247799, -0.014227618463337421, -0.035906512290239334, -0.00506875803694129, -0.01973508484661579, 0.01243229303508997, 0.0050485096871852875, 0.03439465910196304, 0.005092380568385124, -0.025917483493685722, -0.012621274217963219, -0.005392726510763168, -0.010366993956267834, -0.009617816656827927, -0.016846364364027977, 0.028104271739721298, -0.0065637375228106976, -0.007795493118464947, -0.6544164419174194, -0.017170332372188568, 0.027618318796157837, 0.01306673139333725, -0.00865940935909748, -0.0044478182680904865, -0.0053657288663089275, -0.0019775580149143934, -0.04173794761300087, 0.015226521529257298, 0.00048342181253246963, 0.025607014074921608, 0.0003094152780249715, 0.011723611503839493, 0.022677797824144363, -0.010481731966137886, 0.012310804799199104, -0.02166539616882801, -0.0035805273801088333, 0.013059982098639011, -0.01433560810983181, 0.03463763743638992, 0.01727832295000553, 0.01154812891036272, 0.03142495080828667, 0.0036513954401016235, -0.007329788524657488, -0.015955451875925064, -0.02088247239589691, -0.025094063952565193, 0.004343203268945217, 0.03277481719851494, 0.006621106993407011, -0.012931744568049908, 0.05712645500898361, 0.0025310043711215258, -0.0013228715397417545, 0.03674343228340149, 0.015469498001039028, 0.029886098578572273, 0.0055479612201452255, -0.006904579699039459, 0.0022188471630215645, -0.010832698084414005, -0.003529907204210758, 0.015132030472159386, 0.0008398715872317553, 0.008510923944413662, 0.01173711009323597, -0.0015177589375525713, 0.014646078459918499, 0.01876317895948887, -0.02756432443857193, -0.0020248033106327057, 0.0030287683475762606, -0.0027064871974289417, 0.020855475217103958, -0.027537327259778976, 0.03034505434334278, 0.006826962344348431, -0.020086050033569336, 0.008888887241482735, -0.004360076505690813, 0.014565085992217064, 0.0076942527666687965, 0.008497425355017185, -0.010002529248595238, 0.020693490281701088, 0.018911663442850113, 0.004478190094232559, -0.007876485586166382, 0.021611401811242104, -0.011561627499759197, 0.020572002977132797, 0.03158693388104439, 0.0026271825190633535, 0.027105368673801422, 0.004889900330454111, -0.01614443212747574, 0.006475996226072311, -0.018736181780695915, -0.00626676669344306, -0.02202986180782318, 0.0182232316583395, 0.007633509114384651, -0.0006492026150226593, -0.027064872905611992, 0.029724113643169403, 0.011811353266239166, -0.01017801184207201, 0.029022183269262314, 0.03064202517271042, -0.00859866477549076, -0.017750777304172516, 0.0077414982952177525, 0.011777606792747974, -0.004694169387221336, -7.951571751618758e-05, -7.382095645880327e-05, -0.03469163179397583, 0.015658479183912277, -0.006243143696337938, 0.016724877059459686, 0.010009278543293476, 0.011710112914443016, 0.0024145781062543392, -0.019964560866355896, -0.009185858070850372, 0.0038066303823143244, -0.004184593912214041, 0.002205348340794444, 0.004940520506352186, -0.020949965342879295, -0.02031552791595459, -0.04862228035926819, -0.029832104220986366, 0.011224159970879555, -0.004910148214548826, 0.004771786741912365, -0.009806797839701176, 0.025121061131358147, 0.010326497256755829, -0.002343710046261549, -0.007620010059326887, -0.022340331226587296, 0.02134142816066742, -0.0028937815222889185, -0.026443932205438614, -0.01560448482632637, 0.021327929571270943, 0.0049810162745416164, 0.002692988608032465, 0.024230146780610085, -0.012763011269271374, -0.00472116656601429, 0.0003990550176240504, 0.032045889645814896, -0.02347422018647194, 0.009239853359758854, -0.011615621857345104, -0.0035400313790887594, 0.0008364969398826361, -0.004889900330454111, 0.007275793701410294, 0.005612079985439777, -0.028860198333859444, 0.021476414054632187, 0.0162524227052927, -0.039875127375125885, -0.017129836603999138, 0.027226855978369713, 0.0005715851439163089, -0.0017236139392480254, -0.003128321375697851, 0.012749511748552322, -0.0036615196149796247, 0.010596470907330513, -0.029427142813801765, -0.028455236926674843, -0.025364037603139877, 0.0067932154051959515, 0.004076604265719652, -0.011359146796166897, -0.002645743079483509, 0.02076098509132862, -0.006644729990512133, 0.0021007335744798183, -0.008308443240821362, -0.01699485071003437, -0.009901288896799088, 0.018574196845293045, -0.010151014663279057, 0.0027587946970015764, 0.017507800832390785, -0.020625997334718704, 0.013336705043911934, 0.014673075638711452, 0.002443262841552496, -0.012594277039170265, -0.004383699502795935, -0.014700072817504406, 0.00778199452906847, -0.01789926178753376, -0.011230909265577793, 0.006992320995777845, -0.003708764910697937, 0.009395088069140911, 0.0312899611890316, -0.020450513809919357, -0.004025984089821577, -0.016805868595838547, 0.013242213986814022, -0.005507465451955795, -0.008794396184384823, -0.014349106699228287, 0.02432463876903057, 0.020045554265379906, 0.0018594444263726473, 0.002610309049487114, 0.011973337270319462, 0.006422001402825117, 0.007586263585835695, 0.024540618062019348, 0.015199524350464344, 0.006023790221661329, -0.02067999169230461, -0.005585082806646824, -0.025607014074921608, 0.05194295570254326, 0.00337804714217782, 0.014241117052733898, -0.017210828140378, -0.008281446062028408, 0.0020011807791888714, 0.01908714696764946, 0.007518770173192024, -0.012992488220334053, 0.004903398919850588, 0.0013194968923926353, 0.005254365038126707, -0.012985738925635815, 0.012628024443984032, 0.015590986236929893, 0.026079468429088593, -0.0039179944433271885, 0.010434486903250217, -0.0017852017190307379, -0.0011094235815107822, 0.007943978533148766, -0.007613260764628649, 0.031235966831445694, 0.01239179726690054, 0.0019927439279854298, 0.013478441163897514, -0.014781065285205841, -0.057774391025304794, -0.006894455756992102, -0.00697207311168313, 0.035447560250759125, -0.03477262333035469, -0.002363957930356264, 0.019843073561787605, 0.029130171984434128, -0.023001767694950104, 0.015820464119315147, 0.0052982354536652565, 0.01003627572208643, 0.006614357698708773, -0.008882137946784496, 0.0029140296392142773, 0.005855056457221508, 0.02772630751132965, -0.010650466196238995, -0.010110517963767052, -0.012378298677504063, -0.02126043662428856, -0.019073648378252983, 0.0003062515170313418, 0.015590986236929893, 0.021071454510092735, 0.017305320128798485, 0.014349106699228287, -0.006877582054585218, -0.010778703726828098, 0.013721417635679245, 0.004268960561603308, 0.009037372656166553, -0.0018020750721916556, -0.0034759126137942076, 0.00531510915607214, 0.003371297614648938, -0.03496160730719566, 0.02109845168888569, 0.0013110601576045156, 0.023190747946500778, 0.006695350166410208, -0.020018557086586952, -0.005551335867494345, 0.023366231471300125, 0.005861805751919746, -0.023906178772449493, -0.040739044547080994, 0.03134395554661751, 0.00823420099914074, -0.02715936303138733, -0.015280516818165779, 0.022920774295926094, 0.017966756597161293, -0.004090102855116129, 0.014700072817504406, -0.003664894262328744, 0.011662867851555347, 0.0028988434933125973, -0.00503838574513793, 0.02961612492799759, -0.018371716141700745, 0.024135656654834747, 0.005490591749548912, 0.006766218226402998, -0.00506875803694129, 0.016076939180493355, -0.00675946893170476, -0.01320846751332283, -0.02736184373497963, 0.01765628531575203, -0.0051463753916323185, -0.0030675772577524185, -0.03420567885041237, 0.015037540346384048, -0.03134395554661751, 0.012101574800908566, 0.0007154305349104106, -0.037337373942136765, -0.006789840757846832, -0.015064537525177002, 0.005193620920181274, -0.001994431484490633, 0.0010242130374535918, -0.010886693373322487, 0.021192941814661026, -0.0022239091340452433, -0.0014502654084935784, -0.049540191888809204, 0.0018121990142390132, 0.14913351833820343, 0.024635108187794685, -0.005534462630748749, 0.01023875642567873, -0.005453470628708601, 0.0008698218152858317, -0.011770857498049736, -0.0312899611890316, 0.011858598329126835, -0.006378130987286568, 0.011885596439242363, 0.005416349042207003, 0.021962366998195648, 0.01468657422810793, 0.018493205308914185, 0.004960768390446901, 0.013849655166268349, -0.004589554388076067, 0.027550825849175453, -0.005666074808686972, -0.02220534346997738, -0.022907275706529617, -0.014875555410981178, 0.01130515243858099, -0.0028988434933125973, -0.015159028582274914, 0.018830671906471252, 0.0176157895475626, 0.009165610186755657, -0.00443431967869401, -0.01748080365359783, 0.0070058200508356094, 0.013957644812762737, 0.03722938522696495, 0.008220701478421688, 0.005470343865454197, 0.00027145020430907607, 0.005612079985439777, 0.01966759003698826, -0.005024887155741453, 0.017764275893568993, -0.011595373973250389, -0.0055108400993049145, -0.01748080365359783, 0.015658479183912277, -0.011851849034428596, 0.003749260911718011, 0.022556310519576073, 0.0012899684952571988, -0.02665991149842739, 0.032747820019721985, 0.0005159030552022159, -0.0007112122257240117, 0.0025040069594979286, 0.02883320115506649, 0.0011642619501799345, -0.014551587402820587, -0.014902553521096706, -0.00468067079782486, 0.030237063765525818, -0.013424446806311607, -0.02084197662770748, 0.007107059936970472, -0.005190246272832155, -0.007620010059326887, -0.018736181780695915, -0.0443296954035759, -0.005709945689886808, 0.0015380069380626082, -0.006293763872236013, 0.025404533371329308, -0.03380071744322777, -0.0018307598074898124, -0.0020602375734597445, 0.025701504200696945, -0.008200453594326973, 0.0006091283867135644, -0.02190837264060974, 0.018992656841874123, -0.007080062758177519, 0.006732471287250519, -0.006341009400784969, -0.009023874066770077, -0.015037540346384048, -0.0075592659413814545, 0.013998140580952168, 0.027618318796157837, -0.0002364379761274904, -0.011851849034428596, 0.020868973806500435, -0.00714755617082119, 0.011487384326756, 0.017183830961585045, -0.011426640674471855, 0.021638398990035057, 0.0034961604978889227, 0.006924827583134174, -0.0022222218103706837, 0.01630641706287861, 0.00796422641724348, 0.011656118556857109, -0.03474562615156174, 0.014052135869860649, 0.008720153011381626, 0.018412211909890175, 0.006978822406381369, 0.005713320337235928, -0.014403101988136768, 0.008362438529729843, -0.03871424123644829, -0.013086979277431965, 4.611173426383175e-05, -0.013613427989184856, -0.0042352136224508286, 0.012702266685664654, 0.012270309031009674, 0.006816838402301073, 0.02387918159365654, 0.002347084693610668, 0.006499618757516146, 0.005909051280468702, -0.0348266176879406, 0.02391967736184597, 0.013620177283883095, -0.009172359481453896, -0.0061250305734574795, 0.00418796855956316, -0.05008013918995857, -0.011217410676181316, -0.009712306782603264, 0.02023453637957573, -0.004518686328083277, 0.014200621284544468, -0.03193790093064308, -0.024729598313570023, -0.010056523606181145, -0.005628953687846661, -0.004076604265719652, -0.024500122293829918, 0.016846364364027977, -0.026565421372652054, -0.02432463876903057, 0.017008349299430847, 0.015091534703969955, 0.00972580537199974, -0.02232683263719082, -0.016198426485061646, 0.008787646889686584, -0.003212688025087118, 0.02445962466299534, -0.015388505533337593, -0.01961359567940235, -0.017183830961585045, 0.006813463289290667, -0.006813463289290667, -0.022056858986616135, 1.80927258952579e-06, -0.001289124833419919, 0.028077274560928345, -0.0036615196149796247, 0.057936374098062515, -0.005956296809017658, 0.010576223023235798, -0.009712306782603264, 0.029562130570411682, -0.006560362875461578, -0.031100980937480927, -0.02617395855486393, -0.014592083171010017, 0.012769760563969612, 0.011676366440951824, 0.009955283254384995, 0.018614692613482475, -0.0013102164957672358, -0.012418794445693493, 0.036446463316679, -0.02080148085951805, -0.007586263585835695, -0.0188036747276783, -0.00993503537029028, -0.013917149044573307, -0.017021847888827324, -0.020086050033569336, 0.0018256977200508118, -0.03380071744322777, 0.004211591091006994, -0.007053065113723278, 0.007802242413163185, -0.005821309983730316, 0.0018628191901370883, 0.0249455776065588, -0.017602290958166122, 0.010407489724457264, -0.00214966619387269, -0.003907870501279831, -0.008463677950203419, -0.03150594234466553, -0.007674004882574081, -0.004920272156596184, 0.013667423278093338, -0.0008723528007976711, 0.011291653849184513, -0.028779206797480583, 0.008166707120835781, -0.024270644411444664, 0.017966756597161293, -0.02675440162420273, -0.018290724605321884, 0.01433560810983181, -0.016333414241671562, -0.005520964041352272, -0.028239257633686066, -0.034718628972768784, -0.037499360740184784, -0.013255713507533073, 0.012310804799199104, 0.010427737608551979, 0.004076604265719652, -0.006074410397559404, -0.031100980937480927, -0.025040069594979286, -0.02834724821150303, 0.022380826994776726, 0.013478441163897514, 0.04465366527438164, 0.0182232316583395, -0.032342858612537384, -0.026808397844433784, 0.02420314960181713, 0.016967853531241417, 0.003399982349947095, 0.0045321849174797535, 0.03677042946219444, -0.012918245978653431, -0.005375853274017572, -0.004741414450109005, -0.00655361358076334, -0.015064537525177002, -0.012547031976282597, 0.011068925261497498, 0.0018037623958662152, 0.004694169387221336, -0.008409683592617512, -0.006951825227588415, -0.02130093239247799, 0.012985738925635815, 0.004154221620410681, 0.0066784764640033245, -0.010542476549744606, -0.007835988886654377, -0.00925335194915533, 0.0061790249310433865, 0.025863489136099815, 0.029670119285583496, 0.02510756254196167, -0.0070733134634792805, 0.012796757742762566, -0.0063443840481340885, 0.001967434072867036, 0.012641523033380508, 0.002534379018470645, 0.019303126260638237, -0.019154639914631844, 0.015550490468740463, -0.006384880281984806, 0.008402934297919273, -0.008301693946123123, -0.008531171828508377, -0.002696363255381584, 0.017224328592419624, -0.0053657288663089275, 0.011149917729198933, -0.0038133796770125628, -0.016535894945263863, 0.011730360798537731, 0.011716862209141254, 0.0038167545571923256, -0.021233439445495605, 0.007687503471970558, 0.004518686328083277, 0.011892345733940601, 0.00272842263802886, -0.005817935336381197, -0.00026491176686249673, -0.005234116688370705, -0.014713571406900883, -0.017183830961585045, -0.017966756597161293, 0.01973508484661579, -0.003499535145238042, -0.02015354298055172, -0.049459196627140045, -0.0036952663213014603, -0.008713403716683388, -0.009597567841410637, 0.004869652446359396, 0.01785876601934433, 0.011284904554486275, -0.009577319957315922, 0.001396270701661706, -0.032450851052999496, 0.008976628072559834, -0.03150594234466553, -0.005089005921036005, -0.0069585745222866535, -0.0026305571664124727, 0.030453043058514595, -0.0036783928517252207, -0.0004724541213363409, -0.014713571406900883, 0.005591832101345062, 0.007417529821395874, -0.008308443240821362, -0.0005129501805640757, -0.0031586934346705675, 0.002146291546523571, 0.018709182739257812, -0.008308443240821362, 0.004322955384850502, 0.015874458476901054, -0.022839782759547234, -0.010974434204399586, 0.008936132304370403, 0.0064118774607777596, -0.018493205308914185, 0.021368425339460373, 0.018587695434689522, -0.0073770335875451565, -0.03974014148116112, -0.014133128337562084, -0.007316289469599724, -0.004623301327228546, -0.012621274217963219, -0.03947016969323158, -0.006587360519915819, -0.010940687730908394, -0.013134225271642208, 0.02166539616882801, -0.005787563044577837, -0.017507800832390785, 0.041467975825071335, 0.022961270064115524, 0.006607608404010534, 0.0053961011581122875, 0.008153208531439304, -0.004211591091006994, -0.017629288136959076, -0.013053232803940773, -0.012749511748552322, -0.0034691630862653255, -0.01552349328994751, 0.028887195512652397, 0.010198259726166725, -0.024716099724173546, -0.008105963468551636, -0.006924827583134174, -0.01390365045517683, -0.0030456418171525, -0.017683282494544983, 0.01749430224299431, 0.040604058653116226, -0.006675101816654205, 0.014848558232188225, 0.016373910009860992, 0.02850923128426075, 0.025876987725496292, -0.0013928960543125868, -0.02174638956785202, 0.0312899611890316, -0.020747486501932144, 0.014187122695147991, -0.0027790425810962915, -0.026673410087823868, 0.0008639161242172122, -0.010596470907330513, -0.01492955069988966, -0.0012705641565844417, -0.011318651027977467, -0.0022525938693434, -0.04262886196374893, 0.011338898912072182, 0.00359402596950531, 0.017669783905148506, 0.01218256726861, 0.024230146780610085, -0.027550825849175453, 0.002811102196574211, -0.01003627572208643, 0.008328691124916077, -0.019546102732419968, 0.01973508484661579, 0.003749260911718011, -0.006661603227257729, -0.009455831721425056, 0.0057976869866251945, -0.007194801699370146, -0.0007356785936281085, -0.011217410676181316, 0.02097696252167225, 0.0020416767802089453, 0.010353494435548782, 0.03390870615839958, 0.022988267242908478, -0.009003626182675362, 0.002969711786136031, -0.0016746812034398317, -0.018952159211039543, -5.0672813813434914e-05, 0.007302790880203247, -0.015941951423883438, -0.002240782370790839, 0.004127224441617727, 0.028968187049031258, -0.00531510915607214, -0.01961359567940235, -0.01110267173498869, 0.0015481309965252876, -0.03485361486673355, 0.03431366756558418, 0.00440394738689065, -0.019978061318397522, -0.0036952663213014603, -0.0012469413923099637, -0.020086050033569336, 0.005264488980174065, -0.028320251032710075, 0.013181470334529877, -0.02813126891851425, -0.009496328420937061, 0.018614692613482475, -0.0021327929571270943, -0.04570656269788742, -0.007120558526366949, 0.001427486422471702, -0.008639161475002766, 0.012790008448064327, 0.2185707837343216, -0.028698213398456573, 0.005763940513134003, 0.022097354754805565, -0.019802577793598175, 0.006347758695483208, 0.02351471781730652, 0.001609718776308, -0.016063440591096878, -0.0030321432277560234, -0.001773390336893499, -0.0055108400993049145, 0.002225596457719803, 0.006148653104901314, -0.005804436281323433, -0.010461484082043171, -0.02931915409862995, -0.029292156919836998, -0.0023622706066817045, -0.014133128337562084, 0.00038450173451565206, -0.005581708159297705, 0.013100477866828442, -0.009671811014413834, 0.032666828483343124, 0.011973337270319462, 0.009860792197287083, -0.014781065285205841, 0.01492955069988966, 0.013417697511613369, -0.010049774311482906, -0.025377536192536354, -0.0054433466866612434, 0.011966587975621223, 0.004738039802759886, -0.001455327495932579, -0.005102504510432482, 0.0008335440652444959, 0.01183835044503212, 0.028401242569088936, -0.0012604400981217623, -0.004869652446359396, -0.009955283254384995, -0.007302790880203247, -0.006951825227588415, -0.0049945153295993805, 0.004322955384850502, -0.013390700332820415, 0.007343287114053965, -0.011338898912072182, -0.020059052854776382, -0.010900191962718964, 0.04956718906760216, 0.01468657422810793, -0.007404031231999397, 0.002029865514487028, 0.02850923128426075, 0.013775412924587727, -0.019559601321816444, -0.004393823444843292, -0.0002533113583922386, 0.015415503643453121, -0.025903984904289246, 0.03955116122961044, -0.012844002805650234, 0.01237154845148325, 3.8808731915196404e-05, -0.024473123252391815, 0.016886860132217407, -0.013876652345061302, -0.002217159839347005, 0.000713743211235851, -0.008740401826798916, -0.002696363255381584, -0.018668686971068382, -0.03747236356139183, 0.013890151865780354, -0.009590818546712399, 0.0001761157182045281, 0.017791273072361946, -0.004518686328083277, -0.01675187423825264, -0.012061079032719135, -0.017683282494544983, -0.02702437713742256, -0.03933518007397652, 0.02313675358891487, 0.000916223565582186, -0.0018273850437253714, -0.01965409144759178, -0.006904579699039459, -0.013431196101009846, -0.011541379615664482, -0.00728929229080677, 0.003614274086430669, 0.028779206797480583, 0.027915289625525475, 0.03309878706932068, -0.006918078288435936, 0.0031755666714161634, -0.016805868595838547, -0.014673075638711452, 0.030507037416100502, -0.02216484770178795, -0.018668686971068382, -0.004336453974246979, 0.020828478038311005, 0.027753304690122604, 0.03431366756558418, -0.033557742834091187, -0.015874458476901054, -0.024176152423024178, 0.005092380568385124, -0.014241117052733898, 0.011183664202690125, 0.013782162219285965, 0.018236730247735977, -0.012263559736311436, -0.007437777705490589, -0.00040390610229223967, 0.008713403716683388, -0.03431366756558418, 0.006762843579053879, 0.0010917065665125847, -0.007775245234370232, -0.0007453807629644871, -0.04303382337093353, 0.023163750767707825, -0.016495399177074432, -0.013275961391627789, -0.019816076382994652, -0.006212771870195866, -0.009638064540922642, -0.028077274560928345, -0.0065941098146140575, 0.01568547636270523, 0.016063440591096878, -0.016441402956843376, 0.005679573398083448, -0.004430945031344891, -0.0008554794476367533, 0.0033206776715815067, -0.01193959079682827, -0.010326497256755829, 0.013849655166268349, -0.029400145635008812, 0.026268450543284416, -0.028212260454893112, -0.0003910401719622314, -0.02702437713742256, -0.02371719665825367, 0.013572932220995426, 0.0015886269975453615, -0.011656118556857109, 0.001130515243858099, -0.019748583436012268, -0.014632578939199448, -0.03388170897960663, 0.010265753604471684, 0.0040124855004251, -0.03064202517271042, 0.00978654995560646, 0.03026406094431877, -0.01715683378279209, -0.009671811014413834, -0.012263559736311436, -0.17289121448993683, 0.03134395554661751, -0.007296041585505009, -0.005267863627523184, 0.031100980937480927, -0.009516576305031776, 0.03779632970690727, 0.009712306782603264, -0.027915289625525475, 0.01120391208678484, 0.008693155832588673, 0.0011769169941544533, 0.0025006323121488094, 0.004950644448399544, -0.014133128337562084, 0.014632578939199448, -0.03353074565529823, 0.01908714696764946, 0.007674004882574081, -0.0004125536943320185, 0.03002108447253704, -0.016778871417045593, 0.013147723861038685, -0.0012275370536372066, 0.002792541403323412, 0.02391967736184597, 0.008990127593278885, -0.004900024272501469, 0.01292499527335167, -0.015833962708711624, -0.020828478038311005, -0.005817935336381197, 0.017251325771212578, 0.019073648378252983, 0.007316289469599724, 0.004565931856632233, 0.005902301985770464, -0.0018543824553489685, -0.0015093222027644515, 0.012054329738020897, 0.01580696552991867, 0.009779800660908222, -0.0026305571664124727, 0.004063105676323175, -0.0015852523501962423, 0.0257285013794899, -0.02293427288532257, 0.005433222278952599, -0.014430099166929722, -0.0004707667976617813, 0.008045218884944916, -0.02424364537000656, 0.023460721597075462, 0.011912593618035316, -0.00048131265793927014, 0.01237154845148325, -0.02703787572681904, -0.0016628698213025928, -0.0038336277939379215, 0.0020686741918325424, -0.023946674540638924, 0.005041760392487049, 0.004950644448399544, -0.00542647298425436, -0.0038066303823143244, -0.0247430969029665, -0.0016367160715162754, -0.023204246535897255, -0.005888803396373987, 0.012425543740391731, 0.013181470334529877, -0.0018105116905644536, 0.02051800861954689, -0.003069264581426978, 0.015280516818165779, 0.004262211266905069, -0.015482996590435505, 0.011656118556857109, 0.016657382249832153, -0.004346577916294336, -0.03990212455391884, 0.022502316161990166, 0.010515479370951653, -0.01390365045517683, -0.0002056441007880494, 0.012418794445693493, 0.003971989266574383, 0.0028904068749397993, -0.0007107903948053718, -0.008078965358436108, 0.024311140179634094, -0.02502657100558281, -0.02186787687242031, -0.013795660808682442, 0.0006500462768599391, 0.024392131716012955, 0.016576390713453293, 0.0176157895475626, 0.021152446046471596, -0.03193790093064308, -0.001749767572619021, 0.008537921123206615, -0.015267018228769302, 0.02670040726661682, -0.007410780526697636, -0.00151522783562541, 0.013343454338610172, 0.020059052854776382, 0.02126043662428856, 0.008490676060318947, -0.022259339690208435, 0.016805868595838547, 0.028239257633686066, 0.020207537338137627, 0.013957644812762737, 0.011521131731569767, -0.008227450773119926, -0.015874458476901054, 0.014862056821584702, 0.005153124686330557, 0.04681345447897911, -0.0008259510505013168, -0.001876317779533565, -0.0008554794476367533, 9.011429938254878e-05, 0.014457096345722675, -0.10917740315198898, -0.029562130570411682, -0.005352230276912451, 0.0046469238586723804, -0.0018121990142390132, 0.0312899611890316, 0.010434486903250217, 0.02859022468328476, -0.026551922783255577, 0.02084197662770748, 0.016441402956843376, -0.02178688533604145, -0.0031873779371380806, 0.014673075638711452, 0.039794135838747025, -0.020787982270121574, 0.008936132304370403, 0.00280097802169621, -0.033368758857250214, 0.0027537327259778976, 0.0054129743948578835, -0.0072083002887666225, 0.006422001402825117, -0.013134225271642208, -0.013626926578581333, -0.01834471896290779, -0.009239853359758854, 0.034259673207998276, -0.007761746644973755, 0.0035670287907123566, 0.00037543231155723333, 0.013289459981024265, 0.005234116688370705, -0.011851849034428596, 0.004670546390116215, -0.009233103133738041, 0.004906773567199707, 0.026848893612623215, 0.02994009293615818, -0.02699737809598446, -0.0011954776709899306, 0.0004707667976617813, 0.004819032270461321, -0.031640928238630295, 0.023109756410121918, 0.011575126089155674, -0.03220787271857262, 0.0259309820830822, -0.0019859946332871914, -0.0027166111394762993, -0.005220618098974228, -0.0002522567519918084, -0.02899518422782421, 0.006017040926963091, 0.024810591712594032, 0.008956380188465118, 0.027753304690122604, 0.01560448482632637, 0.01961359567940235, -0.006135154515504837, -0.010697711259126663, 0.014254615642130375, -0.018533701077103615, 0.005335357040166855, 0.0021834131330251694, 0.018952159211039543, 0.0015776592772454023, 0.002463510725647211, -0.00017453383770771325, -0.005217243451625109, -0.03177591413259506, -0.0041980925016105175, -0.01957309991121292, 0.03177591413259506, -0.010596470907330513, 0.0019016278674826026, -0.0033763598185032606, -0.03660844638943672, 0.002566438401117921, 0.002416265429928899, -0.014416600577533245, -0.013363702222704887, 0.022718293592333794, -0.016522396355867386, 0.027550825849175453, -0.008450179360806942, 0.001396270701661706, 0.009212855249643326, -0.004042857326567173, -0.008065466769039631, 0.009408586658537388, 0.014646078459918499, 0.006330885458737612, -0.004383699502795935, 0.0012207877589389682, -0.0022525938693434, -0.0325048454105854, -0.019964560866355896, 0.029049180448055267, 0.005932673811912537, -0.011851849034428596, -0.003506284672766924, -0.07656456530094147, 0.022907275706529617, 0.019465109333395958, -0.00047582879778929055, 0.007039566524326801, -0.008531171828508377, -0.012567279860377312, 0.01193959079682827, -0.015590986236929893, -0.011804603971540928, 0.0016324977623298764, 0.03199189528822899, -0.010056523606181145, 0.0016721501015126705, -0.008760649710893631, 0.00958406925201416, 0.022974768653512, -0.017710279673337936, 0.0011381082003936172, 0.019897067919373512, 0.008780897594988346, 0.002369019901379943, 0.019343622028827667, -0.0012317553628236055, 0.026146961376070976, -0.01650889776647091, 0.0007352567627094686, 0.023406727239489555, 0.0021716016344726086, -0.01864168979227543, 0.020059052854776382, -0.015752971172332764, -0.0034927858505398035, -0.0020501133985817432, -0.012695517390966415, -0.0037627597339451313, -0.014146626926958561, -0.008713403716683388, 0.0018425710732117295, 0.027834298089146614, -0.013687671162188053, -0.020167041569948196, 0.030156072229146957, -0.0023032138124108315, -0.004221715033054352, 0.004090102855116129, 0.012007084675133228, 0.0014536401722580194, 0.02309625782072544, -0.008740401826798916, 9.13270705495961e-05, 0.012135322205722332, 0.0023656452540308237, -0.003590651322156191, 0.0022239091340452433, 0.017669783905148506, 0.014997043646872044, -0.011669617146253586, -0.008396185003221035, -0.04457267373800278, 0.0325048454105854, 0.004700918681919575, 0.02674090303480625, 0.0030793885234743357, 0.007424279116094112, -0.010758455842733383, -0.012364799156785011, 0.0031485692597925663, 0.002583311637863517, -0.004322955384850502, -0.01961359567940235, 0.0037830076180398464, -0.0124727888032794, 0.04100902006030083, -0.012695517390966415, 0.021962366998195648, -0.007795493118464947, 0.004137348383665085, -0.02850923128426075, 0.001559098600409925, 0.012850752100348473, -0.005419723689556122, -0.0356365405023098, 0.008443430066108704, 0.017359314486384392, 0.0014300174079835415, -0.011743859387934208, 0.011359146796166897, 0.014457096345722675, 0.013633676804602146, 0.01150763314217329, -0.012702266685664654, -0.012999237515032291, 0.0024719475768506527, 0.020086050033569336, 0.018169235438108444, -0.013721417635679245, -0.01785876601934433, 0.001003121375106275, 0.0010782078607007861, -0.008362438529729843, -0.0077414982952177525, -0.009773051366209984, -0.022083856165409088, -0.03261283412575722, -0.0022272837813943624, -0.01063021831214428, -0.030507037416100502, 0.0010199947282671928, -0.00168227415997535, 0.021719390526413918, 0.024027667939662933, -0.0030895124655216932, 0.01818273402750492, -0.016657382249832153, -0.018601194024086, 0.0028229134622961283, -0.011116170324385166, -0.020045554265379906, 0.008645910769701004, 0.030561033636331558, 0.014214119873940945, 0.03658144921064377, -0.022421322762966156, 0.008510923944413662, 0.006182399578392506, 0.002527629490941763, -0.00964481383562088, -0.00587867945432663, -0.02899518422782421, -0.007829239591956139, -0.012115073390305042, -0.024257145822048187, -0.005132876802235842, -0.0012115073623135686, 0.010029526427388191, -0.009145362302660942, 0.02256980910897255, -0.0003939929883927107, 0.04308781772851944, -4.703449667431414e-05, -0.01116341631859541, 0.029265157878398895, -0.012870999984443188, 0.0005521807470358908, 0.02605247125029564, -0.010792202316224575, 0.010427737608551979, 0.003664894262328744, -0.002463510725647211, -0.011095922440290451, 0.027834298089146614, -0.032342858612537384, -0.0013979580253362656, -0.0071273078210651875, 0.00958406925201416, 0.010400740429759026, -0.0037020156159996986, -0.01497004646807909, -8.858514775056392e-05, 0.00192018854431808, 0.01634691283106804, 0.017750777304172516, 0.00045347161358222365, -0.011743859387934208, -0.008166707120835781, -0.0022576558403670788, -0.008693155832588673, -0.01687336154282093, 0.001638403395190835, 0.0027233606670051813, 0.00223740772344172, -0.011001432314515114, 0.040118105709552765, -0.02273179218173027, -0.011500883847475052, 0.0019522479269653559, 0.005389351863414049, 0.01409263163805008, -0.01920863427221775, -0.0034691630862653255, -0.02674090303480625, -0.026403436437249184, 0.012560530565679073, -0.01164936926215887, -0.0034792872611433268, -0.03042604587972164, -0.02166539616882801]"
U27804,N56253 N24673 N61826 N3500 N22479 N55189 N16233 N58619 N27096 N44399 N51706 N10078 N46990 N64408 N39638 N51942 N9554 N24237 N477 N59426 N26250 N34140 N38701 N20057 N19706 N29358 N60585 N31882 N6466 N61898 N32852 N43142 N39670 N61210 N53049 N14376 N5261 N16284 N167 N50710 N43202 N3566 N13636 N51906 N54397 N62391,"[-0.020762629806995392, -0.02040235325694084, 0.0058511653915047646, -0.0020549132023006678, -0.015972280874848366, 0.0023367966059595346, 0.0011075182119384408, -0.006605078466236591, -0.033625852316617966, -0.00531742163002491, 0.025099297985434532, 0.036668192595243454, -0.0073389760218560696, 0.013850648887455463, 0.005637668073177338, 0.030770324170589447, 0.01944161392748356, 0.010861684568226337, 0.0037128545809537172, -0.05673695728182793, -0.035253770649433136, -0.014691295102238655, -0.01962842419743538, -0.016159091144800186, -0.014024116098880768, -0.01570540852844715, 0.014557859860360622, -0.010441360995173454, 0.005751088261604309, -0.0004449254192877561, -0.0022350517101585865, -0.007178852800279856, 0.0043800342828035355, -0.027087492868304253, -0.03549395501613617, -0.02540620043873787, 0.001576211885549128, -0.008152934722602367, 0.03696175292134285, 0.001183409825898707, 0.017453419044613838, -0.01008775644004345, -0.010361299850046635, -0.010267894715070724, -0.02432536892592907, 0.011929172091186047, -0.014331018552184105, -0.030530139803886414, -0.012302792631089687, 0.04115163907408714, 0.03626788407564163, 0.0020549132023006678, -0.021042846143245697, 0.002393506933003664, 0.04248599708080292, -0.014130864292383194, 0.007459068205207586, 0.0009290476446039975, -0.004303308669477701, -0.005707721691578627, -0.00865331944078207, -0.003287527710199356, 0.004807029385119677, 0.01362380851060152, -0.0275945495814085, -0.01379727479070425, 0.005964586045593023, -0.005771103780716658, -0.027140866965055466, 0.022844230756163597, 0.014437766745686531, 0.007599175907671452, -0.015798812732100487, -0.016506023705005646, 0.006474978290498257, -0.0273810513317585, -0.01781369559466839, -0.008986909873783588, 0.0029639455024152994, 0.005120603833347559, 0.0070854476653039455, -0.012596351094543934, -0.014504484832286835, 0.0265137180685997, 0.005103924311697483, 0.009060299023985863, 0.0008781751967035234, 0.04566177353262901, -0.0458218976855278, -0.008459838107228279, -0.006431611720472574, 0.011862454004585743, -0.011895813047885895, 0.020415697246789932, -0.012349494732916355, 0.028928909450769424, -0.021122906357049942, 0.010654858313500881, 0.013563761487603188, -0.04635564237833023, 0.013570433482527733, 0.021950209513306618, -0.010408001951873302, -0.019414927810430527, 0.022964322939515114, -0.00930048432201147, -0.005307414103299379, -0.0069119809195399284, 0.010147802531719208, 0.008306385949254036, -0.011101868934929371, 0.003232485381886363, 0.012469586916267872, -0.008680007420480251, 0.0047036162577569485, -0.013543746434152126, 0.01841415837407112, -0.023751594126224518, -0.02199024148285389, -0.026206815615296364, 0.0038529622834175825, -5.9055822930531576e-05, -0.006414932198822498, 0.0029255826957523823, 0.012903254479169846, 0.015185008756816387, -0.0314108170568943, -0.01589221879839897, 0.015358475036919117, 0.013743900693953037, 0.00882011465728283, 0.022657420486211777, 0.006938667967915535, -0.030716950073838234, -0.025552980601787567, -0.013250187039375305, -0.03770899400115013, -0.015798812732100487, -0.008626632392406464, -0.00900692492723465, 0.00510058831423521, 0.007572488859295845, -0.008306385949254036, 0.0011683983029797673, 0.012596351094543934, 0.024472149088978767, 0.012583008036017418, -0.0009165380033664405, 0.005600973032414913, -0.005420834291726351, 0.01541184913367033, 0.008693350479006767, 0.024792395532131195, 0.007979468442499638, 0.029169093817472458, 0.018681028857827187, -0.0036061059217900038, 0.016986394301056862, -0.0024785723071545362, -0.010127786546945572, 0.0044434163719415665, 0.012576336041092873, 0.016465993598103523, -0.00227508251555264, -0.0005616818671114743, 0.00603130366653204, -0.003299203235656023, 0.011822422966361046, 0.0182273481041193, -0.01091505866497755, 0.006898637395352125, -0.0038863213267177343, -0.05529584735631943, 0.034693341702222824, 0.011135227978229523, -0.0037729009054601192, 0.022030271589756012, -0.004947137087583542, -0.026980744674801826, -0.006925324443727732, -0.020135480910539627, 0.004296636674553156, 0.00518398592248559, 0.03546727076172829, 0.0007976966444402933, -0.02684730850160122, -0.008720037527382374, -0.014304331503808498, -0.011682315729558468, -3.320261021144688e-05, -0.007912750355899334, 0.037415433675050735, -0.006588398944586515, -0.008359760977327824, -0.6473243832588196, -0.0141575513407588, 0.02520604617893696, 0.011168587021529675, -0.00930048432201147, 0.00013562511594500393, -0.00892686378210783, -0.00793943740427494, -0.036694880574941635, 0.020669225603342056, -0.0031457520090043545, 0.034506529569625854, -0.002084936248138547, 0.008673335425555706, 0.011215289123356342, -0.009974335320293903, 0.020789317786693573, -0.025112641975283623, -0.004203231539577246, -0.000990761793218553, 0.0033208865206688643, 0.026113411411643028, 0.011475489474833012, 0.00030481768772006035, 0.02900896966457367, -0.0022684107534587383, -0.006978699006140232, -0.015385162085294724, -0.015011541545391083, -0.020962784066796303, 0.0001533470640424639, 0.03608107566833496, 0.004743647295981646, -0.019027963280677795, 0.05919217690825462, -0.0008364764507859945, -0.005717729218304157, 0.041578635573387146, 0.01945495791733265, 0.02235051803290844, -0.00866666343063116, -0.017053110525012016, 0.002431869739666581, -0.010114443488419056, -0.007185524795204401, 0.024939173832535744, -0.005287398584187031, 0.013216828927397728, 0.011115212924778461, -0.006024632137268782, 0.015571972355246544, 0.022283799946308136, -0.027701297774910927, -0.003425967413932085, 0.005137283354997635, -0.009634073823690414, 0.020469071343541145, -0.026727216318249702, 0.03194456174969673, 0.005964586045593023, -0.02162996307015419, 0.007025401573628187, 0.003862970042973757, 0.014971510507166386, 0.007332304026931524, 0.004473439417779446, -0.006765201222151518, 0.014371049590408802, 0.01134872529655695, 0.01269642822444439, -0.0034493186976760626, 0.0178670696914196, -0.005784447304904461, 0.014851418323814869, 0.031837813556194305, -0.00572106521576643, 0.028048232197761536, 0.011969202198088169, -0.012055936269462109, -0.0028471890836954117, -0.012269433587789536, -0.0044667674228549, -0.019174743443727493, 0.01398408506065607, -0.0006901139277033508, -0.0032758519519120455, -0.025886569172143936, 0.03210468217730522, 0.01821400411427021, -0.01378393080085516, 0.027994858101010323, 0.021603276953101158, -0.004920449573546648, -0.025673072785139084, 0.010941745713353157, 0.016359245404601097, -0.002558633917942643, 0.009500637650489807, 0.0010508078848943114, -0.039416972547769547, 0.011295351199805737, -0.0061914268881082535, 0.017773665487766266, 0.01342365425080061, 0.01583884470164776, 0.011482161469757557, -0.012489602901041508, -0.00595124252140522, 0.007772642653435469, -0.009513981640338898, 0.0065083373337984085, 0.0048237089067697525, -0.02922246791422367, -0.015011541545391083, -0.045501649379730225, -0.029275842010974884, 0.021309716627001762, 0.004533485509455204, 0.00572106521576643, -0.009327171370387077, 0.024098528549075127, 0.011001791805028915, -0.009080315008759499, -0.009960992261767387, -0.017186546698212624, 0.016706177964806557, -0.0008323065703734756, -0.019388239830732346, -0.014130864292383194, 0.01641261950135231, 0.0035594033543020487, -0.013770587742328644, 0.026927370578050613, -0.018974589183926582, -0.008439822122454643, 0.005153962876647711, 0.027994858101010323, -0.0200287327170372, -0.003134076250717044, -0.005173977930098772, -0.0039196801371872425, 0.007892735302448273, 0.0011025143321603537, 0.009173720143735409, 0.003616113681346178, -0.021416466683149338, 0.021122906357049942, 0.017199890688061714, -0.03245161846280098, -0.022310486063361168, 0.033972788602113724, -0.0023968429304659367, 0.005250703543424606, 0.001108352211304009, 0.010921730659902096, -0.002241723472252488, 0.0069520119577646255, -0.02975621074438095, -0.03101050853729248, -0.028074918314814568, 0.0036728237755596638, 0.0030373353511095047, -0.015918906778097153, 0.007192196324467659, 0.029169093817472458, -0.005624324083328247, -0.010027709417045116, -0.004396713804453611, -0.009780853055417538, -0.013663838617503643, 0.017199890688061714, -0.0053541166707873344, -0.007866048254072666, 0.017400044947862625, -0.025673072785139084, 0.01585218869149685, 0.009607386775314808, -0.0019164734985679388, -0.01398408506065607, -0.0008106232271529734, -0.018974589183926582, 0.00972080696374178, -0.017560167238116264, -0.006431611720472574, 0.00855324324220419, -0.008246339857578278, -0.0014969842741265893, 0.0265137180685997, -0.017947131767868996, -0.014210926368832588, -0.017386700958013535, 0.021683337166905403, -0.0033175507560372353, -0.008259683847427368, -0.015812156721949577, 0.014290987513959408, 0.018520906567573547, 0.009674104861915112, 0.014838075265288353, 0.012242746539413929, 0.008266355842351913, 0.005330765154212713, 0.025819851085543633, 0.014544515870511532, 0.012362838722765446, -0.028928909450769424, -0.0026820620987564325, -0.0244988352060318, 0.049824975430965424, 0.003729534102603793, 0.019775204360485077, -0.023698220029473305, -0.0033609173260629177, -0.0004415895091369748, 0.023724908009171486, 0.011475489474833012, -0.01180907990783453, 0.015278413891792297, 0.006161403842270374, 0.00030857056844979525, -0.010247878730297089, 0.006615085992962122, 0.013090064749121666, 0.015278413891792297, -0.005704385694116354, 0.010534766130149364, -0.002822169801220298, 0.002642031293362379, 0.011135227978229523, -0.011635612696409225, 0.028021544218063354, 0.012916597537696362, -0.00110418233089149, 0.008966893889009953, -0.019588394090533257, -0.0619676448404789, -0.009260453283786774, -0.009093658067286015, 0.03442646935582161, -0.022670764476060867, -0.005537590943276882, 0.017560167238116264, 0.020135480910539627, -0.026820620521903038, 0.013096735812723637, 0.015104946680366993, 0.0033275585155934095, 0.008379776030778885, -0.01542519312351942, 0.0020082106348127127, -0.006244801450520754, 0.02847522683441639, -0.012723115272819996, -0.013303562067449093, -0.0003909255610778928, -0.016305869445204735, -0.02287091687321663, 0.0014544515870511532, 0.012462915852665901, 0.021229656413197517, 0.018240690231323242, 0.02560635469853878, -0.007999483495950699, -0.004600203596055508, 0.016812926158308983, -0.0014869766309857368, 0.00297562126070261, -0.01308339275419712, -0.008286370895802975, -0.001799717079848051, -0.0006254808977246284, -0.027514487504959106, 0.022430578246712685, -0.005490888375788927, 0.011749032884836197, 0.005120603833347559, -0.024592241272330284, -0.0013310234062373638, 0.014998198486864567, -0.00025811512023210526, -0.02828841656446457, -0.033839352428913116, 0.038322798907756805, 0.008046186529099941, -0.02292429283261299, -0.008633304387331009, 0.022390548139810562, 0.01227610558271408, -0.00317744305357337, 0.012422884814441204, 0.00395971117541194, 0.01162894070148468, 0.013436997309327126, -0.00028459381428547204, 0.036321260035037994, -0.013483700342476368, 0.02233717404305935, 0.0069119809195399284, 0.0008648316143080592, -0.002420194214209914, 0.01856093667447567, -0.006344878114759922, -0.010307925753295422, -0.025312794372439384, 0.010434689000248909, -0.005747752729803324, 0.0013043361250311136, -0.033092111349105835, 0.00910033006221056, -0.039577096700668335, 0.007732612080872059, -3.8154335925355554e-05, -0.033972788602113724, -0.009594042785465717, -0.00847985316067934, 0.0007389014353975654, 0.008059529587626457, 0.0011050162138417363, -0.01928149163722992, 0.02539285644888878, -0.0005137283005751669, 0.01036797184497118, -0.04448753595352173, 0.004700280725955963, 0.1487009972333908, 0.03319885954260826, -0.0012017573462799191, 0.015612003393471241, -0.014010772109031677, 0.009033611975610256, -0.008733381517231464, -0.04205900430679321, 0.02381831221282482, -0.0018247362459078431, 0.018987933173775673, 0.0061213732697069645, 0.012422884814441204, 0.008806770667433739, 0.013477028347551823, 0.0022867582738399506, 0.01930817775428295, -0.0022233761847019196, 0.024071840569376945, -0.005010519176721573, -0.01838747039437294, -0.014077490195631981, -0.019027963280677795, 0.017186546698212624, -0.008800099603831768, -0.019801892340183258, 0.015345131047070026, 0.017186546698212624, 0.013363608159124851, -0.011875797063112259, -0.013497044332325459, 0.004526813980191946, 0.007652550470083952, 0.0317043773829937, 0.007872719317674637, 0.006938667967915535, -0.0005370795843191445, 0.01227610558271408, 0.02903565764427185, -0.010828325524926186, 0.017213234677910805, -0.007372335065156221, -0.0006876119878143072, -0.020669225603342056, 0.02000204473733902, -0.0094739506021142, 0.008399791084229946, 0.02541954442858696, 0.007745955605059862, -0.025846539065241814, 0.03455990552902222, -0.00306902639567852, -0.006228121928870678, 0.00847985316067934, 0.01804053783416748, -0.002953937742859125, -0.0086466483771801, -0.011615597642958164, -0.0035327160730957985, 0.034346409142017365, -0.009227094240486622, -0.022217081859707832, 0.0003319218521937728, -0.003017319831997156, -0.002887219889089465, -0.017440075054764748, -0.042459312826395035, -0.001993199111893773, 0.0034026161301881075, 0.0016537714982405305, 0.020842691883444786, -0.03066357597708702, -0.011949187144637108, -0.004927121568471193, 0.02233717404305935, -0.015625346451997757, -0.0027821389958262444, -0.02903565764427185, 0.0035827546380460262, -0.004880419000983238, 0.008953550830483437, -0.0058111343532800674, 0.0009957655565813184, -0.017520137131214142, -0.006324863061308861, 0.00791942235082388, 0.025005891919136047, 0.0019481645431369543, -0.01018116157501936, 0.018654342740774155, -0.01010777149349451, 0.013997429050505161, 0.016519367694854736, -0.008413135074079037, 0.023484723642468452, 0.0022400557063519955, 0.002026558155193925, -0.006304847542196512, 0.014357705600559711, 0.009700791910290718, 0.004259942099452019, -0.04309980571269989, 0.013196812942624092, 0.010841668583452702, 0.015998966991901398, 0.01125532016158104, 0.007045417092740536, -0.01856093667447567, 0.011989218182861805, -0.04309980571269989, -0.008499868214130402, -0.001352706691250205, -0.004900434520095587, -0.007158837281167507, 0.011308695189654827, 0.015465224161744118, 0.011702330783009529, 0.02595328725874424, 0.0067051551304757595, 0.0012192707508802414, 0.0010141130769625306, -0.0378958024084568, 0.02344469167292118, 0.004853731952607632, -0.010581469163298607, -0.007105463184416294, 0.007705924566835165, -0.05318756029009819, -0.0066984836012125015, -0.01856093667447567, 0.01260302308946848, -0.01153553556650877, 0.02161662094295025, -0.02020219899713993, -0.023538097739219666, -0.009594042785465717, 0.005384139716625214, -0.0042365905828773975, -0.023564783856272697, 0.015638690441846848, -0.024285338819026947, -0.029809586703777313, 0.014637921005487442, 0.01965511217713356, 0.015104946680366993, -0.026086723431944847, -0.0178670696914196, 0.004176544491201639, 0.0023267888464033604, 0.025326138362288475, -0.02397843636572361, -0.014731326140463352, -0.020669225603342056, 0.008793427608907223, 0.0023918389342725277, -0.023204507306218147, -0.0005641837487928569, 0.005560941994190216, 0.027327677235007286, -0.0014803047524765134, 0.05409492552280426, -0.007899406366050243, 0.005824478343129158, -0.012176028452813625, 0.03063688799738884, -0.012349494732916355, -0.029169093817472458, -0.034506529569625854, -0.030183207243680954, 0.005981265567243099, 0.0007655886001884937, 0.006561711896210909, 0.019788548350334167, -0.000640492420643568, -0.007272257935255766, 0.03728199750185013, -0.01930817775428295, 0.00038571321056224406, -0.017586855217814445, -0.015078259631991386, -0.012029248289763927, -0.017613541334867477, -0.016719521954655647, 0.0016295862151309848, -0.02556632272899151, 0.004813700914382935, -0.009513981640338898, 0.015998966991901398, -0.006521680857986212, 0.0035660751163959503, 0.02054913341999054, -0.01856093667447567, 0.01550525426864624, -0.0005116433603689075, 0.00022538162011187524, -0.008326401934027672, -0.029435966163873672, -0.014464454725384712, -0.00024831591872498393, 0.013510387390851974, -0.002098280005156994, 0.01071490440517664, -0.022750824689865112, -0.002760455710813403, -0.025286108255386353, 0.016292527318000793, -0.03303873538970947, -0.020429039373993874, 0.014758013188838959, -0.012796505354344845, -0.007312288973480463, -0.022443922236561775, -0.03786911442875862, -0.03520039841532707, -0.007892735302448273, 0.00513061136007309, 0.001954836305230856, 0.002355144126340747, 0.003996406216174364, -0.039203476160764694, -0.03167768940329552, -0.029996396973729134, 0.020856035873293877, 0.01910802535712719, 0.048063620924949646, 0.015945592895150185, -0.03770899400115013, -0.02812829241156578, 0.020669225603342056, 0.02073594368994236, 0.008066201582551003, 0.005340773146599531, 0.021669995039701462, -0.015451880171895027, -0.0006947008077986538, -0.007158837281167507, -0.014357705600559711, -0.014998198486864567, -0.013376951217651367, 0.009140361100435257, -0.0033575815614312887, 0.0036561444867402315, -0.003287527710199356, -1.421666001988342e-05, -0.009767509996891022, 0.02467230334877968, 0.0014361041830852628, 0.0026653825771063566, -0.018347440287470818, 0.004837052430957556, -0.011835766956210136, 0.001689632423222065, 0.02505926601588726, 0.03373260051012039, 0.019334865733981133, -0.014331018552184105, 0.006244801450520754, -0.0017663580365478992, 0.0018514235271140933, 0.016679489985108376, -0.003846290521323681, 0.02255067229270935, -0.023885030299425125, 0.00936053041368723, -0.0045768520794808865, 0.010594812221825123, 0.0019164734985679388, -0.007105463184416294, -0.01100846379995346, 0.01910802535712719, 0.006421603728085756, 0.018320752307772636, -0.004720295779407024, -0.01298998761922121, 0.01233615167438984, 0.007439052686095238, 0.0026720543392002583, -0.01731998287141323, 0.0009015264804475009, 0.0041732084937393665, 0.01929483562707901, 0.011288679204881191, -0.0007176350918598473, -0.004013085272163153, -0.006054655183106661, -0.013190140947699547, -0.011668971739709377, -0.022457266226410866, 0.015905562788248062, -0.012396197766065598, -0.01821400411427021, -0.04926454275846481, 0.007152165751904249, -0.010054397396743298, -0.0033092109952121973, -0.001310174004174769, 0.018480876460671425, 0.009647417813539505, -0.010514751076698303, -0.006007952615618706, -0.02179008722305298, 0.01929483562707901, -0.029462652280926704, -0.008139591664075851, -0.003070694161579013, -0.0034860135056078434, 0.027727985754609108, 0.002617012010887265, 0.0008948546601459384, -0.011942515149712563, 0.004006413742899895, 0.016079029068350792, -0.011088525876402855, 0.002680394100025296, -0.003939695656299591, 0.0045134699903428555, 0.023204507306218147, -0.011688986793160439, -0.0043800342828035355, 0.00928714033216238, -0.015732096508145332, -0.016465993598103523, 0.005917883478105068, 0.006081342231482267, -0.009794197045266628, 0.02938259020447731, 0.0169330183416605, -0.002300101798027754, -0.040324337780475616, -0.02232383005321026, -0.004133177921175957, -0.00866666343063116, -0.011108540929853916, -0.0378958024084568, -0.0026436992920935154, -0.013096735812723637, -0.010748263448476791, 0.023404661566019058, -0.010881699621677399, -0.016879644244909286, 0.0311973188072443, 0.02292429283261299, 8.14167651697062e-05, 0.012242746539413929, 0.010241207666695118, -0.0069053093902766705, -0.02559301070868969, -0.019374895840883255, -0.01134872529655695, -0.001374390092678368, -0.00930048432201147, 0.02271079458296299, 0.01100846379995346, -0.021603276953101158, -0.007158837281167507, -0.0022267119493335485, -0.011555551551282406, 0.002667050575837493, -0.001638759975321591, 0.01727995276451111, 0.043873731046915054, -0.014798044227063656, 0.00819963775575161, 0.011288679204881191, 0.018427500501275063, 0.03117063269019127, 0.0008356425096280873, -0.024578897282481194, 0.023898374289274216, -0.007399022113531828, 0.01782703958451748, -0.008873488754034042, -0.02180343121290207, -0.00616807583719492, -0.005580957513302565, -0.012849879451096058, 0.0031374122481793165, -0.010027709417045116, 0.0024835760705173016, -0.04248599708080292, 0.009313827380537987, -0.002034897916018963, 0.019161399453878403, 0.009927633218467236, 0.018334096297621727, -0.02344469167292118, 0.001858095289207995, -0.012256089597940445, 0.006885293871164322, -0.022230425849556923, 0.006691811606287956, -0.0013935714960098267, -0.010474720038473606, -0.009053627960383892, 0.0030606866348534822, -0.006398252677172422, -0.01750679314136505, -0.003522708546370268, 0.014731326140463352, 0.00044617638923227787, 0.007392350118607283, 0.037388745695352554, 0.01782703958451748, -0.012549648992717266, 0.011035150848329067, 0.004319988191127777, -0.02053578943014145, -0.0035460598301142454, -0.0009974335553124547, -0.01619912125170231, 0.0022050286643207073, 0.004756990820169449, 0.027154210954904556, -0.007672565523535013, -0.026793934404850006, -0.02038900926709175, 0.011155243031680584, -0.03770899400115013, 0.03333229571580887, 0.01389067992568016, -0.009707463905215263, -0.006131380796432495, -0.006238129455596209, -0.025005891919136047, 0.0010082751978188753, -0.03197124972939491, 0.01873440481722355, -0.022257111966609955, -0.01000102236866951, 0.013370280154049397, -0.004193224012851715, -0.041178327053785324, -0.007145493756979704, 0.007025401573628187, -0.009327171370387077, 0.015798812732100487, 0.22588033974170685, -0.03338566794991493, 0.0007680905400775373, 0.018881183117628098, -0.0200287327170372, 0.011635612696409225, 0.026820620521903038, -0.00308403791859746, -0.02020219899713993, -0.005387475714087486, 0.0004987167776562274, -0.011502176523208618, 0.0025169351138174534, 0.007959453389048576, -0.0056610191240906715, -0.01821400411427021, -0.028235042467713356, -0.025179360061883926, -0.01126866415143013, -0.023404661566019058, 0.012876566499471664, -0.003117396729066968, 0.016519367694854736, -0.013090064749121666, 0.036134447902441025, 0.018334096297621727, 0.009634073823690414, -0.01658608578145504, 0.018173974007368088, 0.0182273481041193, -0.011602253653109074, -0.021336404606699944, -0.0023067735601216555, 0.015451880171895027, 0.004973824135959148, 0.006688475608825684, -0.002877212129533291, 0.005170641932636499, 0.014077490195631981, 0.025552980601787567, -0.0015153316780924797, -0.012623039074242115, -0.027808047831058502, -0.00013374866102822125, 0.0033008712343871593, -0.009660760872066021, 0.00173633499071002, -0.011962531134486198, 0.0024418774992227554, -0.009033611975610256, -0.016492679715156555, -0.020469071343541145, 0.05265381559729576, 0.011468817479908466, -0.005430842284113169, 0.0028455210849642754, 0.031117258593440056, 0.017186546698212624, -0.01925480365753174, -0.0010499738855287433, -0.0017813695594668388, 0.01858762465417385, -0.023324599489569664, 0.05113264545798302, -0.007859376259148121, 0.02184346131980419, 0.004049780312925577, -0.034693341702222824, 0.013190140947699547, -0.015278413891792297, 0.006638437509536743, 0.0035393878351897, -0.010347955860197544, -0.009086987003684044, -0.01877443492412567, -0.03754886984825134, 0.014290987513959408, -0.007018729578703642, -0.000623812957201153, 0.01962842419743538, -0.010514751076698303, -0.010167817585170269, -0.01674620807170868, -0.019975358620285988, -0.03101050853729248, -0.043179865926504135, 0.018240690231323242, -0.004326659720391035, 0.002283422276377678, -0.013603792525827885, -0.004516805987805128, -0.0005070565384812653, -0.006468306295573711, -0.003522708546370268, 0.001369386212900281, 0.02412521466612816, 0.011608925648033619, 0.03157094120979309, -0.0002658293815329671, 0.0032641764264553785, -0.01362380851060152, -0.011709002777934074, 0.03562739118933678, -0.014477797783911228, -0.025673072785139084, -0.004853731952607632, 0.027888108044862747, 0.026366939768195152, 0.0357341393828392, -0.03351910412311554, -0.014197582378983498, -0.014904793351888657, 0.003315882757306099, -0.009767509996891022, 0.024405431002378464, 0.014197582378983498, 0.013170125894248486, -0.009527324698865414, -0.016279183328151703, -0.001015780959278345, 0.008453166112303734, -0.030530139803886414, 0.01144213043153286, 0.006998714525252581, -0.010981776751577854, 0.0033142147585749626, -0.04995841160416603, 0.026246847584843636, -0.0190946813672781, -0.012676413170993328, -0.02472567744553089, -0.005854501388967037, -0.01782703958451748, -0.02345803566277027, 0.004079803358763456, 0.0244988352060318, 0.014184239320456982, -0.014237613417208195, -0.0014085830189287663, 0.006474978290498257, -0.00022329667990561575, 0.0021800093818455935, -0.016292527318000793, -0.006691811606287956, 0.015438537113368511, -0.029702836647629738, 0.020896065980196, -0.02647368796169758, 0.004983831662684679, -0.020775973796844482, -0.02018885500729084, 0.018280722200870514, -0.00658172694966197, -0.006681804079562426, -0.005314085632562637, -0.019348209723830223, -0.0169330183416605, -0.04451422393321991, -0.0030440071132034063, 0.0069520119577646255, -0.026380281895399094, 0.01746676303446293, 0.037949178367853165, -0.010975104756653309, -0.010588141158223152, -0.014344361610710621, -0.1696237474679947, 0.02903565764427185, 0.00910033006221056, -0.005350780673325062, 0.03640132024884224, -0.014584546908736229, 0.03765561804175377, 0.019601738080382347, -0.034293033182621, 0.017893757671117783, 0.006618421990424395, 0.0042299190536141396, 0.0013310234062373638, 0.004983831662684679, -0.017440075054764748, 0.015998966991901398, -0.025913257151842117, 0.024218620732426643, 0.0015828836476430297, 0.005143954884260893, 0.01802719384431839, -0.011915828101336956, 0.008593273349106312, 0.0008740053162910044, 0.005600973032414913, 0.02124299854040146, 0.01533178798854351, 0.0013001663610339165, 0.021736713126301765, -0.012516289949417114, -0.022297143936157227, -0.013063376769423485, 0.01164228469133377, 0.008246339857578278, 0.002987296786159277, -0.003872977802529931, 0.008346416987478733, -0.0054708728566765785, -0.0022900940384715796, 0.01639927551150322, 0.011108540929853916, 0.0035393878351897, -0.0029005634132772684, 0.0034026161301881075, -0.0028838838916271925, 0.030183207243680954, -0.0317043773829937, 0.005330765154212713, -0.015652034431695938, 0.0029139069374650717, 0.00685193482786417, -0.01961508020758629, 0.03028995543718338, 0.01344366930425167, 0.0042465985752642155, 0.008172950707376003, -0.02520604617893696, 0.0054074907675385475, -0.004006413742899895, 0.013203484937548637, -0.024979205802083015, 0.012623039074242115, 0.006815239787101746, -0.001613740692846477, -0.0014394400641322136, -0.018173974007368088, -0.007792658172547817, -0.02525942027568817, -0.006765201222151518, 0.015958936884999275, 0.02249729633331299, -0.0009348854655399919, 0.02162996307015419, -0.0059946090914309025, 0.00829304289072752, 0.0018530914094299078, -0.026286877691745758, 0.006244801450520754, 0.015812156721949577, -0.00409314688295126, -0.0328519232571125, 0.007178852800279856, 0.006558375898748636, -0.015158320777118206, -0.00847985316067934, 0.010814981535077095, 0.01027456670999527, 0.00972080696374178, -0.0028471890836954117, -0.01153553556650877, 0.015211695805191994, -0.029355904087424278, -0.022830886766314507, -0.014397736638784409, -0.0016712850192561746, 0.024298682808876038, 0.014691295102238655, 0.0229109488427639, 0.024992549791932106, -0.02975621074438095, -0.00406312383711338, 0.007705924566835165, -0.006088014226406813, 0.036347948014736176, -0.0005675196880474687, -0.006628429517149925, 0.005230688489973545, 0.009594042785465717, 0.016452649608254433, 0.01750679314136505, -0.023204507306218147, 0.014758013188838959, 0.028341790661215782, 0.01605234108865261, 0.00771259656175971, 0.016612771898508072, -0.010888371616601944, -0.015985624864697456, 0.00803284253925085, 0.006074670702219009, 0.04558171331882477, -0.003892993088811636, 0.0011717341840267181, -0.002550294157117605, -0.002617012010887265, 0.007178852800279856, -0.10440026968717575, -0.031624313443899155, -0.008693350479006767, -0.0007363994955085218, 0.0034826777409762144, 0.029435966163873672, 0.011282007209956646, 0.016319213435053825, -0.02162996307015419, 0.020802661776542664, 0.014477797783911228, -0.01908133737742901, 0.0009398892871104181, 0.017893757671117783, 0.03338566794991493, -0.02561969868838787, 0.009320499375462532, 0.0012567996745929122, -0.04384704679250717, -0.002650371054187417, -0.006731842644512653, -0.009046955965459347, 0.002591992961242795, -0.009273797273635864, -0.02001538872718811, -0.02251064032316208, -0.008493197150528431, 0.026900682598352432, -0.011635612696409225, 0.005844493396580219, -0.0023951749317348003, 0.004683601204305887, 0.015998966991901398, -0.010955089703202248, 0.012442899867892265, -0.008333073928952217, 0.0008348085102625191, 0.01227610558271408, 0.028608663007616997, -0.031117258593440056, -0.0010816649300977588, -0.0010141130769625306, 0.00254529039375484, -0.03101050853729248, 0.011028478853404522, 0.006658452562987804, -0.037388745695352554, 0.03258505463600159, 0.004897098522633314, -0.004133177921175957, -0.00378290843218565, 0.00020265580678824335, -0.02938259020447731, 0.0005746084498241544, 0.020455727353692055, 0.0054875523783266544, 0.02397843636572361, 0.010548110119998455, 0.013276875019073486, -0.0005850331508554518, -0.004870411474257708, 0.006992042530328035, -0.016892988234758377, -0.003636128967627883, 0.003862970042973757, 0.02900896966457367, 0.009647417813539505, 0.0018130606040358543, 0.004556837026029825, -0.015171664766967297, -0.024005122482776642, -0.0056776986457407475, -0.011028478853404522, 0.04592864587903023, -0.0042532701045274734, 0.010448032990098, 0.0010107771959155798, -0.03480008989572525, 0.004473439417779446, 0.00681190425530076, -0.015758782625198364, -0.007592504378408194, 0.02237720414996147, -0.010661530308425426, 0.03303873538970947, -0.015198351815342903, -0.0030440071132034063, 0.010641515254974365, 0.005841157864779234, -0.01587887480854988, 0.00812624767422676, 0.014504484832286835, 0.0171465165913105, -0.009600714780390263, -0.0021149595268070698, 0.0003104470088146627, -0.026780590415000916, -0.01658608578145504, 0.02743442729115486, 0.011375412344932556, -0.011448802426457405, -0.010421345941722393, -0.07627197355031967, 0.02919577993452549, 0.00902026891708374, -0.005160634405910969, 0.00654169637709856, -0.013590449467301369, -0.014918136410415173, 0.0008856809581629932, -0.022390548139810562, -0.008586602285504341, 0.0008598277345299721, 0.02940927818417549, -0.014891449362039566, 0.007819345220923424, -0.014144208282232285, -0.0004390875983517617, 0.018280722200870514, -0.024765707552433014, 0.002203360665589571, 0.018534250557422638, 0.01892121508717537, 2.4054952518781647e-05, 0.014077490195631981, 0.0027788032311946154, 0.01746676303446293, -0.009740822948515415, 0.002038233680650592, 0.022977666929364204, 0.0019581723026931286, -0.022030271589756012, 0.021109564229846, -0.01984192244708538, 0.002355144126340747, 0.013823961839079857, -0.010341283865272999, 0.0022867582738399506, -0.01190915610641241, -0.0024435454979538918, 0.00045493312063626945, 0.02922246791422367, -0.02559301070868969, -0.014050803147256374, 0.02991633489727974, -0.003307542996481061, -0.013230171985924244, 0.006074670702219009, -0.0034192956518381834, -0.001453617587685585, 0.023324599489569664, 0.002575313439592719, -0.0013802278554067016, 0.021763399243354797, -0.005334101151674986, 0.0003694507176987827, -0.004863739479333162, 0.015078259631991386, 0.010247878730297089, -0.012956628575921059, -0.0032675121910870075, -0.04544827714562416, 0.039577096700668335, 0.004013085272163153, 0.023044385015964508, 0.0062548089772462845, 0.010301253758370876, -0.00837310403585434, -0.003536052070558071, 0.005000511184334755, 0.001260135555639863, -0.0061914268881082535, -0.018654342740774155, 0.008826786652207375, -0.0050071831792593, 0.04168538376688957, -0.007685909513384104, 0.026113411411643028, -0.0073456475511193275, -0.0019998708739876747, -0.032878611236810684, 0.0019698478281497955, 0.010941745713353157, 0.005224016495049, -0.029862960800528526, 0.011682315729558468, 0.014411079697310925, 0.0018764426931738853, -0.008886832743883133, 0.010975104756653309, 0.01912136748433113, 0.009000252932310104, 0.010801638476550579, -0.011528863571584225, -0.0074724117293953896, 0.013944054022431374, 0.014411079697310925, 0.018307408317923546, -0.01601231098175049, -0.008159606717526913, -0.0022016926668584347, 0.0015603663632646203, -0.013904023915529251, -0.005284062586724758, -0.006408260203897953, -0.016492679715156555, -0.033839352428913116, -0.004006413742899895, -0.003207466099411249, -0.03295867517590523, -0.002805490279570222, -0.002540286397561431, 0.018707716837525368, 0.019881952553987503, -0.003956375177949667, 0.01782703958451748, -0.016719521954655647, -0.022657420486211777, -0.0010299585992470384, -0.0061280447989702225, -0.01781369559466839, 0.006918652914464474, 0.035093650221824646, 0.011128555983304977, 0.03923016041517258, -0.016826270148158073, 0.004897098522633314, 0.01082165353000164, 0.0018814465729519725, -0.004586860071867704, -0.007692581042647362, -0.024592241272330284, -0.008873488754034042, -0.01677289605140686, -0.016612771898508072, 0.00317744305357337, 0.004089811351150274, 0.007045417092740536, -0.004563508555293083, 0.03103719651699066, -0.0010399662423878908, 0.048757486045360565, 0.0008631636737845838, -0.014357705600559711, 0.030209893360733986, -0.0100143663585186, 0.00040385217289440334, 0.02719424106180668, -0.013637151569128036, 0.013997429050505161, 0.005384139716625214, -0.004179880488663912, -0.008700022473931313, 0.02165665104985237, -0.03394610062241554, -0.009794197045266628, 0.0032308173831552267, 0.015985624864697456, 0.015825500711798668, -0.0004407555388752371, -0.016892988234758377, -7.109632861102e-05, 0.004810364916920662, 0.012329479679465294, 0.011115212924778461, -0.0010749931680038571, -0.020228886976838112, -0.008079545572400093, 4.2037529055960476e-05, -0.008686678484082222, -0.02040235325694084, 0.0017763657961040735, 3.463600660325028e-05, 0.0005883690319024026, -0.009013596922159195, 0.03151756525039673, -0.024045154452323914, -0.019027963280677795, 0.004193224012851715, 0.0018614311702549458, 0.007452396675944328, -0.012776490300893784, -0.007685909513384104, -0.024792395532131195, -0.021750055253505707, 0.01190248504281044, -0.008052858524024487, -0.00313574424944818, -0.030049771070480347, -0.02215036377310753]"
U2935,N38118 N55326 N55326 N33969 N25577 N848 N18275 N40716 N45994 N24298 N58580 N921 N31801 N19495 N40509,"[-0.022429920732975006, -0.028805548325181007, 0.02130330353975296, -0.0034214588813483715, -0.034925125539302826, 0.008500837720930576, -0.006798109505325556, 0.0062091960571706295, -0.021802598610520363, -0.010030731558799744, 0.03297915309667587, 0.01454360131174326, -0.010369997471570969, -0.011752663180232048, 0.00016883251373656094, -0.006455643568187952, 0.02634747512638569, -0.03364488109946251, -0.005879532545804977, -0.023748574778437614, -0.0024900794960558414, 0.009057744406163692, -0.021661771461367607, 0.0077198869548738, -0.01180387381464243, 0.00471130758523941, 0.010498021729290485, -0.02360774762928486, 0.013519403524696827, 0.0038183354772627354, -0.011663046665489674, -0.002994176698848605, -0.02194342575967312, 0.0019107679836452007, -0.025438498705625534, -0.03730638697743416, -0.002970172092318535, -0.0112341633066535, 0.0015242935623973608, 0.009704269468784332, 0.013890675269067287, -0.014402774162590504, -0.008052751421928406, -0.01785944029688835, -0.022148266434669495, 0.0035910916049033403, -0.002738127252086997, -0.010363596491515636, -0.01733453944325447, -0.003331841668114066, 0.02770453505218029, 0.015260539017617702, -0.018537970259785652, -0.00010482018842594698, -0.003331841668114066, -0.015030094422399998, -0.015132514759898186, 0.0076174670830369, -0.0021588157396763563, -0.008628861978650093, 0.012968897819519043, 0.010305984877049923, -0.017385749146342278, -0.0019395735580474138, -0.003272630274295807, -0.00420240918174386, 0.004564078990370035, 0.010472416877746582, -0.018691599369049072, -0.015196526423096657, 0.01825631596148014, 0.026757152751088142, -0.0030757924541831017, -0.024619141593575478, 0.014389971271157265, -0.00566509086638689, -0.017500970512628555, 0.005255412310361862, -0.008744084276258945, -0.003434261539950967, 0.015196526423096657, -0.031109992414712906, -0.004743313416838646, 0.027960585430264473, 0.009384207427501678, 0.011938299052417278, -0.007047757506370544, 0.017257723957300186, 0.005143390502780676, -0.008968126960098743, 0.0097426762804389, 0.019344525411725044, 0.00929458998143673, 0.045269519090652466, -0.021264895796775818, 0.007835108786821365, -0.01296249683946371, 0.054128825664520264, 0.028344659134745598, 0.00033126381458714604, -0.002707721432670951, 0.007470238953828812, -0.008398417383432388, -0.01720651425421238, -0.006894127931445837, -0.008904115296900272, -0.005108183715492487, -0.015721427276730537, 0.021162476390600204, -0.028267843648791313, 0.006292412057518959, 0.016451168805360794, 0.01687365025281906, -0.005629884544759989, -0.0133145647123456, 0.004845733288675547, -0.012565620243549347, -0.01491487305611372, 0.016156712546944618, -0.015106909908354282, -0.009505830705165863, -0.02564333938062191, 0.0026965192519128323, -0.0049161468632519245, 0.01976700685918331, 0.018640389665961266, -0.03262068331241608, -0.019382933154702187, 0.0050793783739209175, -0.0006933335098437965, 0.05510181188583374, 0.0304698683321476, 0.014133921824395657, 0.02016388438642025, -0.006785307079553604, 0.014594811014831066, -0.012636033818125725, 0.02711562253534794, 0.007066960912197828, -0.035539645701646805, 0.02176419086754322, 0.017718613147735596, -0.004509668331593275, -0.019779808819293976, 0.005789915099740028, -0.0038407398387789726, 0.022647561505436897, 0.02025349996984005, 0.002293241675943136, 0.0018595581641420722, 0.002664513187482953, 0.029573695734143257, 0.0019123683450743556, -0.017808230593800545, 0.008763288147747517, 0.003536681178957224, -0.009025738574564457, 0.021277697756886482, 0.018883636221289635, -0.0024196659214794636, -0.01376265101134777, 0.01705288514494896, -0.00843682512640953, -0.007700683083385229, -0.005399439949542284, 0.028984783217310905, -0.022801190614700317, -0.005690696183592081, 0.009640256874263287, -0.01834593340754509, 0.004055181052535772, 0.04160801321268082, -0.002736527007073164, 0.017782624810934067, -0.00037427208735607564, 0.001629113801755011, -0.03536041080951691, 0.006196393631398678, -0.037203963845968246, -0.008238386362791061, -0.036589447408914566, 0.021648969501256943, 0.01573423109948635, 0.030111398547887802, -0.008014343678951263, -0.007630269508808851, 0.0017587387701496482, -0.01637435331940651, 0.01742415502667427, 0.00798873882740736, 0.012341576628386974, 0.003266229061409831, -0.015388564206659794, -0.02726925164461136, -0.6489313840866089, 0.0075278496369719505, -0.027192438021302223, 0.013903478160500526, 0.012456798925995827, 0.00041327960207127035, 0.005716301035135984, 0.03495073318481445, -0.010152355767786503, 0.00849443580955267, 0.013404181227087975, 0.021418524906039238, -0.006785307079553604, -0.014876465313136578, -0.011855083517730236, -0.01782103255391121, 0.005677893757820129, 0.00734861521050334, -0.004183205775916576, 0.008033547550439835, -0.01339137926697731, 0.012315971776843071, 0.011042126454412937, -0.010766874067485332, 0.001798746408894658, -0.0008425622945651412, 0.028370264917612076, -0.0020836011972278357, -0.005786714609712362, -0.0005629084189422429, -0.016118304803967476, 0.00834080670028925, 0.010248374193906784, -0.0004476862377487123, 0.052899789065122604, 0.006330819334834814, -0.019997451454401016, 0.017923451960086823, 0.0014706832589581609, 0.011522219516336918, 0.01785944029688835, -0.012642434798181057, 0.007438232656568289, -0.0036262983921915293, -0.025681747123599052, -0.0126808425411582, 0.0015322951367124915, 0.009749077260494232, -0.0037767274770885706, 0.005709899589419365, -0.005204202141612768, 0.005623483099043369, -0.007828707806766033, 0.027576511725783348, 0.00029945766436867416, -0.001632314408197999, 0.023774178698658943, -0.03136604279279709, -0.018486760556697845, -0.01163744181394577, 0.0013586616842076182, -0.005825121887028217, -0.0011226162314414978, -0.012226354330778122, 0.02253234013915062, 0.04386124759912491, -0.04217132180929184, -0.004861736204475164, 0.028114214539527893, 0.009166565723717213, -0.01606709510087967, 0.017552180215716362, -0.004976958502084017, -0.013148132711648941, 0.00791192427277565, -0.007316609378904104, 0.013148132711648941, 0.006375628057867289, -0.016207922250032425, -0.01597747765481472, -0.04007171839475632, -0.005389838013797998, -0.018537970259785652, 0.009268985129892826, -0.006638078484684229, 0.013058515265583992, -0.035386014729738235, 0.022647561505436897, 0.017526576295495033, -0.0003128602693323046, 0.023262079805135727, 0.021188080310821533, 0.00992831215262413, -0.010197163559496403, -0.010773275047540665, 0.0021476135589182377, -0.014633218757808208, -0.0044744620099663734, 0.028575103729963303, 4.4483567762654275e-05, 0.011227762326598167, 0.02274998091161251, -0.004618489649146795, 0.002894957549870014, 0.013340169563889503, 0.007847911678254604, -0.02939446084201336, 0.00561708165332675, 0.03728077933192253, -0.02601461112499237, -0.0026965192519128323, -0.005789915099740028, -0.003895150264725089, 0.0013778653228655457, -0.016771230846643448, -0.028242239728569984, 0.0005136989639140666, 0.011823076754808426, 0.011170151643455029, -0.03425939753651619, -0.002832545433193445, 0.01801306940615177, -0.015286143869161606, -0.0017443359829485416, 0.0022580348886549473, 0.02277558669447899, 0.003559085540473461, -0.0074894423596560955, -0.014069910161197186, -0.010683657601475716, -0.019280513748526573, 0.021994635462760925, 0.02573295682668686, 0.007950331084430218, 0.029189622029662132, 0.025016017258167267, -0.01371144037693739, 0.005012165289372206, -0.021444130688905716, -0.007182183209806681, 0.016566390171647072, 0.0005837124190293252, 0.024913597851991653, 0.012059922330081463, 0.013493798673152924, -0.022097056731581688, -0.025604931637644768, -0.008059152401983738, -0.022365907207131386, 0.010472416877746582, 0.006670084781944752, -0.004375242628157139, 0.01610550284385681, 0.009883503429591656, -0.004704906139522791, 0.013596219010651112, -0.018832426518201828, -0.01659199595451355, 0.0039111534133553505, -0.020739994943141937, 0.01764179766178131, 0.04798364266753197, -0.03543722629547119, -0.00447126105427742, 0.000583312357775867, -0.001800346770323813, 0.013826662674546242, -0.022429920732975006, 0.008443226106464863, -0.009262584149837494, 0.0023492525797337294, -0.018025871366262436, 0.02299322932958603, 0.013455391861498356, 0.0009185769013129175, -0.006186791695654392, -0.016054291278123856, -0.007406226359307766, -0.011042126454412937, 0.014978884719312191, 0.006689288187772036, -0.012111132964491844, -0.015657415613532066, -0.02001025341451168, 0.03817695379257202, -0.0012986501678824425, 0.0005789115093648434, 0.013813860714435577, 0.00018143493798561394, 0.030981967225670815, 0.023505326360464096, -0.000682531448546797, 0.013519403524696827, 0.012706447392702103, -0.009691466577351093, 0.008699275553226471, 0.00795673206448555, 0.01446678675711155, -0.018294723704457283, 0.011592633090913296, -0.004634492564946413, 0.014351564459502697, 8.166572661139071e-05, 0.001837153802625835, -0.0041511994786560535, -0.02529767155647278, 0.004548076074570417, -0.016540786251425743, 0.023530932143330574, 0.02437589503824711, 0.0002818542707245797, -0.014313156716525555, -0.019626179710030556, -0.02472156099975109, 0.00041968084406107664, 0.014402774162590504, 0.001168224960565567, -0.006013958249241114, -0.0009233778691850603, 0.01171425636857748, -0.0056074801832437515, -0.006254004314541817, 0.010088343173265457, 0.013749848119914532, -0.021751388907432556, -0.008731281384825706, 0.0053162239491939545, -0.006545260548591614, -0.0043112304992973804, -0.024516722187399864, 0.004138397052884102, 0.030188214033842087, -0.007374220062047243, 0.01453079842031002, -0.01924210600554943, 0.004647294990718365, -0.005473054014146328, -0.020279105752706528, 0.02456793189048767, -0.0016363151371479034, -0.010241972282528877, 0.03072591871023178, 0.02044553868472576, 0.027141228318214417, 0.013186539523303509, 0.0009129758109338582, 0.049187071621418, -0.0036262983921915293, -0.012098330073058605, -0.0014018700458109379, -0.0076878806576132774, -0.00035626860335469246, 0.004131995607167482, 0.012047120369970798, 0.001933172345161438, -0.009076948277652264, 0.020330315455794334, 0.012264762073755264, 0.042222533375024796, 0.008859306573867798, 0.002707721432670951, -0.0097426762804389, -0.009243380278348923, -0.0026885177940130234, 0.0166816134005785, -0.010901299305260181, -0.004653696436434984, -0.011522219516336918, -0.006039563100785017, -0.005473054014146328, -0.013237749226391315, -0.02268596924841404, -0.004218412563204765, -0.03395213931798935, -0.0143771693110466, 0.003597492817789316, -0.019370131194591522, -0.00010206965816905722, 0.015490983612835407, -0.01874280907213688, -0.008027145639061928, -0.025873783975839615, 0.02080400660634041, 0.023402906954288483, 0.0046248906292021275, -0.0017523375572636724, 0.018307525664567947, -0.003975165542215109, -0.018704403191804886, 0.030367448925971985, -0.009448220022022724, 0.033081572502851486, -0.010062738321721554, 0.01637435331940651, -0.022058648988604546, -0.010254775173962116, 0.013148132711648941, -0.016143908724188805, 0.014799650758504868, 0.0008553647203370929, 0.020125476643443108, 0.0037767274770885706, -0.011214960366487503, 0.006503652781248093, 0.047241099178791046, 0.015785440802574158, -0.00780310295522213, -0.01600308157503605, 0.004522471223026514, 0.016758427023887634, -0.014825255610048771, -0.007380621507763863, -0.015324551612138748, -0.0017251322278752923, -0.00601715873926878, 0.0015963074984028935, -0.03512996435165405, 0.0027445286978036165, -0.0030453866347670555, -0.013442588970065117, -0.015683021396398544, -0.012456798925995827, -0.005021767225116491, -0.02132890745997429, 0.1466650515794754, 0.018986057490110397, 0.025758560746908188, -0.007118171080946922, 0.020739994943141937, 0.003074191976338625, -0.023159660398960114, -0.001501089078374207, -0.005044171586632729, -0.005706699099391699, -0.004973758012056351, -0.023505326360464096, 0.013199342414736748, -0.0016347148921340704, 0.013570614159107208, -0.0001995384373003617, 0.005431446246802807, -0.02422226592898369, 0.04235055670142174, -0.004448856692761183, 0.011797471903264523, -0.007387022953480482, -0.0027173233684152365, 0.016950463876128197, 0.006567664910107851, -0.005962748546153307, 0.0028485485818237066, 0.014825255610048771, 0.006874924059957266, -0.015939069911837578, 0.006951739080250263, -0.008456028997898102, -0.019754204899072647, -0.002133210888132453, 0.008321602828800678, -0.006308414973318577, 0.015183724462985992, 0.003834338393062353, 0.004189606755971909, -0.012719249352812767, 0.044962260872125626, 0.00921777542680502, 0.0028901565819978714, -0.030930757522583008, -0.007316609378904104, -0.018461154773831367, 0.002902959007769823, 0.03466907888650894, 0.004503267351537943, -0.00840481836348772, 0.052003614604473114, -0.0013290559872984886, -0.009339398704469204, -0.01924210600554943, -0.009000133723020554, -0.0037159156054258347, 0.04201769083738327, 0.015567798167467117, -0.0026101027615368366, 0.012059922330081463, -0.008852904662489891, -0.02292921580374241, -0.01825631596148014, -0.011592633090913296, 0.0012026316253468394, -0.020983241498470306, -0.0360773466527462, -0.015286143869161606, -0.01188068836927414, -0.03413137421011925, 0.0024820780381560326, 0.003703113179653883, -0.012399188242852688, 0.012437595054507256, 0.014850860461592674, 0.002293241675943136, 0.008295997977256775, 0.0029877754859626293, 0.029445670545101166, -0.012520811520516872, 0.010766874067485332, -0.012271163053810596, -0.0014330759877339005, -0.021776994690299034, -0.0038823478389531374, 0.011483811773359776, -0.00806555338203907, -0.009179367683827877, -8.106561290333048e-05, -0.021405722945928574, -0.006958140060305595, 0.010965311899781227, 0.006695689633488655, -0.017872242256999016, -0.013852267526090145, 0.006173989269882441, 0.010152355767786503, 0.003600693540647626, -0.020215094089508057, 0.011938299052417278, -0.0007493442972190678, 0.0022212278563529253, -0.0030037786345928907, 0.01160543505102396, 0.0039879679679870605, -0.0009737875661812723, -0.01371144037693739, -0.0018963651964440942, -0.0037159156054258347, -0.006580467335879803, 0.026296265423297882, -0.03577008843421936, 0.01687365025281906, -0.016937661916017532, 0.011675848625600338, 0.035411618649959564, 0.001003393204882741, 0.0054282452911138535, 0.01920369826257229, -0.007515047211199999, -0.0029397662729024887, -0.024619141593575478, 0.02084241434931755, 0.03822816163301468, -0.01939573511481285, -0.00043768429895862937, -0.033568065613508224, -0.02382538840174675, -0.013903478160500526, -0.013532206416130066, 0.00647164648398757, 0.026398684829473495, -5.4960586567176506e-05, -0.00048569354112260044, -0.031596485525369644, -0.024004623293876648, -0.010530028492212296, 0.017808230593800545, -0.0047913226298987865, -0.02452952414751053, 0.009512231685221195, -0.009281788021326065, -0.006881325505673885, -0.03441302850842476, -0.008852904662489891, -0.041172731667757034, -0.0074894423596560955, -0.008673670701682568, -0.007739090360701084, 0.01491487305611372, -0.0023524530697613955, -0.007822306826710701, -0.011362188495695591, 0.02650110423564911, -0.012572021223604679, -0.027371671050786972, 0.005892334971576929, -0.02296762354671955, 0.010325188748538494, 0.01286647841334343, 0.034643471240997314, -0.016860848292708397, 0.0004652896022889763, -0.003568687243387103, 0.005136989522725344, -0.004080785904079676, 0.015990279614925385, 0.004301628563553095, -0.014146724715828896, 0.02121368609368801, 0.0139930946752429, 0.0010898099280893803, 0.01133018173277378, 0.0018579578027129173, 0.015964675694704056, -0.003133403602987528, 0.003696711966767907, -0.026859574019908905, -0.004170403350144625, -0.008430424146354198, -0.0266291294246912, -0.02533607929944992, 0.005265014246106148, 0.0018531569512560964, -0.011887089349329472, -0.029624905437231064, -0.001600308227352798, 0.015350156463682652, 0.0023892601020634174, -0.019997451454401016, 0.007860713638365269, -0.009934713132679462, 0.018819624558091164, -0.012584824115037918, -0.00905134342610836, -0.019293315708637238, -0.0021812201011925936, 0.020739994943141937, 0.0037063139025121927, -0.0023844591341912746, 0.0013354572001844645, 0.008596856147050858, -0.021648969501256943, -0.004019974265247583, -0.002041993197053671, 0.035565249621868134, -0.01733453944325447, -0.001617111498489976, 0.030930757522583008, -0.018486760556697845, -0.018601981922984123, -0.040865469723939896, -0.014774045906960964, -0.023966215550899506, 0.0064460416324436665, -0.00069253338733688, -0.0054442486725747585, -0.004183205775916576, -0.0032838324550539255, -0.0308795478194952, -0.0013922681100666523, 0.010600442066788673, 0.011054929345846176, -0.014236342161893845, -0.0025444901548326015, 0.007559855934232473, -0.02170017920434475, -0.02090642601251602, 0.018077081069350243, 0.025720153003931046, 0.017385749146342278, 0.015286143869161606, 0.03374730050563812, 0.030316239222884178, -0.013288959860801697, 0.01893484592437744, 0.02726925164461136, -0.008577652275562286, -0.03546283021569252, 0.0012930490775033832, -0.0006057166610844433, -0.01672002114355564, -0.004324032925069332, -0.01856357604265213, 0.007707084529101849, 0.002856550272554159, -0.012232756242156029, 0.007182183209806681, -0.016848044469952583, -0.024427104741334915, -0.01643836684525013, 0.007502244785428047, -0.03103317692875862, -0.0027781350072473288, 0.004282424692064524, -0.0122967679053545, 0.019843822345137596, -0.015567798167467117, 0.026219449937343597, 0.021200884133577347, -0.02268596924841404, 0.005860328674316406, 0.009307392872869968, 0.0041511994786560535, -0.023863796144723892, -0.013173737563192844, -0.016015885397791862, 0.007399825379252434, -0.010722065344452858, 0.016169514507055283, 0.0016483174404129386, -0.026705943048000336, 0.025220857933163643, 0.01643836684525013, 0.016604797914624214, 0.00836001057177782, -0.01711689680814743, -0.005821921397000551, -0.036615051329135895, -0.001830752589739859, 0.002333249431103468, 0.01354500837624073, 0.006298813037574291, -0.019408538937568665, -0.0032134188804775476, -0.003136604093015194, -0.0347202867269516, -0.013090521097183228, 0.004218412563204765, 0.012213552370667458, -0.011490212753415108, -0.011765466071665287, 0.0035206780303269625, -0.01785944029688835, -0.004807326011359692, 0.026885177940130234, -0.0005036970251239836, 0.023287685588002205, -0.026142634451389313, 0.018371539190411568, -0.012584824115037918, 0.01184868160635233, -0.024017425253987312, -0.025220857933163643, 0.017987463623285294, -0.029317647218704224, 0.013596219010651112, -0.019984649494290352, -0.026053017005324364, -0.02379978448152542, -0.010197163559496403, 0.005207403097301722, 0.028728732839226723, -0.020419932901859283, 0.002427667612209916, -0.022788388654589653, 0.02345411665737629, -0.03344004228711128, -0.0012098329607397318, 0.04188966751098633, -0.00474011292681098, -0.027781350538134575, 0.023262079805135727, -0.0011426201090216637, 0.010139552876353264, 0.03305596485733986, 0.0020195890683680773, 0.01251441054046154, -0.018601981922984123, 0.001249040593393147, 0.023249277845025063, 0.03500194102525711, -0.0013114525936543941, -0.011483811773359776, -0.017833834514021873, 0.01588786020874977, -0.023006031289696693, 0.0062091960571706295, -0.0022180271334946156, -0.025720153003931046, 0.008001540787518024, -0.0023092448245733976, -0.004157600924372673, 0.015657415613532066, 0.0039495606906712055, -0.03469468280673027, -0.02564333938062191, 0.008199979551136494, 0.014441180974245071, -0.011093336157500744, -0.04716428369283676, 0.026603523641824722, 0.019011661410331726, 0.02939446084201336, -0.019280513748526573, 0.025451302528381348, -0.02610422857105732, 0.014505193568766117, 0.027294857427477837, -0.004189606755971909, 0.012431194074451923, -0.007233393378555775, 0.00806555338203907, 0.0207527969032526, -0.006039563100785017, 0.022276289761066437, -0.01567021757364273, -0.010952509008347988, 0.006593269761651754, -0.013365774415433407, 0.009384207427501678, 0.014185132458806038, -0.01091410219669342, -0.03546283021569252, -0.00912815798074007, 0.013250552117824554, 0.018730007112026215, 0.013416984118521214, -0.020944833755493164, 0.0013418584130704403, -0.008897713385522366, -0.005124187096953392, -0.005604279227554798, 0.010677256621420383, 0.015183724462985992, -0.01878121681511402, -0.008910516276955605, 0.00024864787701517344, 0.00843682512640953, -0.010402003303170204, 0.0035206780303269625, -0.03244144842028618, -0.01179107092320919, -0.008347207680344582, -0.008500837720930576, -0.014338761568069458, -0.013737046159803867, -0.020522352308034897, -0.011983107775449753, 0.044066086411476135, -0.01661759987473488, -0.0014042704133316875, -0.000714537629391998, -0.0006741298129782081, -0.012616829946637154, -0.010133151896297932, -0.00851363968104124, 0.01884523034095764, -0.0347202867269516, -0.01575983501970768, 0.02755090594291687, -0.02665473334491253, 0.012924089096486568, -0.010690058581531048, 0.014338761568069458, -0.004976958502084017, -0.012021515518426895, -0.02557932585477829, 0.02056076005101204, 0.005463452078402042, -0.006535658612847328, -0.0012234356254339218, 0.004442455712705851, 0.0018099485896527767, -0.021418524906039238, -0.01355781126767397, -0.004976958502084017, -0.011861484497785568, 0.004781721159815788, 0.006305214483290911, -0.031750116497278214, -0.03377290442585945, 0.0018211507704108953, 0.00030665905796922743, 0.009121757000684738, 0.015990279614925385, 0.2292153537273407, 0.014710033312439919, -0.0008697675075381994, 0.026757152751088142, -0.035872507840394974, 0.013685835525393486, 0.012047120369970798, 0.02785816602408886, -0.024759968742728233, 0.0050633749924600124, -0.015567798167467117, 0.0011474209604784846, 0.011919095180928707, 0.010369997471570969, 0.015055699273943901, 0.010530028492212296, -0.027064412832260132, -0.03367048501968384, -0.014684428460896015, -0.04401487857103348, 0.006455643568187952, -0.005908337887376547, 0.006013958249241114, -0.009697867557406425, 0.025592129677534103, 0.019690193235874176, -0.015939069911837578, 0.023838190361857414, 0.03262068331241608, 0.0007717486587353051, -0.01757778599858284, -0.005322624929249287, -0.02665473334491253, -0.0071245720610022545, 0.004829730372875929, 0.00019523760420270264, -0.023018833249807358, -0.009320194832980633, -0.007022152654826641, 0.002456473186612129, -0.020202290266752243, 0.003335042390972376, 0.037511225789785385, -0.01445398386567831, -0.01702727936208248, 0.02597620338201523, 0.024926401674747467, -0.017590587958693504, 0.015542193315923214, 0.0021476135589182377, -0.008270393125712872, -0.029752930626273155, 0.004122394137084484, 0.02752530202269554, -0.0026549112517386675, -0.0016251129563897848, 0.015747033059597015, 0.007495843805372715, -0.01197670679539442, 0.020880822092294693, 0.018153896555304527, 0.017654599621891975, -0.004548076074570417, 0.010888497345149517, -0.007892720401287079, 0.024555129930377007, -0.029292041435837746, 0.01221995335072279, 0.01696326769888401, -0.02610422857105732, -0.0009273785981349647, -0.023198068141937256, 0.006308414973318577, -0.01355781126767397, -0.004666498862206936, -0.02441430278122425, 0.02939446084201336, 0.02231469750404358, 0.024836784228682518, 0.002192422281950712, 0.0031814128160476685, 0.01779542677104473, 0.005831523332744837, 0.007291004061698914, 0.017001675441861153, -0.03228781744837761, 0.02632186934351921, -0.007854312658309937, -0.018320327624678612, 0.013365774415433407, 0.037972114980220795, -0.006497251335531473, -0.018141094595193863, -0.004944952204823494, 0.006292412057518959, 0.0023460518568754196, -0.03277431055903435, 0.022417116910219193, -0.02564333938062191, 0.014018700458109379, -0.004455258138477802, 0.039508409798145294, 0.00651965569704771, -0.006023560184985399, -0.011720657348632812, 0.0037831286899745464, -0.00029925763374194503, 0.008084757253527641, 0.01446678675711155, -0.0012210351414978504, -0.04089107736945152, -0.010645249858498573, 0.005991553887724876, -0.0005241009639576077, 0.01134298462420702, 0.020983241498470306, -0.007854312658309937, -0.03771606460213661, 0.029035992920398712, -0.02086801826953888, -0.009544238448143005, -0.02847268432378769, 0.010555633343756199, 0.0007225391454994678, 0.001282647019252181, 0.00843682512640953, 0.005210603587329388, 0.01588786020874977, 0.006500451825559139, -0.03533480688929558, 0.018973253667354584, -0.013416984118521214, -0.012290366925299168, 0.03671747073531151, -0.028831152245402336, 0.003530279966071248, 0.011144546791911125, -0.001801947015337646, -0.007515047211199999, 0.010901299305260181, 0.003837539115920663, 0.008763288147747517, 0.015939069911837578, -0.03041865862905979, -0.0008761687786318362, -0.00860325712710619, 0.03961082920432091, 0.010088343173265457, -0.03134043514728546, 0.0038215359672904015, -0.02167457528412342, 0.022545142099261284, 0.017232118174433708, 0.004205610137432814, 0.013826662674546242, 0.010549231432378292, -0.01683524250984192, -0.016694415360689163, -0.050134457647800446, 0.009678663685917854, -0.04201769083738327, -0.008199979551136494, 0.012271163053810596, -0.0091089541092515, -0.0038567427545785904, 0.004839331842958927, -0.15987719595432281, 0.031289227306842804, 0.007291004061698914, 0.004106390755623579, 0.031161202117800713, 0.006487649399787188, 0.00998592283576727, -0.012424793094396591, -0.032364632934331894, 0.006881325505673885, 0.019651785492897034, -0.021444130688905716, -0.02090642601251602, 0.0281654242426157, 0.0022532339207828045, 0.0026213049422949553, -0.02106005698442459, 0.001990783493965864, -0.016694415360689163, 0.009595448151230812, 0.018422748893499374, -0.020266303792595863, 0.01115734875202179, -0.03804892674088478, 0.023249277845025063, 0.038612235337495804, -0.0018723605899140239, 0.011931898072361946, -0.009006534703075886, 0.012719249352812767, 0.003917554393410683, 0.009461021982133389, 0.024836784228682518, 0.0014106717426329851, 0.015836650505661964, 0.016732823103666306, 0.0021524145267903805, -0.00641723582521081, -0.0028853556141257286, 0.03223660960793495, 0.030393052846193314, 0.033388830721378326, 0.009505830705165863, -0.0023812586441636086, -0.00319421524181962, 0.020138278603553772, 0.007207788061350584, 0.013109724968671799, 0.025681747123599052, 0.0026149037294089794, 0.003898350754752755, -0.038561027497053146, -0.016425563022494316, -0.002805340336635709, 0.0007801502360962331, 0.0015082905301824212, 0.008334404788911343, 0.013596219010651112, 0.0022484329529106617, -0.002707721432670951, 0.014786847867071629, -0.014415576122701168, 0.011170151643455029, 0.004804125055670738, -0.013685835525393486, 0.0216105617582798, 0.019831020385026932, -0.027013203129172325, -0.010722065344452858, -0.025540919974446297, -0.012469601817429066, -0.02102164924144745, -0.021969031542539597, -0.015747033059597015, 0.018448352813720703, 0.008084757253527641, -0.015337353572249413, 0.028242239728569984, -0.028370264917612076, -0.013237749226391315, 0.024887993931770325, 0.01788504421710968, -0.012437595054507256, -0.03638460859656334, -0.015094107016921043, 0.014325959607958794, -0.020458340644836426, -0.011874287389218807, 0.02665473334491253, -0.02472156099975109, 0.017193712294101715, -0.03239023685455322, 3.153107172693126e-05, -0.004298428073525429, 0.016246328130364418, -0.0006749299936927855, 0.01628473587334156, 0.0194853525608778, 0.011291774921119213, -0.020087068900465965, -0.0004296827537473291, -0.0209320317953825, -0.03605174273252487, 0.0007233393262140453, 0.002269237069413066, 0.001270644715987146, -0.005361032672226429, 0.019062871113419533, 0.029189622029662132, 0.004967356566339731, -0.01683524250984192, -0.010824484750628471, 0.000300057785352692, 0.02071438916027546, 0.00367430760525167, 0.01779542677104473, 0.010056336410343647, -0.02281399443745613, 0.010459614917635918, -0.013416984118521214, 0.05210603401064873, 0.01992063596844673, 0.003335042390972376, -0.004548076074570417, -0.015017292462289333, 0.02259635180234909, -0.11030604690313339, -0.007130973506718874, 0.006785307079553604, 0.03515557199716568, -0.001963578164577484, -0.001990783493965864, -0.007258998230099678, 0.020547958090901375, -0.04503907635807991, 0.016054291278123856, -0.017564982175827026, -0.020087068900465965, -0.0031750116031616926, -0.014492391608655453, 0.014761243015527725, 0.014556403271853924, -0.020151080563664436, -0.009429016150534153, -0.013877873308956623, 0.0031974157318472862, -0.009659460745751858, -0.008456028997898102, -0.014031502418220043, 0.00037307184538803995, 0.004813726991415024, -0.01680963672697544, 0.004909745417535305, 0.03305596485733986, 0.022122660651803017, 0.003357446752488613, -0.007700683083385229, -0.00707976333796978, 0.0011426201090216637, -0.0027861366979777813, 0.016207922250032425, 0.01264883577823639, -0.0159134641289711, -0.011374990455806255, 0.010248374193906784, -0.027627721428871155, 0.007604664657264948, 0.019280513748526573, -0.007169380784034729, -0.03228781744837761, -0.0015883059240877628, -0.0047881221398711205, -0.00014992887736298144, 0.00034686681465245783, 0.027730140835046768, -0.008052751421928406, 0.013609020970761776, 0.004890542011708021, -0.0064844489097595215, 0.006695689633488655, -0.011074133217334747, -0.00834080670028925, 0.01604148931801319, 0.02318526618182659, -0.039047520607709885, -0.00263570761308074, 0.021687377244234085, -0.015209329314529896, 0.001936372951604426, -0.01935732737183571, -0.008116763085126877, -0.0111893555149436, -0.018947649747133255, 0.005015365779399872, -0.003699912689626217, -0.020663179457187653, -0.007995139807462692, -0.021661771461367607, -0.013109724968671799, 0.032339029014110565, -0.004634492564946413, -0.01711689680814743, -0.019651785492897034, -0.014441180974245071, -0.007393423933535814, -0.01569582335650921, -0.00745743652805686, 0.013673033565282822, 0.02982974611222744, -0.0052810171619057655, 0.02982974611222744, 0.025604931637644768, 0.0046248906292021275, 0.015388564206659794, -0.006330819334834814, -8.048425002016302e-07, -0.019306117668747902, 0.009320194832980633, 0.014838057570159435, -0.051670752465724945, -0.008001540787518024, 0.021072858944535255, -0.012770459987223148, -0.0020755997393280268, -0.011669447645545006, -0.003632699605077505, -0.01573423109948635, -0.0006393231451511383, -0.045730408281087875, 0.013506601564586163, -0.0173601433634758, -0.0017763421637937427, 0.016335945576429367, -0.009953917004168034, 0.02099604345858097, -0.02292921580374241, -0.03062349744141102, 0.01963898167014122, -0.018858032301068306, 0.03244144842028618, 0.006167587824165821, -0.0022228281013667583, -0.021200884133577347, 0.0033254404552280903, 0.02665473334491253, -0.006580467335879803, 0.023850994184613228, 0.019664587453007698, -0.013327366672456264, -0.0034118571784347296, 0.0005881132674403489, 0.022327499464154243, -0.011125342920422554, 0.012194348499178886, -0.022276289761066437, 0.006314816419035196, -0.006305214483290911, -0.0017459362279623747, 0.01788504421710968, -0.005722702015191317, -0.009275386109948158, 0.015273341909050941, 0.01782103255391121, 0.003767125541344285, -0.012636033818125725, 0.008219183422625065, 0.00977468304336071, 0.049545541405677795, 0.0008037547813728452, -0.037972114980220795, 0.016515180468559265, -0.02632186934351921, 0.0024468712508678436, 0.01856357604265213, 0.002363655250519514, 0.04442455619573593, 0.012155941687524319, -0.00250128167681396, -0.002768533304333687, 0.02426067180931568, 0.004944952204823494, -0.023313289508223534, -0.004743313416838646, -0.037229571491479874, 0.004839331842958927, 0.0029205624014139175, -0.007495843805372715, -0.015554996207356453, 0.012597626075148582, 0.00367430760525167, -0.011272571049630642, 0.01346819382160902, 0.013788255862891674, -0.018819624558091164, -0.0028901565819978714, -0.00920497253537178, 0.011855083517730236, -0.04060942307114601, -0.016233526170253754, -0.006542060058563948, -0.0003354646032676101, -0.006503652781248093, -0.013416984118521214, -0.0060075572691857815, 0.003895150264725089, 0.009998725727200508, -0.012354379519820213, -0.012712848372757435, 0.007969534955918789, -0.015465378761291504, 0.007495843805372715, 0.020112672820687294, 0.01376265101134777, 0.04191527143120766, 0.01613110676407814, 0.0023940610699355602, 0.011471008881926537, 0.013416984118521214, 0.013532206416130066, 0.020944833755493164, -0.0008465630235150456, 0.006314816419035196, 0.003331841668114066, 0.00033106375485658646, -0.0024516722187399864, 0.028805548325181007, -0.01619511842727661, 0.003043786156922579, 0.0101715587079525, 0.011944700963795185, -0.016297539696097374, -0.006218797527253628, -0.010504422709345818, 0.008001540787518024, -0.032185398042201996, -0.038561027497053146, -0.009889904409646988, -0.0012290367158129811, 0.010549231432378292, 0.027064412832260132, 0.013493798673152924, 0.028831152245402336, -0.019370131194591522, 0.02548970840871334, 0.010946108028292656, -0.026449894532561302, 0.0013034510193392634, 0.01810268685221672, -0.00025004814960993826, 0.010363596491515636, 0.01779542677104473, -0.02266036346554756, 0.02410704270005226, 0.007476639933884144, 0.01665600761771202, -0.01371144037693739, -0.028037400916218758, -0.005748307332396507, 0.02406863495707512, -0.0013082519872114062, -0.021200884133577347, -0.00966586172580719, -0.021648969501256943, 0.01970299519598484, 0.0009657859918661416, 0.011471008881926537, -0.029292041435837746, -0.0030613895505666733, 0.010798879899084568, -0.013570614159107208, 0.007387022953480482, 0.01100371964275837, 0.02998337522149086, -0.003002178156748414, 0.014351564459502697, 0.0007633470231667161, 0.004122394137084484, 0.024478314444422722, 0.0005653089028783143, 0.0111893555149436, -0.02336449921131134, -0.013301761820912361, -0.01275765709578991, -0.005168995354324579, 0.0331839919090271, 0.010305984877049923, -0.005306622013449669, 0.00473371148109436, -0.025438498705625534, 0.026526708155870438, -0.002126809675246477, -0.0039495606906712055, 0.0024580734316259623, 0.0122519601136446, -0.000332063966197893, -0.023774178698658943, -0.038304977118968964, 0.03420818969607353, 0.023351697251200676, -0.03912433609366417, -0.008257590234279633, 0.029880955815315247, -0.0007857513264752924, -0.001185028231702745, 0.016758427023887634, -0.0029221628792583942, -0.011150947771966457, -0.009896306321024895, 0.014389971271157265, -0.0374344103038311, -0.014300353825092316, 0.009902707301080227, -0.024183858186006546, -0.020176686346530914, -0.0005965149030089378, 0.0024548727087676525]"
U38865,N12733 N8316 N43295 N17953 N16317 N2994 N55108 N59237 N53526 N18012 N21383 N21623 N64777 N2665 N46987 N4020 N32089 N14724 N29940 N36808 N16451 N15034 N36699 N53074 N995 N40912 N55326 N36053 N30662 N37156 N30622 N37156 N20483 N7333 N60669 N25839 N43917 N55951 N5828 N22519 N22344 N61018 N46372 N20857 N37915 N25158 N34824 N35560 N30353 N1080 N47289 N42079 N58264 N35295 N28313 N10414 N9003 N15587 N54842 N23864 N55059 N56889 N28088 N59118 N13081 N17589 N15676 N23771,"[-0.011783729307353497, -0.02589363232254982, 0.017811842262744904, -0.029269905760884285, -0.021095069125294685, 0.012288841418921947, -0.010188639163970947, -0.011816960759460926, -0.008420747704803944, -0.043918151408433914, -0.017665624618530273, 0.015033725649118423, 0.01135172601789236, 0.005988234654068947, -0.003559045260772109, 0.007563386578112841, 0.034613460302352905, -0.004027602728456259, 0.010368086397647858, -0.020430447533726692, -0.02468402124941349, -0.0020719557069242, 0.006689409725368023, -0.009337924420833588, -0.0012694259639829397, 0.004771978594362736, 0.020164599642157555, -0.015100187622010708, -0.0031320261768996716, -0.040302615612745285, 0.012986693531274796, 0.0008095913799479604, -0.017413068562746048, -0.038175828754901886, 0.0015693361638113856, -0.004180465824902058, -0.015738224610686302, -0.004682254511862993, -0.005366814322769642, 0.003947848454117775, 0.015977486968040466, -0.011850191280245781, -0.0019955243915319443, 0.008134960196912289, -0.006087928079068661, 0.012574627995491028, -0.009583833627402782, -0.009264815598726273, -0.02233126387000084, 0.011298555880784988, 0.03405517712235451, 0.000447372964117676, -0.014900801703333855, -0.01483433973044157, 0.00839416217058897, -0.004569269251078367, -0.015166650526225567, 0.01504701841622591, 0.008134960196912289, -0.005556231364607811, 0.0030290100257843733, 0.00027020994457416236, -0.013245895504951477, -0.004835117608308792, -0.02468402124941349, 0.00047395782894454896, -0.007357353810220957, -0.010514303110539913, 0.00860684085637331, -0.003173565026372671, 0.06614308059215546, 0.022942714393138885, -0.04096723347902298, 0.01914108358323574, 0.018675848841667175, -0.02298259176313877, -0.026491791009902954, -0.023859892040491104, -0.00974998902529478, -0.013824115507304668, 0.020005090162158012, -0.031263768672943115, 0.006519931368529797, 0.021028606221079826, 0.02170651964843273, 0.005340229254215956, -0.008812873624265194, 0.01829036884009838, -0.02602655626833439, 0.004263543523848057, -0.014249472878873348, 0.019260715693235397, -0.002615283476188779, 0.022238217294216156, -0.004429698456078768, 0.03884044662117958, 0.01649589277803898, 0.02988135814666748, -0.026212649419903755, -0.02383330650627613, -0.010461133904755116, -0.005692478269338608, -0.026332281529903412, -0.019247421994805336, 0.005383429583162069, -0.010235162451863289, 0.005097642540931702, -0.019792411476373672, 0.02118811570107937, -0.0011464711278676987, -0.005167427938431501, -0.00850050151348114, 0.009258169680833817, -0.029775017872452736, -0.011783729307353497, -0.037298526614904404, 0.0008631764794699848, -0.01686807908117771, -0.007530155126005411, -0.009178414940834045, 0.0013367189094424248, 0.008168191649019718, 0.01319272629916668, -0.023913061246275902, 0.022464187815785408, 0.003406182397156954, -0.016309797763824463, -0.01785171963274479, 0.02275662124156952, -0.00013437804591376334, 0.030891582369804382, -0.004811855498701334, 0.008766350336372852, -0.0039046481251716614, -0.022224925458431244, 0.02796724997460842, -0.016695277765393257, 0.004871671553701162, -0.007729541510343552, -0.009337924420833588, 0.025561321526765823, 0.036820001900196075, -0.007749480195343494, -0.015020433813333511, -0.006490023341029882, 0.0014056733343750238, -0.017519408836960793, 0.02154701203107834, 0.030705487355589867, 0.0076431408524513245, 0.005592785310000181, 0.005130873527377844, 0.013505097478628159, -0.006666148081421852, 0.030838411301374435, 0.02383330650627613, -0.0032034730538725853, 0.016043949872255325, -0.012727491557598114, -0.04437009617686272, 0.004987980239093304, 0.013112971559166908, -0.01793147251009941, 0.0006596362800337374, -0.010859906673431396, 0.02233126387000084, 0.01806439831852913, 0.007124736439436674, -0.023421242833137512, -0.024059278890490532, 0.008267885074019432, -0.0026900533121079206, -0.017120635136961937, 0.02055007964372635, -0.0009703465620987117, -0.0009196692262776196, 0.0006176821189001203, 0.0027099919971078634, -0.025441689416766167, -0.010680458508431911, -0.013890577480196953, 0.004994626622647047, 0.03857459872961044, 0.04899585619568825, -0.009756635874509811, -0.009271462447941303, 0.008540378883481026, -0.02084251306951046, -0.008646718226373196, -0.01483433973044157, -0.007942220196127892, 0.028977474197745323, 0.012674321420490742, -0.022583819925785065, -0.6346332430839539, 0.0012577951420098543, -0.0030240253545343876, -0.006958581507205963, 0.023142101243138313, 0.012940170243382454, 0.009524018503725529, 0.02360733598470688, -0.010261747054755688, 0.0036255072336643934, -0.007410523481667042, 0.016190165653824806, 0.028259683400392532, -0.0009329616441391408, -0.010275039821863174, -0.010534241795539856, 0.00543992267921567, -0.01835682988166809, -0.0022862961050122976, -0.006762518081814051, -0.010135469026863575, 0.01984558068215847, -0.027196289971470833, 0.0030090713407844305, 0.019473394379019737, 0.010501011274755001, 0.007709602825343609, -0.004516099579632282, -0.006719317752867937, 0.013425342738628387, 0.0002837100764736533, 0.06736598163843155, 0.013332296162843704, 0.0029376246966421604, 0.052637979388237, -0.019473394379019737, -0.010321563109755516, 0.03671365976333618, 0.018170736730098724, 0.015459083020687103, -0.028977474197745323, -0.012601213529706001, -0.003775046905502677, 0.00400101812556386, -0.009211646392941475, 0.007835880853235722, 0.009404386393725872, 0.004695546813309193, 0.021719813346862793, -0.0016698600957170129, 0.016828201711177826, 0.004615792538970709, -0.0028811318334192038, 0.00021039406419731677, -0.03222082182765007, -0.007882404141128063, 0.0008295300067402422, -0.023235147818922997, 0.01294681616127491, 0.004326682537794113, -0.011444772593677044, -0.0020121398847550154, -0.012634444050490856, 0.009337924420833588, -0.023660505190491676, 0.032327163964509964, -0.02334148809313774, 0.012401826679706573, -0.026079725474119186, -0.0041472348384559155, 0.0002538021362852305, 0.0024973133113235235, -0.008254592306911945, -0.00885275099426508, 0.019008159637451172, -0.0019373700488358736, 0.0394253134727478, 0.013850701041519642, -0.009111952967941761, 0.01571163907647133, -0.0011813637102022767, -0.014980556443333626, -0.00824794638901949, 0.009085368365049362, -0.0013117955531924963, 0.003874740097671747, -0.05298358201980591, 0.02120140753686428, 0.0005424968549050391, -0.03384250029921532, 0.009351217187941074, 0.020749466493725777, -0.014369104988873005, -0.002017124556005001, 0.004050864838063717, 0.004771978594362736, 0.006599686108529568, 0.02234455570578575, 0.020802635699510574, -0.03642122820019722, -0.011006123386323452, -0.025521444156765938, 0.03264617919921875, 0.00044861913193017244, 0.0017828457057476044, 0.0033978745341300964, -0.013112971559166908, -0.012355303391814232, 0.06747231632471085, 0.012727491557598114, 0.017253559082746506, 0.004861702211201191, -0.026491791009902954, -0.0160705354064703, -0.017413068562746048, -0.01757257804274559, -0.005459860898554325, -0.0009321309044025838, 0.018822064623236656, -0.017665624618530273, 0.0273823831230402, -0.002493990119546652, 0.018263783305883408, -0.009696819819509983, 0.001875892630778253, 0.03899995610117912, 0.00803526770323515, -0.011125754565000534, -0.0231288094073534, 0.004034249112010002, 0.01984558068215847, -0.024431465193629265, 0.031263768672943115, -0.005167427938431501, 0.008400809019804, -0.0070782131515443325, 0.019247421994805336, -0.018383415415883064, -0.007217783480882645, -0.009012260474264622, -0.020084844902157784, 0.0005229735979810357, 0.004419729113578796, 0.0168547872453928, 0.00957054179161787, -0.03192839026451111, -0.0005852818139828742, -0.0034194746986031532, -0.011398249305784702, 0.0038913555908948183, -0.010168700478971004, -0.0015992441913112998, -0.0018808773020282388, 0.017027588561177254, 0.04296109825372696, -0.002090232912451029, 0.004506130237132311, -0.009504079818725586, -0.020576665177941322, -0.012248964048922062, 0.0024075894616544247, 0.0260398481041193, -0.025840463116765022, -0.005729032680392265, 0.035889532417058945, -0.02028423175215721, 0.03094475157558918, -0.006852242164313793, -0.01081338245421648, -0.015312866307795048, -0.006171005312353373, -0.0006160205230116844, -0.005336906295269728, -0.005031180568039417, -0.012607859447598457, 0.0017413068562746048, 0.00590183399617672, -0.020895682275295258, 0.010235162451863289, 0.014103256165981293, 0.015565422363579273, 0.00978322047740221, -0.03009403683245182, -0.01770550198853016, 0.03833533450961113, 0.01721368171274662, 0.020576665177941322, 0.0020054937340319157, -0.02291613072156906, 0.0027581769973039627, -0.014462151564657688, 0.0321410708129406, -0.0168547872453928, -0.018888527527451515, 0.019167667254805565, 0.014289350248873234, -0.004333328455686569, 0.012302134186029434, 0.007829234935343266, -0.004090741742402315, 0.003562368219718337, -0.0015493975952267647, 0.0021699874196201563, 0.007516862824559212, 0.015445791184902191, -0.01628321409225464, 0.010294978506863117, -0.009078722447156906, -0.002296265447512269, 0.01665540039539337, 0.006858888082206249, 0.012860415503382683, -0.02007155306637287, -0.006250760052353144, 0.007344061508774757, 0.02311551570892334, -0.003755108453333378, 0.004931487608700991, 0.0036919694393873215, 0.0026784224901348352, 0.019101206213235855, -0.030413053929805756, -0.008733118884265423, 0.024710606783628464, -0.008367577567696571, -0.002615283476188779, 0.006945288740098476, 0.0035690146032720804, 0.004565945826470852, -0.011424833908677101, -0.007098151836544275, 0.010680458508431911, 0.023567458614706993, 0.008646718226373196, -0.009909498505294323, -0.0018974927952513099, 0.00871318019926548, -0.017545992508530617, 0.052611395716667175, -0.019619610160589218, -0.008846105076372623, 0.004865025170147419, 0.03689975664019585, -0.012621152214705944, 0.00435659009963274, 0.010162054561078548, 0.017798548564314842, 0.033762745559215546, 0.0017512761987745762, 0.016269920393824577, -0.01976582780480385, 0.04447643458843231, -0.00757667887955904, -0.0157913938164711, 0.023740259930491447, -0.01060070376843214, -0.011876776814460754, 0.0031170721631497145, 0.03599587082862854, 0.006885473150759935, 0.006812364794313908, -0.008786289021372795, -0.01291358470916748, 0.0009595464798621833, 0.02602655626833439, 0.011843545362353325, 0.012793953530490398, -0.00964364968240261, -0.0008880997193045914, -0.012601213529706001, -0.0064368536695837975, 0.00231952709145844, -0.0007854988798499107, -0.014249472878873348, 0.012900292873382568, -0.0008615148835815489, -0.006074635311961174, 0.014967263676226139, 0.023780137300491333, -0.002070294227451086, -0.020882390439510345, -0.026119602844119072, 0.019114498049020767, 0.006546516437083483, -0.004396467469632626, -0.019260715693235397, 0.012986693531274796, 0.00874641165137291, -0.007570032496005297, 0.023913061246275902, -0.004396467469632626, 0.005297028925269842, -0.003245011670514941, 0.01642942987382412, -0.025561321526765823, 0.005699124652892351, 0.03429444134235382, -0.026770932599902153, 0.02048361673951149, -0.034267857670784, 0.009829743765294552, 0.0025305442977696657, -0.018822064623236656, 0.008879335597157478, 0.004466252867132425, 0.0026817454490810633, -0.0054665072821080685, -0.0283926073461771, -0.0179181806743145, -0.019805705174803734, 0.016376260668039322, -0.007324122823774815, -0.012189147993922234, 0.01656235381960869, 0.017811842262744904, -0.019260715693235397, -0.015592007897794247, -0.009351217187941074, 0.015405913814902306, -0.015126773156225681, 0.019327176734805107, -0.024497928097844124, -0.04750710725784302, -0.0007086520781740546, 0.14196303486824036, 0.011976469308137894, 0.010567473247647285, -0.003545752726495266, -0.019739242270588875, 0.0014472120674327016, -0.0017213682876899838, -0.025282181799411774, 0.02149384096264839, 0.004542684182524681, 0.02013801410794258, -0.032619595527648926, 0.006200913339853287, 0.014821046963334084, 0.03208789974451065, 0.006400299724191427, -0.016309797763824463, -0.03607562556862831, 0.0023594044614583254, -0.009244877845048904, -0.02162676490843296, 0.01180366799235344, 0.010201931931078434, 0.022145170718431473, -0.015671761706471443, -0.012920231558382511, 0.027940664440393448, 0.016269920393824577, 0.012468288652598858, -0.007476985454559326, -0.0049547492526471615, 0.02453780546784401, -0.00407080352306366, 0.03192839026451111, -0.0054631843231618404, 0.010022483766078949, 0.024059278890490532, 0.0273292139172554, 0.031343523412942886, 0.0022563880775123835, 0.0028113466687500477, 0.008307761512696743, 0.02860528603196144, -0.017891595140099525, 0.014382397755980492, -0.01628321409225464, 0.010687104426324368, 0.002839592983946204, 0.015339451842010021, -0.023022469133138657, 0.020603248849511147, 0.0073640001937747, -0.043864984065294266, -0.029828188940882683, 0.02958892472088337, -0.0010567472781985998, 0.005243859253823757, -0.0019440163159742951, -0.0028030388057231903, 0.02903064340353012, 0.003171903546899557, -0.023660505190491676, -0.0022879575844854116, 0.00561936991289258, 0.018090981990098953, -0.01031491719186306, -0.03899995610117912, -0.005526323337107897, 0.005326936952769756, 0.0007173752528615296, 0.037245359271764755, -0.002821316011250019, -0.005851987283676863, -0.0018509693909436464, 0.019300593063235283, -0.022517357021570206, 0.013438635505735874, 0.0009288077708333731, -0.014688123017549515, 0.005446568597108126, -0.018596094101667404, -0.04604493826627731, -0.0069718738086521626, -0.022464187815785408, -0.012587920762598515, 0.011212155222892761, -0.0030223638750612736, -0.010374733246862888, -0.011949884705245495, -0.027129827067255974, 0.011404895223677158, -0.009371154941618443, 0.013505097478628159, -0.010720335878431797, 0.02154701203107834, -0.003562368219718337, 0.011923300102353096, 0.02383330650627613, -0.002033740049228072, -0.0016266597667708993, 0.0231288094073534, -0.004243604838848114, -0.000351002934621647, -0.017413068562746048, -0.0074836318381130695, -0.006912057753652334, -0.0028811318334192038, 0.016974419355392456, -0.011551111936569214, -0.007383938878774643, 0.015977486968040466, -0.0260398481041193, -0.0002627329668030143, -0.004815178923308849, 0.0007294215029105544, 0.01592431776225567, 0.005915126297622919, 0.01587114855647087, -0.0032832275610417128, 0.01259456668049097, 0.011065938510000706, -0.018157444894313812, 0.02881796471774578, 0.005277090240269899, -0.029642093926668167, -0.010607350617647171, 0.01770550198853016, -0.022304678335785866, 0.011225447990000248, 0.009404386393725872, 0.005516353994607925, -0.003035656176507473, -0.014236181043088436, -0.016549061983823776, -0.036181963980197906, -0.024777069687843323, -0.01155775785446167, -0.015538837760686874, 0.00135167280677706, -0.021866029128432274, -0.02461756020784378, -0.028924303129315376, -0.002784761833027005, -0.02347441203892231, 0.019593026489019394, -0.03331080079078674, -0.015379329212009907, -0.010534241795539856, -0.004110680427402258, 0.00126277981325984, -0.021666642278432846, -0.00999589916318655, -0.027993833646178246, 0.01829036884009838, -0.023288318887352943, -0.019672779366374016, -0.006865534465759993, 0.009710111655294895, 0.005669216625392437, 0.0009985929355025291, 0.044077660888433456, 0.016269920393824577, 0.0389733724296093, 0.008879335597157478, 0.013957040384411812, 0.027302628383040428, -0.00663291709497571, 0.0009504079353064299, -0.02191919833421707, 0.034400779753923416, -0.0065697780810296535, 0.003406182397156954, 0.0013525036629289389, 0.0053036753088235855, -0.009557249024510384, 0.027010194957256317, 0.002540513640269637, 0.016190165653824806, -0.018835358321666718, -0.032912030816078186, -0.016190165653824806, -0.001019362360239029, -0.029642093926668167, 0.018755603581666946, -0.012375242076814175, -0.005539615638554096, 0.020310815423727036, 0.009590480476617813, 0.0011614251416176558, -0.029136981815099716, 0.02966867946088314, -0.048278067260980606, 0.00022410188103094697, -0.02382001467049122, -0.017133928835392, -0.005380106624215841, -0.039505068212747574, 0.003509198548272252, -0.012468288652598858, 0.0006396976532414556, 0.0026734378188848495, 0.011630866676568985, -0.0032067960128188133, -0.016389552503824234, 0.0040973881259560585, 0.02996111288666725, -0.04952755197882652, -0.02623923495411873, 0.0012960107997059822, -0.00346932141110301, -0.011710621416568756, -0.012082808651030064, -0.003874740097671747, -0.05226579308509827, 0.00935786310583353, 0.001932385377585888, -0.002068632747977972, 0.04088748246431351, -0.010334855876863003, -0.03086499683558941, 0.009610419161617756, -0.006978520192205906, 0.0022696806117892265, -0.015631884336471558, 0.034959062933921814, 0.0004114418989047408, -0.023022469133138657, -0.007510216906666756, 0.017625747248530388, 0.00579549465328455, 0.013784238137304783, 0.00033999516745097935, 0.027222873643040657, -0.0012029638746753335, 0.01729343645274639, 0.01515335775911808, -0.016987711191177368, -0.02661142311990261, -0.03575660660862923, 0.0231288094073534, 0.014183010905981064, 0.008267885074019432, 0.0035391065757721663, -0.013518390245735645, -0.0061676823534071445, 0.018516339361667633, -0.02560119889676571, 0.00498133385553956, 0.004569269251078367, -0.05620034784078598, -0.011604282073676586, 0.00885275099426508, -0.012175856158137321, -0.011943238787353039, -0.008772996254265308, 0.0029010705184191465, -0.008666656911373138, -0.021307747811079025, -0.011677389964461327, 0.02411244809627533, -0.017692210152745247, 0.03386908397078514, -0.010800090618431568, -0.020457033067941666, 0.012614505365490913, 0.0284457765519619, -0.023142101243138313, -0.013352234847843647, -0.028924303129315376, 0.025056209415197372, -0.002459097420796752, -0.0025737446267157793, -0.015379329212009907, -0.01547237578779459, 0.023088932037353516, 0.02296929992735386, 0.014249472878873348, -0.03969116136431694, -0.0008183145546354353, 0.004283482208848, 0.015552130527794361, 0.006377038080245256, 0.0008648380171507597, -0.00803526770323515, -0.021427379921078682, -0.006878826767206192, -0.0011389941209927201, -0.010574119165539742, 0.011418187990784645, -0.021387502551078796, -0.01329906564205885, -0.016203459352254868, 0.01912779174745083, -0.0024242049548774958, 0.004881640896201134, -0.00935786310583353, 0.009563895873725414, 0.01135172601789236, -0.0033912283834069967, 0.01387728564441204, -0.002736576832830906, -0.005961650051176548, -0.03301836922764778, -0.009078722447156906, -0.008945797570049763, -0.0007319138385355473, -0.0018343537813052535, -0.009165123105049133, -0.031263768672943115, -0.015831271186470985, 0.003240027232095599, 0.010427902452647686, -0.008753057569265366, -0.0025521444622427225, 0.01976582780480385, -0.005496415309607983, -0.024630852043628693, -0.023647213354706764, -0.027701402083039284, 0.033975422382354736, 0.01722697541117668, 0.015977486968040466, -0.001616690424270928, 0.0023245117627084255, -0.01564517803490162, -0.008553671650588512, 0.020470324903726578, -0.00684559578076005, -0.03541100397706032, 0.01743965409696102, 0.0037783700972795486, 0.011079231277108192, 0.008600194938480854, -0.013365527614951134, -0.032114483416080475, 0.00023490196326747537, -0.016057241708040237, 0.02084251306951046, 0.019739242270588875, 0.01729343645274639, 0.003941202070564032, 0.023062346503138542, -0.0002211941609857604, -0.0024092509411275387, -0.007656433153897524, -0.017373191192746162, -0.028472362086176872, -0.011178924702107906, -0.009052136912941933, -0.0053069982677698135, -0.007583325263112783, 0.03365640342235565, 0.006453469395637512, -0.011212155222892761, -0.04546007141470909, -0.010992830619215965, -0.052611395716667175, -0.018250491470098495, -0.02270345203578472, 0.007450400851666927, 0.025720831006765366, -0.012574627995491028, -0.0019573087338358164, -0.0035324604250490665, 2.4949247745098546e-05, 0.00021309408475644886, -0.012667675502598286, -0.018582802265882492, 0.015990780666470528, -0.03650098294019699, 0.015379329212009907, 0.010394671931862831, -0.00824794638901949, -0.006715994793921709, 0.014807755127549171, 0.010015837848186493, 0.0038847094401717186, -0.007124736439436674, 0.013451928272843361, -0.017519408836960793, -0.0037318465765565634, 0.008593549020588398, -0.006978520192205906, -0.007742834277451038, 0.009085368365049362, -0.036022454500198364, 0.005822079721838236, 0.0022397725842893124, -0.006858888082206249, -0.008148252964019775, 0.011976469308137894, 0.01103270798921585, 0.0006363745778799057, -0.00547647662460804, -0.011963177472352982, -0.016230043023824692, 0.0063803610391914845, -0.00796880479902029, 0.024072570726275444, 0.01770550198853016, 0.005629339255392551, 0.020310815423727036, 0.014993848279118538, -0.015897732228040695, -0.008892628364264965, -0.01116563193500042, -0.022384433075785637, -0.007370646111667156, -0.0006887134513817728, 0.01771879382431507, -0.0013923809165135026, -0.007390584796667099, 0.021321039646863937, -0.015897732228040695, 0.011384956538677216, -0.014688123017549515, 0.011571050621569157, -0.003984402399510145, 0.016748448833823204, 0.003705261740833521, -0.021653350442647934, 0.0025338672567158937, -0.021281162276864052, -0.019406931474804878, 0.0002191172243328765, -0.025906924158334732, 0.00846062507480383, -0.020536787807941437, -0.02540181204676628, 0.007011751178652048, -0.001980570377781987, -0.02175969071686268, -0.02937624603509903, -0.0013549959985539317, -0.009989253245294094, 0.039451900869607925, 0.2144864797592163, 0.010946307331323624, -0.0027814386412501335, 0.002927655354142189, -0.01928729936480522, 0.008998967707157135, 0.005729032680392265, 0.03251325711607933, -0.015498960390686989, 0.015897732228040695, -0.011278617195785046, 0.012135978788137436, 0.003974433057010174, 0.008812873624265194, 0.010746920481324196, -0.016775032505393028, -0.02056337147951126, 0.00017477454093750566, -0.012142624706029892, -0.021453963592648506, 0.0028861165046691895, -0.012720844708383083, 0.00999589916318655, -0.02205212228000164, 0.01976582780480385, 0.013638021424412727, -0.018316952511668205, 0.0017795226303860545, 0.011391603387892246, -0.003545752726495266, -0.00853373296558857, -0.011365017853677273, 0.017825134098529816, 0.00044986529974266887, 0.010288332588970661, -0.005532969255000353, 0.03150303289294243, 0.0011821945663541555, 0.0021666642278432846, 0.0011281940387561917, -0.0033280893694609404, 0.007104797754436731, 0.009371154941618443, -0.002824638970196247, 0.001229548710398376, 0.03115743026137352, -0.015964195132255554, 0.00044446525862440467, -0.012368596158921719, 0.0001567051513120532, -0.032965198159217834, -0.028472362086176872, 0.019473394379019737, 0.010261747054755688, -0.006283991038799286, 0.00305725634098053, 0.01742636039853096, 0.0009894544491544366, -0.020616542547941208, -0.0049580722115933895, 0.01757257804274559, 0.01031491719186306, -0.020669711753726006, 0.00011319325858494267, -0.01564517803490162, 0.025375228375196457, 0.002965871011838317, -0.012448349967598915, 0.013312357477843761, -0.016841495409607887, 0.014209595508873463, -0.002700022654607892, -0.021081777289509773, -0.0010019161272794008, -0.008148252964019775, -0.018941696733236313, 0.007251014467328787, 0.0019905397202819586, 0.03392225503921509, 0.009949375875294209, 0.004293451551347971, -0.017692210152745247, -0.004459606483578682, 0.020443741232156754, -0.022956008091568947, -0.008061852306127548, 0.038016319274902344, 0.010434549301862717, -0.00974998902529478, 0.007523509208112955, 0.008154898881912231, -0.001261949073523283, -0.0067857797257602215, 0.009178414940834045, 0.022517357021570206, 0.0009562234045006335, -0.008467270992696285, -0.006061343010514975, -0.01408996433019638, -0.011690682731568813, -0.019380347803235054, 0.002259711269289255, 0.03713901713490486, -0.015459083020687103, -0.01870243437588215, -0.0023078962694853544, 0.008480563759803772, 0.020044967532157898, 0.01942022331058979, -0.010042422451078892, -0.005739002022892237, -0.019672779366374016, -0.012581274844706059, 0.011943238787353039, 0.010275039821863174, 0.01113904733210802, -0.006978520192205906, -0.027302628383040428, 0.011710621416568756, -0.00400101812556386, 0.00684559578076005, -0.014502028934657574, 0.007556740194559097, -0.005851987283676863, 0.008314408361911774, 0.0007634832873009145, -0.012435058131814003, 0.007211137097328901, -0.0006903749890625477, -0.013890577480196953, 0.02759506180882454, 0.0004631577176041901, -0.014688123017549515, 0.0009279769728891551, 0.010248455218970776, -0.00705827446654439, 0.032327163964509964, 0.006965227425098419, 0.010833321139216423, 0.011198863387107849, 0.001016039284877479, -0.03479955345392227, -0.0016183520201593637, -0.009949375875294209, -0.009623710997402668, -0.022597111761569977, 0.00893250573426485, -0.0006035589030943811, 0.010726981796324253, -0.017320021986961365, -0.02746213786303997, 0.011604282073676586, -0.0004930656868964434, 0.0003634645836427808, 0.020882390439510345, -0.021879320964217186, -0.020231062546372414, -0.023354779928922653, -0.030891582369804382, 0.007955512963235378, -0.026332281529903412, 0.030891582369804382, 0.05933735892176628, -0.004589207470417023, -0.01914108358323574, 0.0014289350947365165, -0.16886688768863678, 0.046975407749414444, 0.0021334332413971424, -0.020683003589510918, 0.025641076266765594, 0.011737206019461155, 0.005622693337500095, -0.025454983115196228, -0.026704469695687294, -0.0017579224659129977, -2.3274713385035284e-05, 0.00871982704848051, -0.036022454500198364, -0.025056209415197372, 0.01312626339495182, 0.009617065079510212, 0.0018177382880821824, 0.010820029303431511, 0.02468402124941349, -0.01398362498730421, 0.01074027456343174, -0.008088436909019947, 0.023381365463137627, -0.01701429672539234, 0.007948866114020348, 0.0105275958776474, 0.011291909962892532, -0.005669216625392437, 0.0010600704699754715, 0.0036188610829412937, -0.03059914894402027, -0.023035762831568718, 0.015352743677794933, 0.008998967707157135, 0.043147191405296326, 0.004805209580808878, 0.007084859535098076, -0.01515335775911808, -0.007510216906666756, 0.005027857609093189, 0.01984558068215847, 0.024644143879413605, -0.013930454850196838, 0.011192216537892818, 0.011584343388676643, 0.04766661301255226, 0.021679935976862907, 0.013638021424412727, 0.0026368836406618357, 0.00652657775208354, -0.006998458411544561, -0.03448053449392319, 0.00807514414191246, 0.008866043761372566, 0.010201931931078434, 0.0030256868340075016, -0.010906429961323738, 0.025986678898334503, 0.021453963592648506, -0.021214701235294342, -0.024737192317843437, -0.001985555049031973, 0.0029542401898652315, 0.003917940426617861, -0.007403877563774586, -0.01390387024730444, -0.003984402399510145, -0.011617573909461498, -0.016535770148038864, 0.026292404159903526, -0.0074836318381130695, 0.009922790341079235, 0.00996266771107912, -0.019539855420589447, 0.0033397201914340258, -0.010780151933431625, -0.016043949872255325, 0.011052646674215794, 0.001579305506311357, 0.007915635593235493, -0.020310815423727036, 0.012960108928382397, -0.01914108358323574, -0.013279126957058907, -0.002967532491311431, 0.008786289021372795, 0.010786797851324081, 0.014502028934657574, -0.0023926354479044676, -0.03713901713490486, 0.02134762518107891, -0.04149893298745155, -0.0114514185115695, -0.008925859816372395, -0.005964973010122776, 0.006858888082206249, 0.02908381260931492, 0.02012472227215767, 0.0026235911063849926, -0.03833533450961113, -0.009550603106617928, -0.02126787044107914, 0.0069718738086521626, 0.005536292679607868, 0.0326993502676487, 0.0007838373421691358, 0.005918449722230434, 0.017173806205391884, 0.007450400851666927, -0.010793443769216537, -0.014993848279118538, 0.0020802635699510574, 0.014369104988873005, 0.015060310252010822, -0.011836899444460869, 0.03756437450647354, 0.012355303391814232, -0.01942022331058979, 0.021028606221079826, -0.009092014282941818, 0.06321874260902405, -0.012587920762598515, -0.01127197127789259, -0.004914871882647276, 0.006742579396814108, -0.00417714286595583, -0.08666656911373138, -0.017811842262744904, 0.005622693337500095, 0.008374224416911602, 0.011783729307353497, 0.023235147818922997, -0.011896714568138123, 0.029615510255098343, -0.014249472878873348, 0.025787292048335075, -0.00015047434135340154, -0.011099169962108135, 0.00473210122436285, 0.001333395834080875, 0.02198566123843193, -0.025720831006765366, 0.016987711191177368, -0.02161347307264805, -0.020457033067941666, 0.04538031667470932, -0.012435058131814003, -0.00861348770558834, 0.005393398925662041, -0.017838425934314728, 0.012920231558382511, 0.004911548923701048, -0.01379753090441227, 0.005493092350661755, -0.011617573909461498, -0.00047645013546571136, -0.014355812221765518, -0.007144675124436617, 0.031184015795588493, -0.006556485779583454, 0.009078722447156906, 0.015419205650687218, -0.021427379921078682, 0.006878826767206192, 0.022942714393138885, -0.028764795511960983, 0.011305202730000019, 0.008261238224804401, 0.023580750450491905, -0.023726968094706535, -0.0016407829243689775, -0.005154135636985302, -0.046496883034706116, 0.028472362086176872, 0.006506639067083597, -0.006878826767206192, 0.00032462578383274376, 0.024271957576274872, 0.001525305095128715, 0.012601213529706001, 0.03429444134235382, -0.012248964048922062, 0.020882390439510345, 0.030838411301374435, -0.002160018077120185, 0.028552116826176643, -0.012421765364706516, -0.012255609966814518, -0.04024944454431534, -0.010899783112108707, 0.009311339817941189, -0.018037812784314156, 0.0040940651670098305, 0.00874641165137291, 0.008925859816372395, -0.02666459232568741, -0.027568476274609566, -0.022304678335785866, -0.03464004397392273, 0.009696819819509983, -0.023301610723137856, -0.02617277391254902, -0.015685053542256355, -0.004788593854755163, 0.025627784430980682, -0.024870116263628006, -0.01201634667813778, -0.006998458411544561, -0.0018875234527513385, -0.01585785672068596, 0.017971349880099297, -0.005955003667622805, 0.011810313910245895, 0.008134960196912289, -0.015419205650687218, -0.002611960284411907, -0.005918449722230434, 0.025641076266765594, -0.008447332307696342, -0.03586294502019882, 0.003907971084117889, 0.0011456403881311417, -0.00041185729787684977, -0.003871417138725519, 0.007942220196127892, -0.01006900705397129, -0.020430447533726692, -0.023062346503138542, -0.0652923583984375, 0.030572563409805298, 0.008626779541373253, 0.00850714836269617, 0.015618592500686646, 0.020217768847942352, 0.008912567049264908, -0.013146202079951763, -0.004439667798578739, -0.00014580122660845518, -0.00818148348480463, 0.033975422382354736, 0.023514289408922195, -0.0136646069586277, -0.021719813346862793, -0.017825134098529816, 0.011198863387107849, -0.0009728388977237046, 0.007138029206544161, 0.00683230347931385, 0.006579747423529625, -0.0002176633570343256, -0.004409759771078825, 0.01742636039853096, 0.016110410913825035, -0.019114498049020767, 0.008799581788480282, 0.003509198548272252, -0.028685040771961212, -0.01377094630151987, -0.007556740194559097, -0.014342520385980606, 0.028047004714608192, 0.012149270623922348, 0.015698347240686417, -0.012348657473921776, -0.015113480389118195, 0.012574627995491028, 0.00768301822245121, 0.03373615816235542, -0.02823309786617756, -0.03195497393608093, -0.0012877030530944467, -0.018689140677452087, -0.01742636039853096, -0.011384956538677216, -0.03711243346333504, 0.019606318324804306, 0.025667661800980568, 0.006998458411544561, 0.004968041554093361, 0.008812873624265194, -0.020044967532157898, 0.0027282689698040485, 0.014581783674657345, -0.009497432969510555, 0.008148252964019775, -0.023647213354706764, -0.012661028653383255, -0.003542429767549038, 0.029057227075099945, 0.008095082826912403, -0.006629594136029482, -0.004482868127524853, 0.045805674046278, -0.0027448844630271196, -0.01686807908117771, -0.0014654891565442085, 0.02929649129509926, -0.01137831062078476, -0.025587907060980797, 0.0020204477477818727, 0.010334855876863003, 0.01678832434117794, -0.013784238137304783, 0.02270345203578472, 0.03216765448451042, 0.0064368536695837975, -0.013731068931519985, 0.015352743677794933, 0.0021068484056741, 0.0038481552619487047, -0.04125966876745224, 0.013033216819167137, 0.00031527955434285104, 0.026544960215687752, -0.02076275832951069, 0.012454996816813946, 0.040435537695884705, 0.012813892215490341, 0.010833321139216423, 0.02020447701215744, -0.0016017365269362926, -0.00346932141110301, 0.017891595140099525, 0.021241284906864166, -0.015552130527794361, -0.00441308319568634, 0.03456028923392296, 0.007516862824559212, 0.02852553129196167, 0.007948866114020348, -0.028286267071962357, -0.02689056284725666, -0.03365640342235565, 0.028631869703531265, -0.030413053929805756, -0.028419191017746925, -0.017891595140099525, 0.012155917473137379, 0.00432003615424037, -0.005110935308039188, -0.000701175129506737, 0.013272480107843876, 0.01949997805058956, -0.004243604838848114, 0.006117835640907288, -0.01333894208073616, -0.014462151564657688, 0.0218394435942173, 0.00610122038051486, -0.003456028876826167, -0.011365017853677273, 0.027276042848825455, 0.029349660500884056, 0.02169322781264782, -0.02681080996990204, -0.02873820997774601, -0.00396446418017149, -0.010913075879216194, 0.025215718895196915, -0.043785229325294495, -0.050325099378824234, 0.004738747142255306, -0.007782711181789637, 0.012209086678922176, 0.014315934851765633, 0.037245359271764755, -0.01634967513382435, 0.0331512913107872, 0.0003526645014062524, 0.007563386578112841, 0.015073603019118309, 0.03464004397392273, 0.011119108647108078, 0.012774014845490456, 0.0028146696276962757, 0.005187366623431444, -0.006958581507205963, 0.020669711753726006, 0.0035557220689952374, 0.0008615148835815489, -0.04482203722000122, -0.01443556696176529, 0.012980046682059765, 0.016961127519607544, 0.00850714836269617, 0.0026385451201349497, 0.0057589407078921795, -0.015552130527794361, 0.014369104988873005, 0.03450711816549301, 0.007982097566127777, 0.004569269251078367, 0.011763790622353554, 0.012029639445245266, -0.006044727750122547, -0.011205509305000305, -0.021081777289509773, -0.020403863862156868, -0.014036794193089008, -0.032460086047649384, -0.011338433250784874, 0.031343523412942886, -0.013245895504951477, -0.0260398481041193, 0.016735155135393143, 0.007583325263112783, 0.017545992508530617, -0.012614505365490913, 0.000877299637068063, 0.0023095577489584684, 0.001107424614019692, 0.02759506180882454, -0.014289350248873234, -0.0040442184545099735, -0.007543447893112898, -0.033895667642354965]"
U39029,N20290 N32230 N33513 N29597 N42989 N3500 N55846 N12801 N12291 N63842 N38118 N39508 N21623 N61931 N24889 N63842 N28818 N57737 N47729 N7143 N48517 N25577 N16715 N60340 N30967 N39677 N6864 N712 N30353 N34824 N41197 N38390 N61196 N1398 N55599 N10414 N62703 N55410 N60671 N62374 N22997 N27766 N48699 N7849 N28123 N24471 N36271 N5886 N60300 N25739 N24514 N55497 N50839 N62714 N50135 N3491,"[0.010489576496183872, -0.029625263065099716, 0.013851952739059925, -0.02365347556769848, -0.016902757808566093, 0.008217699825763702, -0.010898513719439507, -0.007412807084619999, -0.015046310611069202, -0.029054049402475357, -0.011352889239788055, 0.026950940489768982, 0.012001996859908104, 0.006306078750640154, -0.01172937173396349, 0.0010450630215927958, 0.030585942789912224, -0.006900012027472258, 0.015981024131178856, -0.00691299419850111, -0.012703032232820988, 0.0011107850586995482, 0.008691548369824886, -0.017603794112801552, 0.015422792173922062, 0.011300960555672646, 0.024549243971705437, -0.012865309603512287, 0.014462113380432129, -0.03255922719836235, 0.010853076353669167, -0.00023286728537641466, -0.008113842457532883, -0.0224591176956892, 0.011502183973789215, 0.004874796606600285, -0.0036771935410797596, -0.00018073584942612797, -0.016993632540106773, 0.014085630886256695, 0.015279988758265972, -0.00897066481411457, 0.004998126998543739, 0.006422917824238539, -0.004362002015113831, 0.010853076353669167, 0.004030957352370024, -0.021939830854535103, -0.020810384303331375, 0.014617899432778358, 0.017928346991539, 0.007873672991991043, -0.006468355655670166, -0.012384969741106033, 0.01151516567915678, -0.00900961086153984, -0.022017724812030792, 0.0029518159572035074, 0.01167744304984808, -0.0041770064271986485, 0.012404442764818668, -0.01783747225999832, -0.021576331928372383, -0.0003791193012148142, -0.02319910004734993, 0.006776681635528803, -0.015526649542152882, -0.020252151414752007, 0.015267007052898407, 0.017188364639878273, 0.053382594138383865, 0.015747345983982086, -0.02736636996269226, 0.02749619074165821, 0.026068154722452164, -0.019953561946749687, -0.016682060435414314, -0.008081387728452682, -0.016266632825136185, -0.001893770880997181, 0.014994381926953793, -0.039569590240716934, -0.0001362111361231655, 0.035259515047073364, 0.019667955115437508, 0.0012844213051721454, -0.025016600266098976, 0.0116190230473876, -0.03279290720820427, 0.008698039688169956, -0.009593808092176914, 0.014098613522946835, -0.008659092709422112, 0.02235526032745838, -0.011255523189902306, 0.015812257304787636, 0.0190318301320076, 0.03188415616750717, -0.013787041418254375, -0.026301832869648933, -0.0007217263337224722, -0.0029583070427179337, -0.00466059148311615, -0.01936936564743519, -0.0067117707803845406, -0.006880539003759623, 0.020550740882754326, -0.016019972041249275, 0.02386118844151497, 0.008756459690630436, 0.006997378077358007, -0.000134284098749049, 0.010359754785895348, -0.021861938759684563, -0.014345274306833744, -0.03237747773528099, 0.021225813776254654, -0.008269628509879112, 0.012651103548705578, -0.02292647399008274, 0.0014134314842522144, 0.005439520347863436, 0.0041770064271986485, -0.026561476290225983, 0.024951688945293427, 0.00033368178992532194, -0.021264759823679924, -0.015448756515979767, 0.01843465119600296, 0.00024300959194079041, 0.03170240670442581, -0.0009663586970418692, 0.0008941454580053687, -0.004952689632773399, -0.025496939197182655, 0.05060441419482231, -0.01879815198481083, 0.02317313477396965, -0.006134065333753824, -0.004842341411858797, 0.03645387291908264, 0.02336786687374115, -0.01175533514469862, -0.01117763016372919, -0.0034597425255924463, 0.013183372095227242, -0.008782423101365566, 0.029261762276291847, 0.0286126546561718, 0.011989014223217964, 0.014994381926953793, 0.013501434586942196, 0.031001370400190353, -0.015007363632321358, 0.030144549906253815, -0.005377855151891708, -0.00701685156673193, 0.01865534670650959, -0.007601047866046429, -0.03209187090396881, 0.004423667211085558, 0.01398177444934845, -0.016902757808566093, 0.0004783110343851149, -0.009957307949662209, 0.013761078007519245, 0.019836723804473877, 0.002396829193457961, -0.0002375327458139509, -0.021355634555220604, -0.01177480909973383, -0.0015554237179458141, -0.016214704141020775, 0.025341155007481575, -0.011950068175792694, 0.003456497099250555, 0.00706228893250227, -0.0037096489686518908, -0.03759630396962166, -0.007237548008561134, 0.008769441395998001, 0.005484957713633776, 0.035648979246616364, 0.048397451639175415, -0.006374234799295664, -0.0001776931603671983, 0.0034175505861639977, -0.015903132036328316, 0.008912244811654091, -0.014501060359179974, -0.019667955115437508, 0.019525151699781418, 0.009989763610064983, -0.020420920103788376, -0.6351905465126038, -0.008347521536052227, -0.019564097747206688, -0.0278337262570858, 0.012644613161683083, 0.011294469237327576, 7.35317007638514e-05, 0.02287454530596733, 0.009885906241834164, -0.005257770419120789, -0.0023513915948569775, 0.012307076714932919, 0.039283983409404755, -0.0089641734957695, -0.026561476290225983, -0.008756459690630436, -0.00032881347578950226, -0.009736611507833004, 0.008769441395998001, -0.0008085444569587708, -0.015318935737013817, 0.0226538497954607, -0.021628258749842644, -0.0011505428701639175, 0.020239170640707016, 0.01156709436327219, 0.010710272938013077, -0.007912619970738888, -0.007192110177129507, 0.00593608757480979, -0.016396453604102135, 0.05148719996213913, 0.017253275960683823, 0.0029729120433330536, 0.048527270555496216, 0.000340781407430768, -0.01808413304388523, 0.02406890317797661, 0.00466059148311615, 0.03850505128502846, -0.012443389743566513, -0.014475096017122269, 0.012819872237741947, 0.00011237672151764855, -0.0189020074903965, -0.0006900823209434748, 0.019629009068012238, -0.0035895640030503273, 0.00300212181173265, -0.014812631532549858, 0.016110846772789955, 0.0060334536246955395, 0.015955060720443726, 0.009003120474517345, -0.02692497707903385, -0.0012000373098999262, -0.0017720633186399937, -0.013696166686713696, 0.013098987750709057, -0.010178004391491413, -0.024120831862092018, -0.016863811761140823, -0.0058192480355501175, 0.016305578872561455, -0.02811933308839798, 0.04642416536808014, -0.003201722400262952, -0.0007347084465436637, -0.024795904755592346, -0.02357558161020279, -0.011041317135095596, -0.005455748178064823, -0.0002693795831874013, -0.016578203067183495, -0.00013600829697679728, -0.013592309318482876, 0.034844085574150085, 0.01944725774228573, -0.006069154478609562, 0.01136587094515562, -0.012014978565275669, 0.0015886904438957572, -5.26892690686509e-05, 0.02778179757297039, 0.010223441757261753, 0.017590811476111412, -0.04276319593191147, 0.00345325144007802, 0.013397577218711376, -0.015461739152669907, 0.003381849732249975, 0.004465858917683363, -0.019551115110516548, 0.008996629156172276, -0.002656472148373723, 0.019512169063091278, 0.011742353439331055, 0.02240718901157379, 0.010450629517436028, -0.035077765583992004, -0.014695792458951473, -0.03658369556069374, 0.02845687046647072, -0.0027181373443454504, 0.012378478422760963, 0.008704531006515026, -0.00911995954811573, -0.016876792535185814, 0.06735138595104218, 0.0038816623855382204, 0.021394580602645874, 0.014578952454030514, -0.029080012813210487, -0.011106228455901146, -0.0188370980322361, -0.021329669281840324, 0.021706152707338333, 0.0033786040730774403, 0.026613404974341393, -0.03635001555085182, 0.014475096017122269, -0.012871799990534782, 0.013332666829228401, -0.0030069900676608086, -0.006260641384869814, 0.03824540972709656, 0.001019098679535091, -0.011119210161268711, -0.029910869896411896, -0.003245537169277668, 0.021407563239336014, -0.03146872669458389, 0.016474345698952675, -0.010437647812068462, 0.003300711279734969, -0.0004616776714101434, 0.030663834884762764, -0.02731444127857685, -0.021563349291682243, -0.005429783836007118, -0.029313690960407257, 0.0024373983033001423, -0.002375733107328415, 0.014630881138145924, 0.002382224192842841, -0.028794405981898308, -0.012079888954758644, -0.01873324066400528, -0.016045935451984406, -0.012281112372875214, -0.015643488615751266, -0.012865309603512287, 0.015202095732092857, 0.010450629517436028, 0.02760004810988903, 0.010080638341605663, -0.009846960194408894, -0.010165022686123848, -0.009879414923489094, -0.020654598250985146, 0.015760328620672226, 0.016798900440335274, -0.015552613884210587, 0.0020106101874262094, 0.03354587033390999, -0.02692497707903385, 0.039777304977178574, -0.011950068175792694, -0.014527024701237679, -0.009639245457947254, -0.008243664167821407, 0.010593432933092117, 0.021771064028143883, -0.0007627012091688812, -0.007945074699819088, -0.0013639370445162058, 3.727296643774025e-05, -0.030897513031959534, 0.006666333414614201, 0.009898887947201729, 0.00945749506354332, 0.011787790805101395, -0.01821395382285118, -0.014903506264090538, 0.03141679987311363, 0.01182673778384924, 0.016266632825136185, -0.009885906241834164, -0.02266683243215084, 0.00960678979754448, -0.007789289113134146, 0.033831480890512466, -0.02739233337342739, -0.034220945090055466, 0.024886779487133026, 0.02260192111134529, 0.010567468591034412, 0.015448756515979767, 0.020252151414752007, -0.00019635500211734325, 0.0022653848864138126, 0.01877218671143055, 0.014085630886256695, -0.003794032847508788, -0.006208712700754404, -0.015799274668097496, 0.01775958016514778, -0.020472848787903786, 0.006043190136551857, 0.012488827109336853, 0.007549119647592306, 0.005595305934548378, -0.020109347999095917, -0.0029469477012753487, 0.021277742460370064, 0.03850505128502846, -0.0027846707962453365, 0.0017428534338250756, -0.008042440749704838, -0.015033327974379063, 0.011249031871557236, -0.02801547758281231, -0.008444887585937977, 0.014786667190492153, -0.008321557193994522, -0.026029208675026894, 0.008990137837827206, 0.0051149665378034115, -0.004465858917683363, -0.01907077617943287, -0.01386493444442749, 0.001055610948242247, 0.024769939482212067, -0.0015627261018380523, -0.0030329544097185135, 0.006315815262496471, -0.008276119828224182, -0.009139432571828365, 0.043957553803920746, -0.003787541761994362, 0.006163274869322777, 0.0057283733040094376, 0.044658590108156204, -0.013592309318482876, -0.0031076017767190933, 0.006039944477379322, 0.004933216609060764, 0.034714266657829285, 0.002945324871689081, 0.006731244269758463, -0.010982898063957691, 0.05047459527850151, -0.0008065159781835973, -0.017824489623308182, 0.02293945662677288, -0.003923854324966669, -0.0007647296879440546, 0.009950816631317139, 0.03673947975039482, -0.0019927597604691982, -0.006370989605784416, -0.009528896771371365, -0.007614030037075281, 0.016772935166954994, 0.020927224308252335, 0.016682060435414314, 0.014734738506376743, -0.011885156854987144, 0.002104730810970068, -0.021303705871105194, 0.004222443792968988, 0.0019083758816123009, 0.010041692294180393, -0.015617525205016136, 0.0091264508664608, -0.0018726749112829566, -0.011638496071100235, 0.01935638301074505, 0.0016235799994319677, -0.005978279281407595, -0.029157904908061028, -0.04045237600803375, 0.0189020074903965, 0.00970415584743023, 0.0022037196904420853, -0.013098987750709057, 0.007815253920853138, -0.010340281762182713, -0.014942453242838383, 0.029729120433330536, -0.017603794112801552, 0.00020994569058530033, -0.007276494521647692, 0.020213205367326736, -0.013358631171286106, -0.002119335811585188, 0.025029582902789116, -0.04214005544781685, 0.01157358568161726, -0.021991759538650513, -0.005176631733775139, 0.007484208792448044, 0.003829733934253454, 0.005669953301548958, 0.021459491923451424, -0.0055368863977491856, 0.00033814439666457474, -0.017422042787075043, 0.001118898973800242, -0.016708025708794594, 0.002111221896484494, -0.006848083343356848, -0.01787641830742359, -0.003901135642081499, 0.024263635277748108, -0.0062866052612662315, -0.026873048394918442, -0.0018872799118980765, 0.02327699214220047, -0.017473971471190453, 0.0017834226600825787, -0.024886779487133026, -0.03855698183178902, -0.016967669129371643, 0.12982147932052612, 0.024081885814666748, 0.010333790443837643, 0.0031660215463489294, -0.007711396086961031, -0.01172288041561842, -0.02710672654211521, -0.024367492645978928, 0.01869429461658001, 0.00045843212865293026, 0.0019732865039259195, -0.035129692405462265, 0.006698788609355688, 0.015721382573246956, 0.034973908215761185, -0.00900961086153984, -0.012780925258994102, -0.024536261335015297, -0.005968542769551277, -0.019460240378975868, -0.03346797823905945, 0.016019972041249275, 0.015786292031407356, 0.020563723519444466, -0.0019083758816123009, -0.022147545590996742, 0.03339008614420891, 0.015682434663176537, 0.01783747225999832, 0.011145174503326416, -0.008990137837827206, 0.024692047387361526, 0.005903631914407015, 0.026795154437422752, -0.020862312987446785, 0.010262388736009598, 0.020265134051442146, 0.005556359421461821, 0.02780776284635067, -0.0022702531423419714, 0.005312944296747446, 0.010781674645841122, 0.012339532375335693, -0.012852326966822147, 0.024718010798096657, -0.010424665175378323, -0.014682809822261333, 0.016435399651527405, 0.012190237641334534, -0.025237297639250755, 0.024886779487133026, 0.022212456911802292, -0.04177655279636383, -0.015422792173922062, 0.02332892082631588, 0.00038479900103993714, -0.00676369946449995, 5.2613199841289315e-06, 0.0025558604393154383, 0.024081885814666748, 0.009632754139602184, -0.029729120433330536, -0.0005306453094817698, -0.0020755210425704718, 0.03551916033029556, -0.009282235987484455, -0.037804014980793, -0.011644987389445305, -0.0015781424008309841, 0.003404568415135145, 0.02837897650897503, 0.009645736776292324, 0.010638871230185032, 0.0035408809781074524, 0.017720632255077362, -0.014604916796088219, 0.021394580602645874, -0.026717262342572212, 0.00480988621711731, 0.008795405738055706, -0.008600673638284206, -0.0367654450237751, 0.0013923353981226683, -0.021459491923451424, -0.003277992596849799, 0.015838220715522766, 0.002026838017627597, -0.017422042787075043, -0.013001621700823307, -0.007808762602508068, 0.021316688507795334, -0.008529271930456161, 0.007282985374331474, -0.00040995189920067787, 0.031027335673570633, -0.02258893847465515, 0.009243289940059185, 0.028846334666013718, 0.00701036024838686, 0.012359005399048328, 0.0017899137455970049, -0.007795780431479216, -0.0033104477915912867, -0.021472474560141563, -0.003196854144334793, -0.006072400137782097, 0.0014166770270094275, 0.021018099039793015, -0.027080761268734932, 0.011164647527039051, 0.015267007052898407, -0.02752215601503849, 0.004566470626741648, 0.011683933436870575, 0.003208213485777378, 0.02336786687374115, 0.0053518908098340034, 0.016487328335642815, 0.002119335811585188, -0.0050695291720330715, 0.005050055682659149, -0.004670327994972467, 0.007841217331588268, -0.004011483862996101, -0.015929095447063446, -0.012138308957219124, 0.014293345622718334, -0.021057045087218285, 0.01783747225999832, 0.014916488900780678, -0.002189114922657609, -0.0006056983838789165, 0.013170389458537102, -0.008892771787941456, -0.04268530383706093, -0.01886306144297123, 0.00046898011351004243, -0.017538882791996002, -0.012092871591448784, -0.015799274668097496, -0.02391311712563038, -0.024094868451356888, 0.00177855440415442, -0.02379627898335457, 0.0003716140054166317, -0.029729120433330536, 0.013189863413572311, -0.012573210522532463, 0.009898887947201729, -0.019603043794631958, -0.01927849091589451, -0.015072274953126907, -0.016253650188446045, 0.02249806374311447, -0.010723254643380642, -0.03131294250488281, -0.0034759703557938337, -0.007393333595246077, 0.008425414562225342, 0.012949693016707897, 0.05078616365790367, 0.020394954830408096, 0.029339656233787537, 0.024263635277748108, 0.002771688625216484, 0.04107551649212837, -0.015851203352212906, 0.007354387082159519, -0.03788191080093384, 0.02741829864680767, -0.017383096739649773, 0.008042440749704838, -0.01830483041703701, -0.005553114227950573, -0.004267881158739328, 0.02347172424197197, 0.0181230790913105, 0.013209336437284946, -0.008542253635823727, -0.03294869139790535, -0.02843090519309044, -0.013449505902826786, -0.02715865522623062, 0.011898139491677284, -0.019732866436243057, -0.008931717835366726, 0.02253700979053974, 0.009048557840287685, -0.01176831778138876, -0.013566344976425171, 0.04195830598473549, -0.034714266657829285, 0.007036324590444565, -0.02312120608985424, -0.020823366940021515, 0.01894095540046692, -0.03216976299881935, 0.0003123829374089837, -0.003078392008319497, 0.0046898010186851025, -0.002179378177970648, -0.006293096579611301, 0.010139058344066143, -0.01788940094411373, 0.014630881138145924, 0.024029957130551338, -0.039361875504255295, -0.024549243971705437, 0.019512169063091278, 0.011735862120985985, -0.016006989404559135, -0.019629009068012238, -0.005991261452436447, -0.04546348378062248, 0.011495692655444145, 0.009957307949662209, -0.0029290972743183374, 0.01886306144297123, -0.02253700979053974, -0.026950940489768982, 0.028898263350129128, -0.009152415208518505, 0.005673198960721493, -0.01421545259654522, 0.034402694553136826, 0.004336037673056126, -0.003446760354563594, 0.00892522744834423, 0.020511794835329056, 0.00288203707896173, 0.0022134564351290464, 0.0008470852044411004, 0.012391461059451103, 0.008711021393537521, 0.0190318301320076, -0.0015554237179458141, -0.022056670859456062, -0.04146498441696167, -0.044139306992292404, 0.020784419029951096, 0.014604916796088219, 0.014604916796088219, -0.003404568415135145, -0.006659842096269131, -0.003819997189566493, 0.0008036761428229511, -0.027028832584619522, 0.0095159150660038, 0.007088253274559975, -0.04619048535823822, -0.02367943897843361, -0.0012178878532722592, -0.0060561723075807095, -0.016695043072104454, -0.0006766945007257164, -0.0009907002095133066, -0.0004344962944742292, -0.009788540191948414, -0.013942827470600605, 0.014137559570372105, -0.021316688507795334, 0.029054049402475357, -0.008509797975420952, -0.013592309318482876, 0.010917986743152142, 0.025367118418216705, -0.024730993434786797, -0.02391311712563038, -0.021887902170419693, 0.030352262780070305, 0.0003864217724185437, -0.017279239371418953, -0.021212831139564514, -0.01800624094903469, 0.005588815081864595, 0.006163274869322777, -0.0008884657872840762, -0.04730695113539696, 0.0006470789667218924, 0.007828235626220703, 0.017733614891767502, 0.026561476290225983, 0.00695843156427145, -0.008191735483705997, -0.015124202705919743, -0.010515540838241577, -0.007347896229475737, -0.002878791419789195, 0.011171138845384121, -0.021706152707338333, -0.013183372095227242, -0.01368318498134613, 0.00891873612999916, 0.011190611869096756, -0.001211396767757833, -0.005030582658946514, 0.0058095115236938, 0.011989014223217964, -0.010522031225264072, 0.02231631428003311, -0.015929095447063446, 0.020083384588360786, -0.043801769614219666, -0.024094868451356888, -0.00910697691142559, 0.0055823237635195255, -0.008146298117935658, -0.010690798982977867, -0.038946446031332016, -0.004056921228766441, -0.012923728674650192, 0.012086380273103714, -0.008639619685709476, -0.007912619970738888, 0.00482611358165741, 0.0009436399559490383, -0.02353663556277752, -0.020524777472019196, -0.019343402236700058, 0.04172462597489357, 0.005147421732544899, 0.015215078368782997, -0.0026726997457444668, 0.007977530360221863, -0.005621270276606083, -0.017422042787075043, 0.004715765360742807, -0.0012454749085009098, -0.010067656636238098, 0.008191735483705997, 0.00583872152492404, 0.017733614891767502, -0.0018369740573689342, -0.021732116118073463, -0.02778179757297039, 0.008477343246340752, -0.016759954392910004, 0.021446509286761284, 0.0037810506764799356, 0.022251402959227562, -0.0139168631285429, 0.00906803086400032, -0.015604542568325996, 0.0017655722331255674, 0.0059847705997526646, -0.019525151699781418, 0.0011464860290288925, -0.012878291308879852, 0.007880164310336113, -0.02798951230943203, -0.01917463354766369, 0.03718087449669838, 0.002375733107328415, -0.021290723234415054, -0.025198349729180336, 0.0045989262871444225, -0.05452502518892288, -0.013709149323403835, -0.020394954830408096, 0.015825239941477776, 0.024224689230322838, -0.005319435615092516, -0.007815253920853138, -0.004897515755146742, 0.004650854971259832, 0.020278116688132286, 0.0015830107731744647, -0.010943951085209846, 0.015500685200095177, -0.015500685200095177, 0.012086380273103714, 0.0009760953253135085, 0.0001150137250078842, -0.005462239030748606, 0.010710272938013077, 0.03653176501393318, 0.004615153651684523, 0.005478466860949993, -0.008561726659536362, 0.003075146349146962, -0.006445636972784996, 0.008496816270053387, -0.014825614169239998, -0.012157781980931759, 0.00573486415669322, -0.03619423136115074, 0.013748095370829105, 0.005238296929746866, -0.015721382573246956, -0.017097489908337593, 0.0004981899401172996, -0.007899637334048748, 0.020927224308252335, -0.008146298117935658, 0.0006247658748179674, -0.02314717136323452, 0.013345648534595966, -0.011703407391905785, 0.025055546313524246, 0.017097489908337593, 0.016188738867640495, 0.013105479069054127, 0.00961328111588955, -0.016759954392910004, -0.01788940094411373, -0.01878516934812069, -0.02760004810988903, -0.0041542877443134785, -0.024977654218673706, 0.015033327974379063, 0.009483459405601025, -0.0041056047193706036, 0.020966170355677605, -0.019849704578518867, 0.013942827470600605, -0.014812631532549858, 0.0034402695018798113, -0.010573959909379482, 0.019421294331550598, 0.020239170640707016, -0.017720632255077362, 0.0038070150185376406, -0.016227684915065765, -0.02396504580974579, 0.009626262821257114, -0.00044261012226343155, -0.006283360067754984, -0.011586567386984825, -0.012767943553626537, -0.006880539003759623, -0.00478716753423214, -0.03344201669096947, -0.010509049519896507, -0.009431530721485615, -0.02728847600519657, 0.04258144646883011, 0.2022099494934082, 0.007315440569072962, 0.006293096579611301, -0.0015919359866529703, -0.016045935451984406, 0.027028832584619522, -0.003534389892593026, 0.025743599981069565, -0.017772560939192772, 0.0028576955664902925, -0.019758829846978188, 0.026262886822223663, 0.010067656636238098, 0.012819872237741947, 0.009866433218121529, -0.03175433725118637, -0.03339008614420891, 0.00033104477915912867, -0.022524027153849602, -0.03157258406281471, 0.0028641866520047188, -0.024730993434786797, -0.00030731179867871106, -0.006416426971554756, 0.010716763325035572, 0.007516663987189531, -0.014838595874607563, 0.014501060359179974, 0.012027960270643234, 0.0074452622793614864, -0.010606415569782257, -0.021797027438879013, 0.003294220194220543, -0.007490699645131826, 0.013105479069054127, 0.0023238046560436487, 0.015786292031407356, -0.00015852419892325997, -0.002208587946370244, -0.007860691286623478, 0.0005679689929820597, 0.017564846202731133, 0.004452877212315798, -0.026548493653535843, -0.004323055502027273, 0.014098613522946835, -0.004099113401025534, 0.004978653974831104, -0.020862312987446785, -0.005491449031978846, -0.039361875504255295, -0.016110846772789955, 0.030144549906253815, 0.02710672654211521, 0.012644613161683083, -0.01171638909727335, 0.013319684192538261, 0.012586193159222603, -0.017409062013030052, -0.013501434586942196, 0.011385343968868256, 0.01923954486846924, -0.02235526032745838, -0.01387791708111763, -0.009684682823717594, 0.035051800310611725, 0.007029833272099495, -0.014540006406605244, 0.026275869458913803, -0.03801172971725464, 0.011437272652983665, 0.016071900725364685, -0.026236921548843384, 0.006796154659241438, -0.0022280612029135227, -0.02775583416223526, -0.007691923063248396, 0.004069903399795294, 0.05236998572945595, 0.007198601495474577, 0.003433778416365385, -0.004443140234798193, 0.003260142169892788, 0.02339383214712143, -0.012677067890763283, -0.00960029847919941, 0.030326299369335175, 0.017227310687303543, -0.009431530721485615, 0.016188738867640495, -0.003612282918766141, -0.025081511586904526, -0.0017217574641108513, -0.00043287352309562266, 0.014137559570372105, 0.013241791166365147, -0.014475096017122269, -0.0013866557274013758, -0.011651478707790375, -0.0015026837354525924, -0.03390937298536301, -0.0069519407115876675, 0.023939082399010658, -0.015981024131178856, -0.02754811942577362, -0.005679689813405275, 0.0015513667603954673, 0.014942453242838383, 0.026301832869648933, -0.007639994379132986, -0.004709274508059025, -0.0007833915296941996, -0.012716014869511127, 0.009230307303369045, 0.013449505902826786, 0.020083384588360786, 0.008672075346112251, -0.03614230081439018, 0.007691923063248396, 0.004618399310857058, 0.0093211829662323, -0.019590063020586967, -0.0032390460837632418, 0.0022767442278563976, 0.015305953100323677, 0.002474721986800432, -0.014280363917350769, 0.015903132036328316, 0.009392584674060345, -0.01834377646446228, 0.01862938329577446, 0.0020511795300990343, -0.014540006406605244, -0.006234677042812109, 0.020161276683211327, -0.0012738733785226941, 0.021108973771333694, -0.004017975181341171, -0.004235425963997841, 0.00286743207834661, 0.004530769772827625, -0.022199474275112152, -0.008470851927995682, -0.009152415208518505, -0.011106228455901146, -0.007646485697478056, 0.002021969761699438, -0.010547995567321777, -0.0006487017381004989, -0.021797027438879013, -0.008146298117935658, -0.010509049519896507, 0.0017347396351397038, -0.002953438786789775, 0.01803220435976982, -0.025146421045064926, -0.019641991704702377, -0.03629808872938156, -0.0180581696331501, 0.004871551413089037, -0.039258018136024475, 0.0059847705997526646, 0.03827137500047684, -0.006380726117640734, -0.029054049402475357, 0.00956784375011921, -0.16295193135738373, 0.04066009074449539, 0.009762575849890709, -0.014942453242838383, 0.022238420322537422, 0.009444513358175755, 0.003576581832021475, -0.021070027723908424, -0.030066655948758125, -0.01382598839700222, -0.002370864851400256, 0.002505554584786296, -0.04992934316396713, -0.030819620937108994, 0.026029208675026894, 0.004167269915342331, -0.0025363871827721596, 0.025717636570334435, 0.013345648534595966, -0.008386467583477497, 0.022303331643342972, -0.007646485697478056, 0.02318611741065979, -0.010372736491262913, 0.01417650654911995, 0.021589312702417374, 0.004673573654145002, 0.008990137837827206, 0.006487828679382801, -0.0074452622793614864, -0.040218695998191833, -0.024549243971705437, 0.0007525589317083359, 0.010210460051894188, 0.04071201756596565, -0.006085382308810949, 0.01387791708111763, 0.0038621891289949417, -0.003149793716147542, 0.0034143051598221064, -0.0034759703557938337, 0.0380636602640152, -0.001922980765812099, 0.013267755508422852, 0.016201721504330635, 0.03834926709532738, 0.014721756801009178, 0.026496564969420433, 0.021887902170419693, 0.02715865522623062, -0.006185994017869234, -0.03375358507037163, -0.010113094002008438, 0.007503681816160679, 0.00960029847919941, 0.00926276296377182, -0.0016000497853383422, 0.012936711311340332, 0.021121956408023834, -0.022134562954306602, -0.01852552592754364, 0.0018726749112829566, 0.009399075992405415, -0.012430407106876373, -0.026639368385076523, -0.024562224745750427, -0.004731993190944195, -0.0008235550485551357, -0.007958057336509228, 0.025081511586904526, -0.005082511343061924, 0.015734363347291946, 0.0030037446413189173, -0.024003993719816208, 0.0022572712041437626, -0.002082012128084898, -0.015448756515979767, 0.009970290586352348, -0.0018580700270831585, 0.0022329294588416815, -0.014527024701237679, 0.016902757808566093, -0.011502183973789215, -0.00015720570809207857, -0.021277742460370064, -0.00465410016477108, 0.005663462448865175, 0.016175758093595505, -0.0006065097404643893, -0.026120083406567574, 0.01892797276377678, -0.025107474997639656, -0.010178004391491413, -0.00482611358165741, -0.008191735483705997, 0.0046670823357999325, 0.024601170793175697, 0.016409436240792274, 0.0013647483428940177, -0.034117087721824646, -0.021368617191910744, -0.020641615614295006, 0.008886280469596386, 0.012346023693680763, 0.028794405981898308, 0.024328546598553658, -0.0035278988070786, 0.034844085574150085, 0.007646485697478056, -0.004822868388146162, -0.016006989404559135, -0.0034857068676501513, 0.009093995206058025, 0.02723654732108116, -0.025302207097411156, 0.015020346269011497, 0.013293719850480556, -0.024042939767241478, 0.014591935090720654, 0.005011109169572592, 0.049072522670030594, 0.0025834476109594107, -0.007899637334048748, 0.0043879663571715355, 0.0007010360131971538, 0.003920608665794134, -0.0758676752448082, -0.0013217449886724353, 0.005699163302779198, -0.004517787601798773, -0.020356008782982826, 0.01856447197496891, 0.006257395725697279, 0.021070027723908424, -0.026950940489768982, 0.02392609976232052, 0.00940556637942791, -0.0010937460465356708, 0.006880539003759623, 0.003920608665794134, 0.03681737184524536, -0.010898513719439507, 0.01834377646446228, -0.026535511016845703, -0.029209833592176437, 0.03736262395977974, -0.019473223015666008, -0.010560978204011917, -0.002786293625831604, -0.015150167047977448, -0.013462488539516926, 0.008665584027767181, -0.01822693645954132, -0.013605291955173016, -0.015072274953126907, 0.005601797252893448, 0.00902908481657505, -0.0182529017329216, 0.02811933308839798, -0.005082511343061924, 0.010223441757261753, 0.022199474275112152, -0.034350764006376266, 0.0037550865672528744, 0.024899760261178017, -0.0222643855959177, 0.010736237280070782, 0.0017493445193395019, 0.008328048512339592, -0.011080264113843441, -0.005634252447634935, -0.002122581237927079, -0.02837897650897503, 0.017616774886846542, -0.006166520528495312, -0.007516663987189531, 0.005127948708832264, 0.016889775171875954, -0.0028252401389181614, 0.007172637153416872, 0.039595551788806915, -0.022108599543571472, 0.0034986890386790037, 0.02321208268404007, -0.020992133766412735, 0.03320833668112755, -0.0020041191019117832, -0.02788565494120121, -0.04084184020757675, -0.010807638987898827, 0.009846960194408894, -0.02871651202440262, 0.004095867741852999, -0.0007700037094764411, 0.008230682462453842, -0.039180126041173935, -0.020174259319901466, -0.007003869395703077, -0.02728847600519657, 0.005494694225490093, -0.024458367377519608, -0.016110846772789955, -0.0064813378266990185, 0.00014219510194379836, 0.02843090519309044, -0.01833079382777214, 0.012748469598591328, -0.004537261091172695, 0.009710647165775299, -0.0014466982102021575, 0.02291349321603775, 0.02775583416223526, 0.017266258597373962, 0.003105978947132826, -0.008055423386394978, -0.021485455334186554, 0.00345325144007802, 0.019732866436243057, -0.012618648819625378, -0.018707275390625, 0.0073738605715334415, 0.0062216948717832565, 0.010015727952122688, 0.00038601606502197683, -0.008354012854397297, -0.0008000248926691711, -0.025847457349300385, -0.016097864136099815, -0.07160953432321548, 0.022420169785618782, 0.008133316412568092, -0.0020949942991137505, 0.019577080383896828, 0.026172012090682983, 0.02270577847957611, -0.020317062735557556, -0.01823991909623146, -0.0019651728216558695, -0.0005148233030922711, 0.02770390547811985, 0.015994006767868996, 0.002142054494470358, -0.03214380145072937, -0.025341155007481575, 0.016656097024679184, 0.010807638987898827, 0.025341155007481575, -0.00036593430559150875, 0.005410310346633196, -0.0017915364587679505, 0.001341218245215714, -0.010190987028181553, -0.002559106098487973, -0.00965871848165989, 0.012677067890763283, 0.01849956251680851, -0.034324802458286285, -0.01899288408458233, -0.0018207463435828686, -0.035051800310611725, 0.03736262395977974, 0.010963424108922482, 0.020966170355677605, -0.019901633262634277, -0.008633129298686981, 0.00920434296131134, 0.008224191144108772, 0.029469477012753487, -0.021173885092139244, -0.015734363347291946, 0.004699537996202707, -0.019992507994174957, -0.0228485818952322, -0.03157258406281471, -0.04112744703888893, 0.011800773441791534, 0.02871651202440262, 0.00230433139950037, 0.008866807445883751, 0.012384969741106033, -0.02297840267419815, -1.579663876327686e-05, 0.01796729303896427, -0.02731444127857685, 0.011651478707790375, -0.026029208675026894, 0.0025023091584444046, -0.011703407391905785, 0.024237671867012978, -0.005595305934548378, 0.005926351062953472, -0.003352639963850379, 0.03622019290924072, -0.007179128006100655, -0.020979152992367744, -0.005147421732544899, 0.03593458607792854, -0.019577080383896828, -0.03642790764570236, -0.005286979954689741, 0.011781299486756325, 0.01862938329577446, -0.006409936118870974, 0.015578578226268291, 0.0282231904566288, -0.007282985374331474, -0.016552239656448364, 0.013449505902826786, 0.012248657643795013, 0.00926925428211689, -0.030663834884762764, 0.015578578226268291, 0.008555236272513866, 0.024718010798096657, -0.02692497707903385, -0.001548932632431388, 0.024237671867012978, 0.017097489908337593, 0.0005464673158712685, 0.02718461863696575, -0.016136810183525085, -0.010411683470010757, -0.01849956251680851, 0.02287454530596733, -0.026379726827144623, -0.007763324771076441, 0.028794405981898308, 0.017629757523536682, 0.0274442620575428, 0.024886779487133026, -0.01936936564743519, -0.02843090519309044, -0.04689152166247368, 0.020381974056363106, -0.017668703570961952, -0.01822693645954132, -0.02379627898335457, 0.01856447197496891, 0.013605291955173016, 0.013397577218711376, 0.004589189309626818, 0.008399450220167637, 0.012307076714932919, -0.006536511704325676, 0.006137310992926359, -0.010807638987898827, -0.005166895221918821, 0.025250278413295746, 0.014254399575293064, -0.005997752770781517, -0.003326675621792674, 0.017460990697145462, 0.048968665301799774, 0.008061914704740047, -0.025587815791368484, -0.0222643855959177, -0.001974909333512187, 0.013851952739059925, 0.006377480458468199, -0.039777304977178574, -0.04219198226928711, -0.001885657082311809, -0.012748469598591328, 0.008029459044337273, 0.004822868388146162, 0.025055546313524246, -0.021628258749842644, 0.04063412547111511, 0.0074647353030741215, 0.00887979008257389, 0.015228060074150562, 0.012534264475107193, 0.04216601699590683, 0.012196728959679604, 0.02295243926346302, 0.000296358106425032, -0.015994006767868996, 0.010625888593494892, 0.007743851747363806, 0.0005468730232678354, -0.04987741634249687, 0.002137186238542199, -0.007672450039535761, 0.011197103187441826, 0.017240293323993683, 0.0012381724081933498, 0.008548744954168797, -0.0112295588478446, -0.001663337810896337, 0.02347172424197197, 0.010710272938013077, -0.011651478707790375, 0.006419672630727291, 0.015565596520900726, 0.007601047866046429, -0.003213081741705537, -0.024899760261178017, -0.02811933308839798, -0.011898139491677284, -0.015929095447063446, 0.0013371612876653671, 0.019654972478747368, -0.002336786827072501, -0.016097864136099815, 0.003130320692434907, 0.005170140881091356, -0.004027711693197489, -0.01807115040719509, 0.0045794527977705, 0.005686181131750345, -0.01367020234465599, 0.03206590563058853, -0.0035928096622228622, -0.005192859563976526, -0.0058192480355501175, -0.012612157501280308]"
U39222,N31801 N24243 N47719 N46267,"[-0.022370781749486923, -0.02876974828541279, 0.021334150806069374, -0.003452241886407137, -0.03486156463623047, 0.008459432050585747, -0.006891685537993908, 0.006146206054836512, -0.021871663630008698, -0.010065572336316109, 0.03304425626993179, 0.014564044773578644, -0.010359925217926502, -0.011710106395184994, 0.00011568129411898553, -0.006466154474765062, 0.026338141411542892, -0.033684153109788895, -0.005832656752318144, -0.023752959445118904, -0.0024524035397917032, 0.009035338647663593, -0.02170529030263424, 0.007691556122153997, -0.011806091293692589, 0.004735234193503857, 0.01048150472342968, -0.023688970133662224, 0.013514614664018154, 0.003951360937207937, -0.011684510856866837, -0.002954722149297595, -0.021948451176285744, 0.001940486254170537, -0.02537829615175724, -0.037293169647455215, -0.002964320592582226, -0.01122378557920456, 0.0014829601859673858, 0.009752023033797741, 0.013808967545628548, -0.014410469681024551, -0.008024302311241627, -0.01786591112613678, -0.022140419110655785, 0.0035610240884125233, -0.00271316128782928, -0.010398318991065025, -0.017366791144013405, -0.0033146641217172146, 0.027643529698252678, 0.015229537151753902, -0.01860819198191166, -0.00011088207247667015, -0.0033658556640148163, -0.01501197274774313, -0.01507596205919981, 0.007717152126133442, -0.0021484526805579662, -0.008664199151098728, 0.012996298260986805, 0.01036632340401411, -0.017430782318115234, -0.0019452854758128524, -0.0032618725672364235, -0.00422331690788269, 0.004568861331790686, 0.010507101193070412, -0.01867218129336834, -0.015203941613435745, 0.01831383816897869, 0.026850057765841484, -0.0031066976953297853, -0.02457202598452568, 0.014372075907886028, -0.005618291441351175, -0.017456376925110817, 0.00522475503385067, -0.008747385814785957, -0.003407448995858431, 0.015114355832338333, -0.031124567613005638, -0.00475763063877821, 0.027976276353001595, 0.009348887950181961, 0.011908474378287792, -0.00698127131909132, 0.017277205362915993, 0.005186361260712147, -0.00896495021879673, 0.009777618572115898, 0.01935047097504139, 0.009342489764094353, 0.04525348171591759, -0.02121896855533123, 0.0078835254535079, -0.012964303605258465, 0.05410965159535408, 0.028462598100304604, 0.000323547690641135, -0.002721159951761365, 0.007416400592774153, -0.0083826445043087, -0.01725161075592041, -0.0069108824245631695, -0.008913758210837841, -0.005122371483594179, -0.015728656202554703, 0.021167777478694916, -0.028206638991832733, 0.00631257938221097, 0.016394149512052536, 0.016842076554894447, -0.005640687886625528, -0.013233060017228127, 0.00484401686117053, -0.012631557881832123, -0.014935185201466084, 0.016214977949857712, -0.01507596205919981, -0.009553655050694942, -0.025659851729869843, 0.0027467559557408094, -0.004952799063175917, 0.019760005176067352, 0.018697775900363922, -0.032557934522628784, -0.0194400567561388, 0.005055182613432407, -0.0006594933802261949, 0.0550822913646698, 0.03053586184978485, 0.014154511503875256, 0.020169539377093315, -0.006776504218578339, 0.014692024327814579, -0.012637956067919731, 0.027106016874313354, 0.007070856634527445, -0.03550145775079727, 0.021807674318552017, 0.017750728875398636, -0.004460078664124012, -0.019875185564160347, 0.005711076315492392, -0.003820182289928198, 0.022613942623138428, 0.020271921530365944, 0.00232122465968132, 0.001855699927546084, 0.0027003632858395576, 0.029563220217823982, 0.0018956934800371528, -0.0178019218146801, 0.00875378493219614, 0.0035098325461149216, -0.009041737765073776, 0.021270161494612694, 0.018825756385922432, -0.002407610649242997, -0.013783371075987816, 0.017008449882268906, -0.0083826445043087, -0.007653162349015474, -0.005336737260222435, 0.029000110924243927, -0.02276751771569252, -0.005688680335879326, 0.009636841714382172, -0.01831383816897869, 0.004063343163579702, 0.0415932759642601, -0.002733957953751087, 0.017827516421675682, -0.0003569422697182745, 0.0016077400650829077, -0.03537347912788391, 0.006123809609562159, -0.03719078749418259, -0.008145882748067379, -0.036550890654325485, 0.021551715210080147, 0.015754252672195435, 0.03015192411839962, -0.00796671211719513, -0.00759557168930769, 0.001769313937984407, -0.01644534058868885, 0.01748197339475155, 0.00794751476496458, 0.012350003235042095, 0.0033146641217172146, -0.015357516705989838, -0.027259591966867447, -0.6491110324859619, 0.007525183260440826, -0.027259591966867447, 0.013924148865044117, 0.012420391663908958, 0.00041113351471722126, 0.005739871878176928, 0.0349639467895031, -0.01015515811741352, 0.00849782582372427, 0.013399433344602585, 0.021270161494612694, -0.0067957011051476, -0.014845599420368671, -0.011876479722559452, -0.017840314656496048, 0.005647087004035711, 0.0073012192733585835, -0.004178524482995272, 0.008056296966969967, -0.013399433344602585, 0.012311609461903572, 0.011006220243871212, -0.010711868293583393, 0.001746917492710054, -0.0009174516308121383, 0.028360214084386826, -0.0020588671322911978, -0.005800662096589804, -0.0005879049422219396, -0.016176585108041763, 0.008427437394857407, 0.01035352610051632, -0.00045312673319131136, 0.052932240068912506, 0.0063253771513700485, -0.01996477134525776, 0.017878709360957146, 0.0015213539591059089, 0.011505339294672012, 0.017878709360957146, -0.01268914807587862, 0.007454794365912676, -0.003580220974981785, -0.025659851729869843, -0.012669951654970646, 0.0015149550745263696, 0.009681634604930878, -0.0038073842879384756, 0.005707877222448587, -0.005218356382101774, 0.005608693230897188, -0.007889924570918083, 0.027592338621616364, 0.00022596346389036626, -0.0016341357259079814, 0.023752959445118904, -0.03130373731255531, -0.018429020419716835, -0.011684510856866837, 0.0013069886481389403, -0.005858252756297588, -0.0011582126608118415, -0.012209225445985794, 0.022498762235045433, 0.04394809529185295, -0.04207959398627281, -0.004802423529326916, 0.028104254975914955, 0.009150519967079163, -0.01602300815284252, 0.017533164471387863, -0.004971995949745178, -0.01306028850376606, 0.007909120991826057, -0.007314017508178949, 0.013181868940591812, 0.006322177592664957, -0.01625337265431881, -0.015843838453292847, -0.04010871425271034, -0.005397527012974024, -0.01850580796599388, 0.009233706630766392, -0.006648525130003691, 0.013105080462992191, -0.03537347912788391, 0.02266513556241989, 0.017494771629571915, -0.0003261472738813609, 0.023241041228175163, 0.021193373948335648, 0.009886401705443859, -0.010097566992044449, -0.010763059370219707, 0.0021388542372733355, -0.014602438546717167, -0.0044632782228291035, 0.028616173192858696, -9.179765584121924e-06, 0.01123658288270235, 0.022690730169415474, -0.004636050201952457, 0.002892332384362817, 0.013322645798325539, 0.007813137024641037, -0.02940964512526989, 0.005615091882646084, 0.037267573177814484, -0.026005394756793976, -0.0027163608465343714, -0.00584545498713851, -0.003916166722774506, 0.0014253695262596011, -0.016790885478258133, -0.028206638991832733, 0.0005763068329542875, 0.01190207526087761, 0.01122378557920456, -0.03427285701036453, -0.0028875330463051796, 0.018019486218690872, -0.015319122932851315, -0.0017485172720625997, 0.0022284395527094603, 0.022716326639056206, 0.003580220974981785, -0.007493188139051199, -0.014116117730736732, -0.010756660252809525, -0.01928648166358471, 0.02205083519220352, 0.025685446336865425, 0.007992307655513287, 0.029128089547157288, 0.024981560185551643, -0.013668189756572247, 0.004987993277609348, -0.02141093835234642, -0.007237229961901903, 0.01650932990014553, 0.0006214994937181473, 0.024917570874094963, 0.012055650353431702, 0.013437827117741108, -0.02202523872256279, -0.025531871244311333, -0.008043499663472176, -0.02238357998430729, 0.010532696731388569, 0.006680519785732031, -0.0042681097984313965, 0.016112593933939934, 0.009854406118392944, -0.004623252432793379, 0.01364259421825409, -0.018825756385922432, -0.016624512150883675, 0.003922565840184689, -0.020630264654755592, 0.017622750252485275, 0.04791545122861862, -0.035527054220438004, -0.004527267999947071, 0.00064709538128227, -0.0017869110452011228, 0.013834563083946705, -0.02240917645394802, 0.008408240042626858, -0.009272100403904915, 0.0023628179915249348, -0.01799388974905014, 0.022985083982348442, 0.013489019125699997, 0.0009110526880249381, -0.006168602500110865, -0.01606140285730362, -0.007410001941025257, -0.011076608672738075, 0.014973578974604607, 0.006654923781752586, -0.012049251236021519, -0.015664666891098022, -0.020041558891534805, 0.03811223804950714, -0.001285392208956182, 0.0005539104458875954, 0.01384736131876707, 9.433474770048633e-05, 0.030919799581170082, 0.023471403867006302, -0.0006246989942155778, 0.013476220890879631, 0.01268914807587862, -0.009739224798977375, 0.008740986697375774, 0.007953913882374763, 0.014487257227301598, -0.018262647092342377, 0.011601324193179607, -0.004616853315383196, 0.014346480369567871, 4.544265175354667e-05, 0.0018141067121177912, -0.004130532033741474, -0.025263115763664246, 0.004578459542244673, -0.016598915681242943, 0.023522596806287766, 0.024367259815335274, 0.00030615049763582647, -0.01432088389992714, -0.019619228318333626, -0.02476399578154087, 0.0004019350162707269, 0.014436066150665283, 0.0011830086586996913, -0.006008628290146589, -0.0009190514101646841, 0.011665313504636288, -0.005640687886625528, -0.0063029807060956955, 0.010097566992044449, 0.013783371075987816, -0.021679693832993507, -0.008664199151098728, 0.005343135911971331, -0.006523745134472847, -0.004335299134254456, -0.024533633142709732, 0.0040953378193080425, 0.030177520588040352, -0.007410001941025257, 0.01446166168898344, -0.01924808695912361, 0.0046584466472268105, -0.005416723899543285, -0.020259123295545578, 0.024546431377530098, -0.0016461338382214308, -0.010231945663690567, 0.030715033411979675, 0.020463891327381134, 0.027131613343954086, 0.013245858252048492, 0.000935048796236515, 0.04911845922470093, -0.0036122158635407686, -0.012151635251939297, -0.001324585871770978, -0.007717152126133442, -0.00032494746847078204, 0.004130532033741474, 0.011966065503656864, 0.00191649014595896, -0.009016142226755619, 0.020387103781104088, 0.01222202368080616, 0.04215638339519501, 0.008779380470514297, 0.002727559069171548, -0.009732826612889767, -0.009208111092448235, -0.0027083619497716427, 0.016726896166801453, -0.010935831815004349, -0.004722436424344778, -0.011569329537451267, -0.006034224294126034, -0.0055287061259150505, -0.013194666244089603, -0.02266513556241989, -0.004220117814838886, -0.033940110355615616, -0.014359277673065662, 0.0035098325461149216, -0.019427258521318436, -0.0002000676468014717, 0.015485496260225773, -0.01873617060482502, -0.008005105890333652, -0.02576223388314247, 0.020835030823946, 0.02340741455554962, 0.004629651550203562, -0.001690926612354815, 0.01835223287343979, -0.003986555151641369, -0.01873617060482502, 0.03038228675723076, -0.009502463042736053, 0.03312104567885399, -0.010039976797997952, 0.016368553042411804, -0.022127622738480568, -0.01030233409255743, 0.01315627247095108, -0.016074201092123985, 0.014781610108911991, 0.0009478467400185764, 0.02011834643781185, 0.003797785844653845, -0.011178992688655853, 0.006478952243924141, 0.04719876870512962, 0.01574145443737507, -0.007806737441569567, -0.016048604622483253, 0.004517669323831797, 0.016688501462340355, -0.014832801185548306, -0.007384405937045813, -0.01533192116767168, -0.001769313937984407, -0.005992630962282419, 0.0016069401754066348, -0.03509192541241646, 0.0027851497288793325, -0.0030187119264155626, -0.013489019125699997, -0.01574145443737507, -0.012554770335555077, -0.004952799063175917, -0.021359745413064957, 0.14661309123039246, 0.01892813853919506, 0.02576223388314247, -0.007179638836532831, 0.020643062889575958, 0.003073103027418256, -0.02318985015153885, -0.0014549647457897663, -0.005010389722883701, -0.005730273202061653, -0.004971995949745178, -0.023458607494831085, 0.013169070705771446, -0.0015861435094848275, 0.01365539152175188, -0.00018786962027661502, 0.005362332798540592, -0.024303270503878593, 0.04228436201810837, -0.004476075991988182, 0.011767697520554066, -0.007429198827594519, -0.00272915861569345, 0.01695725880563259, 0.006488550920039415, -0.005928641185164452, 0.0028155448380857706, 0.014858397655189037, 0.006866089534014463, -0.015984615311026573, 0.0069108824245631695, -0.00843383651226759, -0.019683217629790306, -0.0021308553405106068, 0.008305856958031654, -0.00637656869366765, 0.015114355832338333, 0.0038521771784871817, 0.004130532033741474, -0.0127531373873353, 0.0450231209397316, 0.009176116436719894, 0.0028971314895898104, -0.030945396050810814, -0.007371608167886734, -0.01837782748043537, 0.002868336159735918, 0.03473358228802681, 0.004434483125805855, -0.008408240042626858, 0.05190840736031532, -0.0013317846460267901, -0.009342489764094353, -0.01922249235212803, -0.008971349336206913, -0.0037689905147999525, 0.04202840477228165, 0.015587879344820976, -0.002626775298267603, 0.012068448588252068, -0.008913758210837841, -0.022946689277887344, -0.01822425238788128, -0.011594925075769424, 0.001193406991660595, -0.020975807681679726, -0.036038972437381744, -0.015267930924892426, -0.011882878839969635, -0.03414487838745117, 0.002455602865666151, 0.0036666071973741055, -0.01233720500022173, 0.012381997890770435, 0.014871194958686829, 0.0023244242183864117, 0.008254664950072765, 0.002994715701788664, 0.029384048655629158, -0.01257396675646305, 0.010782256722450256, -0.012177230790257454, -0.0014333681901916862, -0.021846067160367966, -0.0038873713929206133, 0.011434950865805149, -0.008088292554020882, -0.009195312857627869, -6.543941708514467e-05, -0.02144933119416237, -0.006968473084270954, 0.010935831815004349, 0.006757307332009077, -0.017827516421675682, -0.013821764849126339, 0.0061142113991081715, 0.010052774101495743, 0.003593018976971507, -0.020169539377093315, 0.011914873495697975, -0.0007622767589055002, 0.0022876299917697906, -0.00303950859233737, 0.011524536646902561, 0.004031348042190075, -0.0009566452936269343, -0.01370658352971077, -0.0018908942583948374, -0.003727397182956338, -0.006590934470295906, 0.026210160925984383, -0.03573182225227356, 0.01689326763153076, -0.016970055177807808, 0.011652516201138496, 0.03534788265824318, 0.0009926394559442997, 0.005448719020932913, 0.019171299412846565, -0.007499587256461382, -0.002892332384362817, -0.024648813530802727, 0.020822232589125633, 0.0382402166724205, -0.01935047097504139, -0.00042513126390986145, -0.033581770956516266, -0.0238681398332119, -0.01384736131876707, -0.013540210202336311, 0.006491750478744507, 0.026389332488179207, 1.9896782760042697e-05, -0.00047752278624102473, -0.031585291028022766, -0.023970523849129677, -0.01048150472342968, 0.017789123579859734, -0.00484401686117053, -0.02457202598452568, 0.009572852402925491, -0.009310494177043438, -0.006821297109127045, -0.03440083563327789, -0.008843369781970978, -0.041132550686597824, -0.007531581912189722, -0.008657800033688545, -0.007685157470405102, 0.014922386966645718, -0.002409210428595543, -0.007896322757005692, -0.011345365084707737, 0.02644052542746067, -0.012561168521642685, -0.02741316705942154, 0.005906244739890099, -0.02289549820125103, 0.01035352610051632, 0.012893915176391602, 0.03458000719547272, -0.016816480085253716, 0.0005519107799045742, -0.0035738220904022455, 0.005218356382101774, -0.004076140932738781, 0.01593342423439026, 0.0042617106810212135, -0.014128915034234524, 0.021206170320510864, 0.014000936411321163, 0.0011286175576969981, 0.011338966898620129, 0.001918089808896184, 0.01606140285730362, -0.0031370928045362234, 0.003749793628230691, -0.026850057765841484, -0.004127332475036383, -0.00846583116799593, -0.026594100520014763, -0.025365497916936874, 0.0052823456935584545, 0.0018604991491883993, -0.011940469034016132, -0.029588814824819565, -0.0016093397280201316, 0.015383112244307995, 0.0023292233236134052, -0.01990078203380108, 0.007870727218687534, -0.009905598126351833, 0.018838554620742798, -0.012586764991283417, -0.008945753797888756, -0.01922249235212803, -0.002175648231059313, 0.020719850435853004, 0.003637811867520213, -0.0023100264370441437, 0.0013293850934132934, 0.008593810722231865, -0.02166689559817314, -0.004053744487464428, -0.0021084591280668974, 0.035552650690078735, -0.01737958937883377, -0.0016989252762869, 0.030919799581170082, -0.01850580796599388, -0.018620988354086876, -0.040953379124403, -0.014743216335773468, -0.023944927379488945, 0.006350973155349493, -0.000748678925447166, -0.005413524806499481, -0.004194521810859442, -0.0033146641217172146, -0.0308942049741745, -0.0013805767521262169, 0.010615883395075798, 0.010967826470732689, -0.014244096353650093, -0.0024811988696455956, 0.007576374802738428, -0.02170529030263424, -0.020950213074684143, 0.01812187023460865, 0.02563425526022911, 0.017366791144013405, 0.015319122932851315, 0.03373534604907036, 0.030331095680594444, -0.01327145379036665, 0.018915342167019844, 0.027208400890231133, -0.008574613370001316, -0.035424672067165375, 0.0012821926502510905, -0.0006115011055953801, -0.016662904992699623, -0.0042969053611159325, -0.018531402572989464, 0.0077299498952925205, 0.002908329712226987, -0.012241221033036709, 0.007179638836532831, -0.0168036837130785, -0.02440565451979637, -0.01641974411904812, 0.007461193483322859, -0.031047780066728592, -0.0027947481721639633, 0.004335299134254456, -0.012273215688765049, 0.019811196252703667, -0.015587879344820976, 0.026094980537891388, 0.02121896855533123, -0.02263953909277916, 0.005899846088141203, 0.009265701286494732, 0.004226516466587782, -0.0238681398332119, -0.013169070705771446, -0.016035806387662888, 0.007410001941025257, -0.010756660252809525, 0.01618938148021698, 0.0016701299464330077, -0.026645291596651077, 0.025211922824382782, 0.016470937058329582, 0.016560522839426994, 0.008408240042626858, -0.01718762144446373, -0.005848654080182314, -0.03662767633795738, -0.0018141067121177912, 0.0022508359979838133, 0.013540210202336311, 0.006373369600623846, -0.019363269209861755, -0.003138692583888769, -0.0031130965799093246, -0.03478477522730827, -0.013143474236130714, 0.004229716025292873, 0.012170831672847271, -0.011460546404123306, -0.011806091293692589, 0.0036122158635407686, -0.01786591112613678, -0.004786426201462746, 0.0268244631588459, -0.0005047183949500322, 0.023305032402276993, -0.026146171614527702, 0.018301039934158325, -0.012561168521642685, 0.011812489479780197, -0.02402171492576599, -0.025237519294023514, 0.018006687983870506, -0.029332857578992844, 0.013668189756572247, -0.020015964284539223, -0.026107778772711754, -0.02380415052175522, -0.01023834478110075, 0.005202358588576317, 0.028718555346131325, -0.02031031623482704, 0.0024412053171545267, -0.022741923108696938, 0.023458607494831085, -0.03335140645503998, -0.0012126038782298565, 0.041746851056814194, -0.00475763063877821, -0.027822701260447502, 0.023241041228175163, -0.0011470145545899868, 0.010174354538321495, 0.033069852739572525, 0.0019932775758206844, 0.012503578327596188, -0.018620988354086876, 0.001232600654475391, 0.023202648386359215, 0.0349639467895031, -0.0012837924296036363, -0.011486142873764038, -0.017853112891316414, 0.015882231295108795, -0.022972285747528076, 0.006181400269269943, -0.0021564513444900513, -0.02573663927614689, 0.00799870677292347, -0.0023484202101826668, -0.004127332475036383, 0.01567746512591839, 0.003954560495913029, -0.03478477522730827, -0.025621457025408745, 0.008145882748067379, 0.014436066150665283, -0.011044614017009735, -0.047096382826566696, 0.026619695127010345, 0.019043320789933205, 0.029384048655629158, -0.019324874505400658, 0.02544228546321392, -0.0261845663189888, 0.014474459923803806, 0.027208400890231133, -0.004152928479015827, 0.01236919965595007, -0.007224431727081537, 0.007992307655513287, 0.020783839747309685, -0.006117410957813263, 0.02225560136139393, -0.015626274049282074, -0.010967826470732689, 0.006654923781752586, -0.013348241336643696, 0.00936808530241251, 0.01420570258051157, -0.010878240689635277, -0.03545026853680611, -0.009124924428761005, 0.013284252025187016, 0.01867218129336834, 0.013476220890879631, -0.020950213074684143, 0.001364579307846725, -0.00886896625161171, -0.0050871772691607475, -0.005599094554781914, 0.010731064714491367, 0.015216739848256111, -0.018812958151102066, -0.008977748453617096, 0.0003015512484125793, 0.008408240042626858, -0.01036632340401411, 0.003484236542135477, -0.032429955899715424, -0.011780494824051857, -0.008325053378939629, -0.00849782582372427, -0.014359277673065662, -0.013629795983433723, -0.020489485934376717, -0.012030054815113544, 0.04402488097548485, -0.016560522839426994, -0.0014749615220353007, -0.0007046860409900546, -0.0006810898776166141, -0.012663552537560463, -0.01015515811741352, -0.008587411604821682, 0.01892813853919506, -0.03465679660439491, -0.0157670509070158, 0.027489954605698586, -0.02669648267328739, 0.012938708066940308, -0.010731064714491367, 0.014384874142706394, -0.005003991071134806, -0.012017256580293179, -0.025621457025408745, 0.020489485934376717, 0.005448719020932913, -0.006507747806608677, -0.0011822088854387403, 0.004444081336259842, 0.0017725133802741766, -0.02144933119416237, -0.01352741289883852, -0.005003991071134806, -0.01190207526087761, 0.004799223970621824, 0.0063541727140545845, -0.03176446259021759, -0.033812131732702255, 0.0018365030409768224, 0.0003073503030464053, 0.009041737765073776, 0.01595901884138584, 0.22933891415596008, 0.014666428789496422, -0.0008974548545666039, 0.026747675612568855, -0.03583420440554619, 0.013680987991392612, 0.012010857462882996, 0.027848297730088234, -0.024776794016361237, 0.0050935763865709305, -0.01551109179854393, 0.0011902075493708253, 0.011946868151426315, 0.010379121638834476, 0.015037568286061287, 0.010545494966208935, -0.02715720795094967, -0.03363296017050743, -0.014653630554676056, -0.04394809529185295, 0.006456555798649788, -0.005922242533415556, 0.0059126438573002815, -0.009681634604930878, 0.025621457025408745, 0.019657621160149574, -0.01595901884138584, 0.023855343461036682, 0.03260912746191025, 0.0007898722542449832, -0.01760995201766491, -0.005279146134853363, -0.02656850405037403, -0.007141245063394308, 0.00477362796664238, 0.00013327844499144703, -0.02299788035452366, -0.009380883537232876, -0.007032462861388922, 0.002509994199499488, -0.020207932218909264, 0.003268271451815963, 0.0375235341489315, -0.014448863454163074, -0.01693166233599186, 0.025967001914978027, 0.024917570874094963, -0.01754596270620823, 0.015549485571682453, 0.0021724486723542213, -0.008312256075441837, -0.02976798638701439, 0.004108135588467121, 0.027592338621616364, -0.0026411728467792273, -0.0016309362836182117, 0.015651868656277657, 0.007441996596753597, -0.011953267268836498, 0.020847829058766365, 0.018134668469429016, 0.01767394132912159, -0.004552864003926516, 0.010865443386137486, -0.007877126336097717, 0.024610420688986778, -0.029307261109352112, 0.01213883701711893, 0.017008449882268906, -0.026107778772711754, -0.0009422476286999881, -0.023202648386359215, 0.00632857671007514, -0.013514614664018154, -0.004693640861660242, -0.024431249126791954, 0.02951202727854252, 0.022242803126573563, 0.02486637979745865, 0.002206043340265751, 0.0031146963592618704, 0.017789123579859734, 0.005765467882156372, 0.0073460121639072895, 0.01693166233599186, -0.0322507843375206, 0.02644052542746067, -0.007838732562959194, -0.018326636403799057, 0.013399433344602585, 0.03793306648731232, -0.006472553592175245, -0.018134668469429016, -0.004955998621881008, 0.00632857671007514, 0.002282830886542797, -0.03283948823809624, 0.0224731657654047, -0.02563425526022911, 0.013988138176500797, -0.004418485332280397, 0.03946881741285324, 0.006482151802629232, -0.006005428731441498, -0.011729303747415543, 0.0038681745063513517, -0.00035094324266538024, 0.008107488974928856, 0.014397671446204185, -0.001153413439169526, -0.041004568338394165, -0.010622282512485981, 0.006018226966261864, -0.0005863052210770547, 0.01123658288270235, 0.02096300944685936, -0.007838732562959194, -0.037677109241485596, 0.029000110924243927, -0.020911818370223045, -0.009521660394966602, -0.028462598100304604, 0.010500702075660229, 0.0008026701980270445, 0.0012909912038594484, 0.00844663381576538, 0.005279146134853363, 0.015907827764749527, 0.006494949571788311, -0.03539907559752464, 0.018889745697379112, -0.013373837806284428, -0.0122540183365345, 0.03662767633795738, -0.028820939362049103, 0.003580220974981785, 0.011249381117522717, -0.001746917492710054, -0.007550779264420271, 0.010871841572225094, 0.0038457780610769987, 0.008715391159057617, 0.01593342423439026, -0.030433479696512222, -0.0008926556329242885, -0.008715391159057617, 0.039520010352134705, 0.010078370571136475, -0.03135493025183678, 0.0038009854033589363, -0.02160290628671646, 0.022498762235045433, 0.017353994771838188, 0.004178524482995272, 0.013834563083946705, 0.010609484277665615, -0.016778087243437767, -0.016598915681242943, -0.05009109899401665, 0.009694432839751244, -0.042002808302640915, -0.008197074756026268, 0.012273215688765049, -0.009137722663581371, -0.0038297807332128286, 0.0048984079621732235, -0.159820556640625, 0.03130373731255531, 0.007237229961901903, 0.004120933823287487, 0.03115016222000122, 0.006501348689198494, 0.009975986555218697, -0.012318008579313755, -0.03230197727680206, 0.006846892647445202, 0.019593631848692894, -0.021423736587166786, -0.020937414839863777, 0.02815544791519642, 0.002230039332062006, 0.0026619695127010345, -0.021039796993136406, 0.0019276882521808147, -0.016714097931981087, 0.009566453285515308, 0.018467413261532784, -0.020182335749268532, 0.011134199798107147, -0.03808664157986641, 0.023241041228175163, 0.03862415626645088, -0.001918089808896184, 0.011838085949420929, -0.009028940461575985, 0.012746739201247692, 0.003944962285459042, 0.009476867504417896, 0.02482798509299755, 0.00137817719951272, 0.015818241983652115, 0.016688501462340355, 0.002206043340265751, -0.006440558470785618, -0.0028667363803833723, 0.0321739986538887, 0.030356692150235176, 0.03340259939432144, 0.009540856815874577, -0.0024044110905379057, -0.00316428835503757, 0.020143942907452583, 0.007282022386789322, 0.01315627247095108, 0.025659851729869843, 0.0025595861952751875, 0.003871374065056443, -0.03857296332716942, -0.016304563730955124, -0.002777150832116604, 0.0007650763145647943, 0.0015565482899546623, 0.008344250731170177, 0.013604200445115566, 0.0021948451176285744, -0.002690764842554927, 0.014743216335773468, -0.014333682134747505, 0.011198189109563828, 0.004770428407937288, -0.013732179068028927, 0.021564513444900513, 0.019823994487524033, -0.027003632858395576, -0.010692670941352844, -0.025519073009490967, -0.012394796125590801, -0.020975807681679726, -0.02196124941110611, -0.01570306159555912, 0.01837782748043537, 0.008120287209749222, -0.01533192116767168, 0.028232235461473465, -0.02841140516102314, -0.013169070705771446, 0.024879176169633865, 0.017814720049500465, -0.012413992546498775, -0.03649969771504402, -0.015114355832338333, 0.014333682134747505, -0.020425496622920036, -0.011812489479780197, 0.02669648267328739, -0.024623218923807144, 0.017162024974822998, -0.03240435943007469, 7.35381108825095e-05, -0.004364094231277704, 0.016214977949857712, -0.0006578936008736491, 0.016291765496134758, 0.0194400567561388, 0.01122378557920456, -0.02011834643781185, -0.00041273326496593654, -0.020873425528407097, -0.036038972437381744, 0.0006722912658005953, 0.0022108424454927444, 0.0012973902048543096, -0.005336737260222435, 0.019107310101389885, 0.02917928248643875, 0.004933602176606655, -0.0168036837130785, -0.010775857605040073, 0.00029135288787074387, 0.020758243277668953, 0.00372419785708189, 0.017853112891316414, 0.010052774101495743, -0.022754721343517303, 0.010475106537342072, -0.013399433344602585, 0.05213876813650131, 0.019887983798980713, 0.0032858685590326786, -0.004572060890495777, -0.014986376278102398, 0.022716326639056206, -0.11036935448646545, -0.007070856634527445, 0.006808498874306679, 0.035168714821338654, -0.0018892944790422916, -0.001986878691241145, -0.007250027731060982, 0.02051508240401745, -0.0450231209397316, 0.016048604622483253, -0.017584357410669327, -0.020131144672632217, -0.0031450914684683084, -0.01446166168898344, 0.014781610108911991, 0.014500055462121964, -0.020131144672632217, -0.009419277310371399, -0.013834563083946705, 0.0032474747858941555, -0.009700831025838852, -0.008421038277447224, -0.014039330184459686, 0.00036534093669615686, 0.004760830197483301, -0.016752490773797035, 0.004940001294016838, 0.03309544920921326, 0.022178813815116882, 0.00338185322470963, -0.007653162349015474, -0.007032462861388922, 0.001107021002098918, -0.00271316128782928, 0.016176585108041763, 0.012644355185329914, -0.015907827764749527, -0.011338966898620129, 0.010289535857737064, -0.02756674215197563, 0.007672359235584736, 0.019337672740221024, -0.007179638836532831, -0.032327573746442795, -0.0015541487373411655, -0.004834418185055256, -0.00018147066293749958, 0.0004065342654939741, 0.027720317244529724, -0.008037100546061993, 0.013693785294890404, 0.004911205731332302, -0.006590934470295906, 0.00676370644941926, -0.011051013134419918, -0.008267463184893131, 0.01606140285730362, 0.023138659074902534, -0.03905928507447243, -0.0026139772962778807, 0.021590108051896095, -0.01519114337861538, 0.0019036921439692378, -0.019273683428764343, -0.008120287209749222, -0.011153396219015121, -0.018915342167019844, 0.005035985726863146, -0.0037369956262409687, -0.02057907171547413, -0.007953913882374763, -0.021679693832993507, -0.0130922831594944, 0.03235317021608353, -0.004629651550203562, -0.017174823209643364, -0.01967041939496994, -0.014500055462121964, -0.007429198827594519, -0.015664666891098022, -0.007493188139051199, 0.013578603975474834, 0.029844773933291435, -0.005263148806989193, 0.029870370402932167, 0.025595860555768013, 0.004684042651206255, 0.01533192116767168, -0.006283783819526434, -8.483628334943205e-05, -0.019273683428764343, 0.009361686185002327, 0.014820003882050514, -0.051575660705566406, -0.008005105890333652, 0.021052595227956772, -0.0127531373873353, -0.00204446935094893, -0.011646117083728313, -0.0036666071973741055, -0.015715857967734337, -0.0006882887100800872, -0.045714206993579865, 0.013450625352561474, -0.01729000359773636, -0.0017933100461959839, 0.016330160200595856, -0.009975986555218697, 0.02096300944685936, -0.022985083982348442, -0.030612649396061897, 0.019619228318333626, -0.018812958151102066, 0.03250674530863762, 0.00614300649613142, -0.002190045779570937, -0.021129382774233818, 0.0032858685590326786, 0.02667088806629181, -0.006603732239454985, 0.02389373630285263, 0.019721610471606255, -0.013297050260007381, -0.0034042494371533394, 0.0005635088891722262, 0.022306792438030243, -0.011095806024968624, 0.012279614806175232, -0.022306792438030243, 0.006366970483213663, -0.006251789163798094, -0.0017725133802741766, 0.01789150759577751, -0.005707877222448587, -0.009310494177043438, 0.015344718471169472, 0.017789123579859734, 0.0037082002963870764, -0.01265715342015028, 0.008190675638616085, 0.00977122038602829, 0.04955358803272247, 0.0008318654727190733, -0.03806104511022568, 0.016483735293149948, -0.026261353865265846, 0.002415609313175082, 0.018556999042630196, 0.002422008430585265, 0.04446000978350639, 0.012170831672847271, -0.0024891975335776806, -0.002735557733103633, 0.02427767403423786, 0.004946399945765734, -0.023292234167456627, -0.0047256359830498695, -0.037267573177814484, 0.004824819974601269, 0.0028939321637153625, -0.007493188139051199, -0.015549485571682453, 0.012618759647011757, 0.003625013865530491, -0.011281375773251057, 0.013501816429197788, 0.013808967545628548, -0.01886414922773838, -0.0028587377164512873, -0.009150519967079163, 0.01190207526087761, -0.04054384306073189, -0.016202179715037346, -0.006523745134472847, -0.0003073503030464053, -0.006539742462337017, -0.013335444033145905, -0.006002229638397694, 0.00383298029191792, 0.009963189251720905, -0.012388397008180618, -0.012733940966427326, 0.00796671211719513, -0.015421506017446518, 0.007505986373871565, 0.020105548202991486, 0.013744977302849293, 0.04197721183300018, 0.016138190403580666, 0.0024060108698904514, 0.011460546404123306, 0.013373837806284428, 0.013501816429197788, 0.020911818370223045, -0.0008598609711043537, 0.006293382495641708, 0.0032858685590326786, 0.00026255755801685154, -0.002439605537801981, 0.028846535831689835, -0.016138190403580666, 0.0030507068149745464, 0.010142359882593155, 0.011953267268836498, -0.016330160200595856, -0.006171802058815956, -0.010532696731388569, 0.008075494319200516, -0.0321739986538887, -0.038521770387887955, -0.009943991899490356, -0.001215803436934948, 0.010532696731388569, 0.027003632858395576, 0.013476220890879631, 0.028820939362049103, -0.01941446028649807, 0.0255062747746706, 0.01088463980704546, -0.026466120034456253, 0.0012733940966427326, 0.01809627376496792, -0.0002675567229744047, 0.010398318991065025, 0.017725134268403053, -0.022677933797240257, 0.024034513160586357, 0.007467592600733042, 0.016598915681242943, -0.013693785294890404, -0.02802746742963791, -0.0056950789876282215, 0.02406010963022709, -0.0012445987667888403, -0.02109098993241787, -0.009630442596971989, -0.021628502756357193, 0.019657621160149574, 0.0009502463508397341, 0.011422152630984783, -0.029358452185988426, -0.003087500808760524, 0.01083344779908657, -0.0135914022102952, 0.007429198827594519, 0.010955028235912323, 0.029972752556204796, -0.0030059139244258404, 0.014308086596429348, 0.000705085985828191, 0.004197721369564533, 0.024469643831253052, 0.0005827057757414877, 0.011153396219015121, -0.02334342524409294, -0.013220262713730335, -0.01265715342015028, -0.00517676305025816, 0.033197831362485886, 0.010295934975147247, -0.0053111412562429905, 0.00464244931936264, -0.025416690856218338, 0.026517312973737717, -0.002161250449717045, -0.003922565840184689, 0.0024540030863136053, 0.012234821915626526, -0.00038813723949715495, -0.023740161210298538, -0.03834259882569313, 0.034196071326732635, 0.023394616320729256, -0.039136070758104324, -0.008158680982887745, 0.029844773933291435, -0.0007274823728948832, -0.001207804656587541, 0.01670129969716072, -0.0028539386112242937, -0.011108603328466415, -0.00983520969748497, 0.014448863454163074, -0.037421148270368576, -0.014256894588470459, 0.009848007932305336, -0.024136897176504135, -0.020195133984088898, -0.0005443120026029646, 0.002492397092282772]"
U39703,N2950 N10897 N29361 N6864 N2192 N59201 N24298 N712 N11005 N31801 N63688 N18587 N21984 N42620,"[-0.022429920732975006, -0.028805548325181007, 0.02130330353975296, -0.0034214588813483715, -0.034925125539302826, 0.008500837720930576, -0.006798109505325556, 0.0062091960571706295, -0.021802598610520363, -0.010030731558799744, 0.03297915309667587, 0.01454360131174326, -0.010369997471570969, -0.011752663180232048, 0.00016883251373656094, -0.006455643568187952, 0.02634747512638569, -0.03364488109946251, -0.005879532545804977, -0.023748574778437614, -0.0024900794960558414, 0.009057744406163692, -0.021661771461367607, 0.0077198869548738, -0.01180387381464243, 0.00471130758523941, 0.010498021729290485, -0.02360774762928486, 0.013519403524696827, 0.0038183354772627354, -0.011663046665489674, -0.002994176698848605, -0.02194342575967312, 0.0019107679836452007, -0.025438498705625534, -0.03730638697743416, -0.002970172092318535, -0.0112341633066535, 0.0015242935623973608, 0.009704269468784332, 0.013890675269067287, -0.014402774162590504, -0.008052751421928406, -0.01785944029688835, -0.022148266434669495, 0.0035910916049033403, -0.002738127252086997, -0.010363596491515636, -0.01733453944325447, -0.003331841668114066, 0.02770453505218029, 0.015260539017617702, -0.018537970259785652, -0.00010482018842594698, -0.003331841668114066, -0.015030094422399998, -0.015132514759898186, 0.0076174670830369, -0.0021588157396763563, -0.008628861978650093, 0.012968897819519043, 0.010305984877049923, -0.017385749146342278, -0.0019395735580474138, -0.003272630274295807, -0.00420240918174386, 0.004564078990370035, 0.010472416877746582, -0.018691599369049072, -0.015196526423096657, 0.01825631596148014, 0.026757152751088142, -0.0030757924541831017, -0.024619141593575478, 0.014389971271157265, -0.00566509086638689, -0.017500970512628555, 0.005255412310361862, -0.008744084276258945, -0.003434261539950967, 0.015196526423096657, -0.031109992414712906, -0.004743313416838646, 0.027960585430264473, 0.009384207427501678, 0.011938299052417278, -0.007047757506370544, 0.017257723957300186, 0.005143390502780676, -0.008968126960098743, 0.0097426762804389, 0.019344525411725044, 0.00929458998143673, 0.045269519090652466, -0.021264895796775818, 0.007835108786821365, -0.01296249683946371, 0.054128825664520264, 0.028344659134745598, 0.00033126381458714604, -0.002707721432670951, 0.007470238953828812, -0.008398417383432388, -0.01720651425421238, -0.006894127931445837, -0.008904115296900272, -0.005108183715492487, -0.015721427276730537, 0.021162476390600204, -0.028267843648791313, 0.006292412057518959, 0.016451168805360794, 0.01687365025281906, -0.005629884544759989, -0.0133145647123456, 0.004845733288675547, -0.012565620243549347, -0.01491487305611372, 0.016156712546944618, -0.015106909908354282, -0.009505830705165863, -0.02564333938062191, 0.0026965192519128323, -0.0049161468632519245, 0.01976700685918331, 0.018640389665961266, -0.03262068331241608, -0.019382933154702187, 0.0050793783739209175, -0.0006933335098437965, 0.05510181188583374, 0.0304698683321476, 0.014133921824395657, 0.02016388438642025, -0.006785307079553604, 0.014594811014831066, -0.012636033818125725, 0.02711562253534794, 0.007066960912197828, -0.035539645701646805, 0.02176419086754322, 0.017718613147735596, -0.004509668331593275, -0.019779808819293976, 0.005789915099740028, -0.0038407398387789726, 0.022647561505436897, 0.02025349996984005, 0.002293241675943136, 0.0018595581641420722, 0.002664513187482953, 0.029573695734143257, 0.0019123683450743556, -0.017808230593800545, 0.008763288147747517, 0.003536681178957224, -0.009025738574564457, 0.021277697756886482, 0.018883636221289635, -0.0024196659214794636, -0.01376265101134777, 0.01705288514494896, -0.00843682512640953, -0.007700683083385229, -0.005399439949542284, 0.028984783217310905, -0.022801190614700317, -0.005690696183592081, 0.009640256874263287, -0.01834593340754509, 0.004055181052535772, 0.04160801321268082, -0.002736527007073164, 0.017782624810934067, -0.00037427208735607564, 0.001629113801755011, -0.03536041080951691, 0.006196393631398678, -0.037203963845968246, -0.008238386362791061, -0.036589447408914566, 0.021648969501256943, 0.01573423109948635, 0.030111398547887802, -0.008014343678951263, -0.007630269508808851, 0.0017587387701496482, -0.01637435331940651, 0.01742415502667427, 0.00798873882740736, 0.012341576628386974, 0.003266229061409831, -0.015388564206659794, -0.02726925164461136, -0.6489313840866089, 0.0075278496369719505, -0.027192438021302223, 0.013903478160500526, 0.012456798925995827, 0.00041327960207127035, 0.005716301035135984, 0.03495073318481445, -0.010152355767786503, 0.00849443580955267, 0.013404181227087975, 0.021418524906039238, -0.006785307079553604, -0.014876465313136578, -0.011855083517730236, -0.01782103255391121, 0.005677893757820129, 0.00734861521050334, -0.004183205775916576, 0.008033547550439835, -0.01339137926697731, 0.012315971776843071, 0.011042126454412937, -0.010766874067485332, 0.001798746408894658, -0.0008425622945651412, 0.028370264917612076, -0.0020836011972278357, -0.005786714609712362, -0.0005629084189422429, -0.016118304803967476, 0.00834080670028925, 0.010248374193906784, -0.0004476862377487123, 0.052899789065122604, 0.006330819334834814, -0.019997451454401016, 0.017923451960086823, 0.0014706832589581609, 0.011522219516336918, 0.01785944029688835, -0.012642434798181057, 0.007438232656568289, -0.0036262983921915293, -0.025681747123599052, -0.0126808425411582, 0.0015322951367124915, 0.009749077260494232, -0.0037767274770885706, 0.005709899589419365, -0.005204202141612768, 0.005623483099043369, -0.007828707806766033, 0.027576511725783348, 0.00029945766436867416, -0.001632314408197999, 0.023774178698658943, -0.03136604279279709, -0.018486760556697845, -0.01163744181394577, 0.0013586616842076182, -0.005825121887028217, -0.0011226162314414978, -0.012226354330778122, 0.02253234013915062, 0.04386124759912491, -0.04217132180929184, -0.004861736204475164, 0.028114214539527893, 0.009166565723717213, -0.01606709510087967, 0.017552180215716362, -0.004976958502084017, -0.013148132711648941, 0.00791192427277565, -0.007316609378904104, 0.013148132711648941, 0.006375628057867289, -0.016207922250032425, -0.01597747765481472, -0.04007171839475632, -0.005389838013797998, -0.018537970259785652, 0.009268985129892826, -0.006638078484684229, 0.013058515265583992, -0.035386014729738235, 0.022647561505436897, 0.017526576295495033, -0.0003128602693323046, 0.023262079805135727, 0.021188080310821533, 0.00992831215262413, -0.010197163559496403, -0.010773275047540665, 0.0021476135589182377, -0.014633218757808208, -0.0044744620099663734, 0.028575103729963303, 4.4483567762654275e-05, 0.011227762326598167, 0.02274998091161251, -0.004618489649146795, 0.002894957549870014, 0.013340169563889503, 0.007847911678254604, -0.02939446084201336, 0.00561708165332675, 0.03728077933192253, -0.02601461112499237, -0.0026965192519128323, -0.005789915099740028, -0.003895150264725089, 0.0013778653228655457, -0.016771230846643448, -0.028242239728569984, 0.0005136989639140666, 0.011823076754808426, 0.011170151643455029, -0.03425939753651619, -0.002832545433193445, 0.01801306940615177, -0.015286143869161606, -0.0017443359829485416, 0.0022580348886549473, 0.02277558669447899, 0.003559085540473461, -0.0074894423596560955, -0.014069910161197186, -0.010683657601475716, -0.019280513748526573, 0.021994635462760925, 0.02573295682668686, 0.007950331084430218, 0.029189622029662132, 0.025016017258167267, -0.01371144037693739, 0.005012165289372206, -0.021444130688905716, -0.007182183209806681, 0.016566390171647072, 0.0005837124190293252, 0.024913597851991653, 0.012059922330081463, 0.013493798673152924, -0.022097056731581688, -0.025604931637644768, -0.008059152401983738, -0.022365907207131386, 0.010472416877746582, 0.006670084781944752, -0.004375242628157139, 0.01610550284385681, 0.009883503429591656, -0.004704906139522791, 0.013596219010651112, -0.018832426518201828, -0.01659199595451355, 0.0039111534133553505, -0.020739994943141937, 0.01764179766178131, 0.04798364266753197, -0.03543722629547119, -0.00447126105427742, 0.000583312357775867, -0.001800346770323813, 0.013826662674546242, -0.022429920732975006, 0.008443226106464863, -0.009262584149837494, 0.0023492525797337294, -0.018025871366262436, 0.02299322932958603, 0.013455391861498356, 0.0009185769013129175, -0.006186791695654392, -0.016054291278123856, -0.007406226359307766, -0.011042126454412937, 0.014978884719312191, 0.006689288187772036, -0.012111132964491844, -0.015657415613532066, -0.02001025341451168, 0.03817695379257202, -0.0012986501678824425, 0.0005789115093648434, 0.013813860714435577, 0.00018143493798561394, 0.030981967225670815, 0.023505326360464096, -0.000682531448546797, 0.013519403524696827, 0.012706447392702103, -0.009691466577351093, 0.008699275553226471, 0.00795673206448555, 0.01446678675711155, -0.018294723704457283, 0.011592633090913296, -0.004634492564946413, 0.014351564459502697, 8.166572661139071e-05, 0.001837153802625835, -0.0041511994786560535, -0.02529767155647278, 0.004548076074570417, -0.016540786251425743, 0.023530932143330574, 0.02437589503824711, 0.0002818542707245797, -0.014313156716525555, -0.019626179710030556, -0.02472156099975109, 0.00041968084406107664, 0.014402774162590504, 0.001168224960565567, -0.006013958249241114, -0.0009233778691850603, 0.01171425636857748, -0.0056074801832437515, -0.006254004314541817, 0.010088343173265457, 0.013749848119914532, -0.021751388907432556, -0.008731281384825706, 0.0053162239491939545, -0.006545260548591614, -0.0043112304992973804, -0.024516722187399864, 0.004138397052884102, 0.030188214033842087, -0.007374220062047243, 0.01453079842031002, -0.01924210600554943, 0.004647294990718365, -0.005473054014146328, -0.020279105752706528, 0.02456793189048767, -0.0016363151371479034, -0.010241972282528877, 0.03072591871023178, 0.02044553868472576, 0.027141228318214417, 0.013186539523303509, 0.0009129758109338582, 0.049187071621418, -0.0036262983921915293, -0.012098330073058605, -0.0014018700458109379, -0.0076878806576132774, -0.00035626860335469246, 0.004131995607167482, 0.012047120369970798, 0.001933172345161438, -0.009076948277652264, 0.020330315455794334, 0.012264762073755264, 0.042222533375024796, 0.008859306573867798, 0.002707721432670951, -0.0097426762804389, -0.009243380278348923, -0.0026885177940130234, 0.0166816134005785, -0.010901299305260181, -0.004653696436434984, -0.011522219516336918, -0.006039563100785017, -0.005473054014146328, -0.013237749226391315, -0.02268596924841404, -0.004218412563204765, -0.03395213931798935, -0.0143771693110466, 0.003597492817789316, -0.019370131194591522, -0.00010206965816905722, 0.015490983612835407, -0.01874280907213688, -0.008027145639061928, -0.025873783975839615, 0.02080400660634041, 0.023402906954288483, 0.0046248906292021275, -0.0017523375572636724, 0.018307525664567947, -0.003975165542215109, -0.018704403191804886, 0.030367448925971985, -0.009448220022022724, 0.033081572502851486, -0.010062738321721554, 0.01637435331940651, -0.022058648988604546, -0.010254775173962116, 0.013148132711648941, -0.016143908724188805, 0.014799650758504868, 0.0008553647203370929, 0.020125476643443108, 0.0037767274770885706, -0.011214960366487503, 0.006503652781248093, 0.047241099178791046, 0.015785440802574158, -0.00780310295522213, -0.01600308157503605, 0.004522471223026514, 0.016758427023887634, -0.014825255610048771, -0.007380621507763863, -0.015324551612138748, -0.0017251322278752923, -0.00601715873926878, 0.0015963074984028935, -0.03512996435165405, 0.0027445286978036165, -0.0030453866347670555, -0.013442588970065117, -0.015683021396398544, -0.012456798925995827, -0.005021767225116491, -0.02132890745997429, 0.1466650515794754, 0.018986057490110397, 0.025758560746908188, -0.007118171080946922, 0.020739994943141937, 0.003074191976338625, -0.023159660398960114, -0.001501089078374207, -0.005044171586632729, -0.005706699099391699, -0.004973758012056351, -0.023505326360464096, 0.013199342414736748, -0.0016347148921340704, 0.013570614159107208, -0.0001995384373003617, 0.005431446246802807, -0.02422226592898369, 0.04235055670142174, -0.004448856692761183, 0.011797471903264523, -0.007387022953480482, -0.0027173233684152365, 0.016950463876128197, 0.006567664910107851, -0.005962748546153307, 0.0028485485818237066, 0.014825255610048771, 0.006874924059957266, -0.015939069911837578, 0.006951739080250263, -0.008456028997898102, -0.019754204899072647, -0.002133210888132453, 0.008321602828800678, -0.006308414973318577, 0.015183724462985992, 0.003834338393062353, 0.004189606755971909, -0.012719249352812767, 0.044962260872125626, 0.00921777542680502, 0.0028901565819978714, -0.030930757522583008, -0.007316609378904104, -0.018461154773831367, 0.002902959007769823, 0.03466907888650894, 0.004503267351537943, -0.00840481836348772, 0.052003614604473114, -0.0013290559872984886, -0.009339398704469204, -0.01924210600554943, -0.009000133723020554, -0.0037159156054258347, 0.04201769083738327, 0.015567798167467117, -0.0026101027615368366, 0.012059922330081463, -0.008852904662489891, -0.02292921580374241, -0.01825631596148014, -0.011592633090913296, 0.0012026316253468394, -0.020983241498470306, -0.0360773466527462, -0.015286143869161606, -0.01188068836927414, -0.03413137421011925, 0.0024820780381560326, 0.003703113179653883, -0.012399188242852688, 0.012437595054507256, 0.014850860461592674, 0.002293241675943136, 0.008295997977256775, 0.0029877754859626293, 0.029445670545101166, -0.012520811520516872, 0.010766874067485332, -0.012271163053810596, -0.0014330759877339005, -0.021776994690299034, -0.0038823478389531374, 0.011483811773359776, -0.00806555338203907, -0.009179367683827877, -8.106561290333048e-05, -0.021405722945928574, -0.006958140060305595, 0.010965311899781227, 0.006695689633488655, -0.017872242256999016, -0.013852267526090145, 0.006173989269882441, 0.010152355767786503, 0.003600693540647626, -0.020215094089508057, 0.011938299052417278, -0.0007493442972190678, 0.0022212278563529253, -0.0030037786345928907, 0.01160543505102396, 0.0039879679679870605, -0.0009737875661812723, -0.01371144037693739, -0.0018963651964440942, -0.0037159156054258347, -0.006580467335879803, 0.026296265423297882, -0.03577008843421936, 0.01687365025281906, -0.016937661916017532, 0.011675848625600338, 0.035411618649959564, 0.001003393204882741, 0.0054282452911138535, 0.01920369826257229, -0.007515047211199999, -0.0029397662729024887, -0.024619141593575478, 0.02084241434931755, 0.03822816163301468, -0.01939573511481285, -0.00043768429895862937, -0.033568065613508224, -0.02382538840174675, -0.013903478160500526, -0.013532206416130066, 0.00647164648398757, 0.026398684829473495, -5.4960586567176506e-05, -0.00048569354112260044, -0.031596485525369644, -0.024004623293876648, -0.010530028492212296, 0.017808230593800545, -0.0047913226298987865, -0.02452952414751053, 0.009512231685221195, -0.009281788021326065, -0.006881325505673885, -0.03441302850842476, -0.008852904662489891, -0.041172731667757034, -0.0074894423596560955, -0.008673670701682568, -0.007739090360701084, 0.01491487305611372, -0.0023524530697613955, -0.007822306826710701, -0.011362188495695591, 0.02650110423564911, -0.012572021223604679, -0.027371671050786972, 0.005892334971576929, -0.02296762354671955, 0.010325188748538494, 0.01286647841334343, 0.034643471240997314, -0.016860848292708397, 0.0004652896022889763, -0.003568687243387103, 0.005136989522725344, -0.004080785904079676, 0.015990279614925385, 0.004301628563553095, -0.014146724715828896, 0.02121368609368801, 0.0139930946752429, 0.0010898099280893803, 0.01133018173277378, 0.0018579578027129173, 0.015964675694704056, -0.003133403602987528, 0.003696711966767907, -0.026859574019908905, -0.004170403350144625, -0.008430424146354198, -0.0266291294246912, -0.02533607929944992, 0.005265014246106148, 0.0018531569512560964, -0.011887089349329472, -0.029624905437231064, -0.001600308227352798, 0.015350156463682652, 0.0023892601020634174, -0.019997451454401016, 0.007860713638365269, -0.009934713132679462, 0.018819624558091164, -0.012584824115037918, -0.00905134342610836, -0.019293315708637238, -0.0021812201011925936, 0.020739994943141937, 0.0037063139025121927, -0.0023844591341912746, 0.0013354572001844645, 0.008596856147050858, -0.021648969501256943, -0.004019974265247583, -0.002041993197053671, 0.035565249621868134, -0.01733453944325447, -0.001617111498489976, 0.030930757522583008, -0.018486760556697845, -0.018601981922984123, -0.040865469723939896, -0.014774045906960964, -0.023966215550899506, 0.0064460416324436665, -0.00069253338733688, -0.0054442486725747585, -0.004183205775916576, -0.0032838324550539255, -0.0308795478194952, -0.0013922681100666523, 0.010600442066788673, 0.011054929345846176, -0.014236342161893845, -0.0025444901548326015, 0.007559855934232473, -0.02170017920434475, -0.02090642601251602, 0.018077081069350243, 0.025720153003931046, 0.017385749146342278, 0.015286143869161606, 0.03374730050563812, 0.030316239222884178, -0.013288959860801697, 0.01893484592437744, 0.02726925164461136, -0.008577652275562286, -0.03546283021569252, 0.0012930490775033832, -0.0006057166610844433, -0.01672002114355564, -0.004324032925069332, -0.01856357604265213, 0.007707084529101849, 0.002856550272554159, -0.012232756242156029, 0.007182183209806681, -0.016848044469952583, -0.024427104741334915, -0.01643836684525013, 0.007502244785428047, -0.03103317692875862, -0.0027781350072473288, 0.004282424692064524, -0.0122967679053545, 0.019843822345137596, -0.015567798167467117, 0.026219449937343597, 0.021200884133577347, -0.02268596924841404, 0.005860328674316406, 0.009307392872869968, 0.0041511994786560535, -0.023863796144723892, -0.013173737563192844, -0.016015885397791862, 0.007399825379252434, -0.010722065344452858, 0.016169514507055283, 0.0016483174404129386, -0.026705943048000336, 0.025220857933163643, 0.01643836684525013, 0.016604797914624214, 0.00836001057177782, -0.01711689680814743, -0.005821921397000551, -0.036615051329135895, -0.001830752589739859, 0.002333249431103468, 0.01354500837624073, 0.006298813037574291, -0.019408538937568665, -0.0032134188804775476, -0.003136604093015194, -0.0347202867269516, -0.013090521097183228, 0.004218412563204765, 0.012213552370667458, -0.011490212753415108, -0.011765466071665287, 0.0035206780303269625, -0.01785944029688835, -0.004807326011359692, 0.026885177940130234, -0.0005036970251239836, 0.023287685588002205, -0.026142634451389313, 0.018371539190411568, -0.012584824115037918, 0.01184868160635233, -0.024017425253987312, -0.025220857933163643, 0.017987463623285294, -0.029317647218704224, 0.013596219010651112, -0.019984649494290352, -0.026053017005324364, -0.02379978448152542, -0.010197163559496403, 0.005207403097301722, 0.028728732839226723, -0.020419932901859283, 0.002427667612209916, -0.022788388654589653, 0.02345411665737629, -0.03344004228711128, -0.0012098329607397318, 0.04188966751098633, -0.00474011292681098, -0.027781350538134575, 0.023262079805135727, -0.0011426201090216637, 0.010139552876353264, 0.03305596485733986, 0.0020195890683680773, 0.01251441054046154, -0.018601981922984123, 0.001249040593393147, 0.023249277845025063, 0.03500194102525711, -0.0013114525936543941, -0.011483811773359776, -0.017833834514021873, 0.01588786020874977, -0.023006031289696693, 0.0062091960571706295, -0.0022180271334946156, -0.025720153003931046, 0.008001540787518024, -0.0023092448245733976, -0.004157600924372673, 0.015657415613532066, 0.0039495606906712055, -0.03469468280673027, -0.02564333938062191, 0.008199979551136494, 0.014441180974245071, -0.011093336157500744, -0.04716428369283676, 0.026603523641824722, 0.019011661410331726, 0.02939446084201336, -0.019280513748526573, 0.025451302528381348, -0.02610422857105732, 0.014505193568766117, 0.027294857427477837, -0.004189606755971909, 0.012431194074451923, -0.007233393378555775, 0.00806555338203907, 0.0207527969032526, -0.006039563100785017, 0.022276289761066437, -0.01567021757364273, -0.010952509008347988, 0.006593269761651754, -0.013365774415433407, 0.009384207427501678, 0.014185132458806038, -0.01091410219669342, -0.03546283021569252, -0.00912815798074007, 0.013250552117824554, 0.018730007112026215, 0.013416984118521214, -0.020944833755493164, 0.0013418584130704403, -0.008897713385522366, -0.005124187096953392, -0.005604279227554798, 0.010677256621420383, 0.015183724462985992, -0.01878121681511402, -0.008910516276955605, 0.00024864787701517344, 0.00843682512640953, -0.010402003303170204, 0.0035206780303269625, -0.03244144842028618, -0.01179107092320919, -0.008347207680344582, -0.008500837720930576, -0.014338761568069458, -0.013737046159803867, -0.020522352308034897, -0.011983107775449753, 0.044066086411476135, -0.01661759987473488, -0.0014042704133316875, -0.000714537629391998, -0.0006741298129782081, -0.012616829946637154, -0.010133151896297932, -0.00851363968104124, 0.01884523034095764, -0.0347202867269516, -0.01575983501970768, 0.02755090594291687, -0.02665473334491253, 0.012924089096486568, -0.010690058581531048, 0.014338761568069458, -0.004976958502084017, -0.012021515518426895, -0.02557932585477829, 0.02056076005101204, 0.005463452078402042, -0.006535658612847328, -0.0012234356254339218, 0.004442455712705851, 0.0018099485896527767, -0.021418524906039238, -0.01355781126767397, -0.004976958502084017, -0.011861484497785568, 0.004781721159815788, 0.006305214483290911, -0.031750116497278214, -0.03377290442585945, 0.0018211507704108953, 0.00030665905796922743, 0.009121757000684738, 0.015990279614925385, 0.2292153537273407, 0.014710033312439919, -0.0008697675075381994, 0.026757152751088142, -0.035872507840394974, 0.013685835525393486, 0.012047120369970798, 0.02785816602408886, -0.024759968742728233, 0.0050633749924600124, -0.015567798167467117, 0.0011474209604784846, 0.011919095180928707, 0.010369997471570969, 0.015055699273943901, 0.010530028492212296, -0.027064412832260132, -0.03367048501968384, -0.014684428460896015, -0.04401487857103348, 0.006455643568187952, -0.005908337887376547, 0.006013958249241114, -0.009697867557406425, 0.025592129677534103, 0.019690193235874176, -0.015939069911837578, 0.023838190361857414, 0.03262068331241608, 0.0007717486587353051, -0.01757778599858284, -0.005322624929249287, -0.02665473334491253, -0.0071245720610022545, 0.004829730372875929, 0.00019523760420270264, -0.023018833249807358, -0.009320194832980633, -0.007022152654826641, 0.002456473186612129, -0.020202290266752243, 0.003335042390972376, 0.037511225789785385, -0.01445398386567831, -0.01702727936208248, 0.02597620338201523, 0.024926401674747467, -0.017590587958693504, 0.015542193315923214, 0.0021476135589182377, -0.008270393125712872, -0.029752930626273155, 0.004122394137084484, 0.02752530202269554, -0.0026549112517386675, -0.0016251129563897848, 0.015747033059597015, 0.007495843805372715, -0.01197670679539442, 0.020880822092294693, 0.018153896555304527, 0.017654599621891975, -0.004548076074570417, 0.010888497345149517, -0.007892720401287079, 0.024555129930377007, -0.029292041435837746, 0.01221995335072279, 0.01696326769888401, -0.02610422857105732, -0.0009273785981349647, -0.023198068141937256, 0.006308414973318577, -0.01355781126767397, -0.004666498862206936, -0.02441430278122425, 0.02939446084201336, 0.02231469750404358, 0.024836784228682518, 0.002192422281950712, 0.0031814128160476685, 0.01779542677104473, 0.005831523332744837, 0.007291004061698914, 0.017001675441861153, -0.03228781744837761, 0.02632186934351921, -0.007854312658309937, -0.018320327624678612, 0.013365774415433407, 0.037972114980220795, -0.006497251335531473, -0.018141094595193863, -0.004944952204823494, 0.006292412057518959, 0.0023460518568754196, -0.03277431055903435, 0.022417116910219193, -0.02564333938062191, 0.014018700458109379, -0.004455258138477802, 0.039508409798145294, 0.00651965569704771, -0.006023560184985399, -0.011720657348632812, 0.0037831286899745464, -0.00029925763374194503, 0.008084757253527641, 0.01446678675711155, -0.0012210351414978504, -0.04089107736945152, -0.010645249858498573, 0.005991553887724876, -0.0005241009639576077, 0.01134298462420702, 0.020983241498470306, -0.007854312658309937, -0.03771606460213661, 0.029035992920398712, -0.02086801826953888, -0.009544238448143005, -0.02847268432378769, 0.010555633343756199, 0.0007225391454994678, 0.001282647019252181, 0.00843682512640953, 0.005210603587329388, 0.01588786020874977, 0.006500451825559139, -0.03533480688929558, 0.018973253667354584, -0.013416984118521214, -0.012290366925299168, 0.03671747073531151, -0.028831152245402336, 0.003530279966071248, 0.011144546791911125, -0.001801947015337646, -0.007515047211199999, 0.010901299305260181, 0.003837539115920663, 0.008763288147747517, 0.015939069911837578, -0.03041865862905979, -0.0008761687786318362, -0.00860325712710619, 0.03961082920432091, 0.010088343173265457, -0.03134043514728546, 0.0038215359672904015, -0.02167457528412342, 0.022545142099261284, 0.017232118174433708, 0.004205610137432814, 0.013826662674546242, 0.010549231432378292, -0.01683524250984192, -0.016694415360689163, -0.050134457647800446, 0.009678663685917854, -0.04201769083738327, -0.008199979551136494, 0.012271163053810596, -0.0091089541092515, -0.0038567427545785904, 0.004839331842958927, -0.15987719595432281, 0.031289227306842804, 0.007291004061698914, 0.004106390755623579, 0.031161202117800713, 0.006487649399787188, 0.00998592283576727, -0.012424793094396591, -0.032364632934331894, 0.006881325505673885, 0.019651785492897034, -0.021444130688905716, -0.02090642601251602, 0.0281654242426157, 0.0022532339207828045, 0.0026213049422949553, -0.02106005698442459, 0.001990783493965864, -0.016694415360689163, 0.009595448151230812, 0.018422748893499374, -0.020266303792595863, 0.01115734875202179, -0.03804892674088478, 0.023249277845025063, 0.038612235337495804, -0.0018723605899140239, 0.011931898072361946, -0.009006534703075886, 0.012719249352812767, 0.003917554393410683, 0.009461021982133389, 0.024836784228682518, 0.0014106717426329851, 0.015836650505661964, 0.016732823103666306, 0.0021524145267903805, -0.00641723582521081, -0.0028853556141257286, 0.03223660960793495, 0.030393052846193314, 0.033388830721378326, 0.009505830705165863, -0.0023812586441636086, -0.00319421524181962, 0.020138278603553772, 0.007207788061350584, 0.013109724968671799, 0.025681747123599052, 0.0026149037294089794, 0.003898350754752755, -0.038561027497053146, -0.016425563022494316, -0.002805340336635709, 0.0007801502360962331, 0.0015082905301824212, 0.008334404788911343, 0.013596219010651112, 0.0022484329529106617, -0.002707721432670951, 0.014786847867071629, -0.014415576122701168, 0.011170151643455029, 0.004804125055670738, -0.013685835525393486, 0.0216105617582798, 0.019831020385026932, -0.027013203129172325, -0.010722065344452858, -0.025540919974446297, -0.012469601817429066, -0.02102164924144745, -0.021969031542539597, -0.015747033059597015, 0.018448352813720703, 0.008084757253527641, -0.015337353572249413, 0.028242239728569984, -0.028370264917612076, -0.013237749226391315, 0.024887993931770325, 0.01788504421710968, -0.012437595054507256, -0.03638460859656334, -0.015094107016921043, 0.014325959607958794, -0.020458340644836426, -0.011874287389218807, 0.02665473334491253, -0.02472156099975109, 0.017193712294101715, -0.03239023685455322, 3.153107172693126e-05, -0.004298428073525429, 0.016246328130364418, -0.0006749299936927855, 0.01628473587334156, 0.0194853525608778, 0.011291774921119213, -0.020087068900465965, -0.0004296827537473291, -0.0209320317953825, -0.03605174273252487, 0.0007233393262140453, 0.002269237069413066, 0.001270644715987146, -0.005361032672226429, 0.019062871113419533, 0.029189622029662132, 0.004967356566339731, -0.01683524250984192, -0.010824484750628471, 0.000300057785352692, 0.02071438916027546, 0.00367430760525167, 0.01779542677104473, 0.010056336410343647, -0.02281399443745613, 0.010459614917635918, -0.013416984118521214, 0.05210603401064873, 0.01992063596844673, 0.003335042390972376, -0.004548076074570417, -0.015017292462289333, 0.02259635180234909, -0.11030604690313339, -0.007130973506718874, 0.006785307079553604, 0.03515557199716568, -0.001963578164577484, -0.001990783493965864, -0.007258998230099678, 0.020547958090901375, -0.04503907635807991, 0.016054291278123856, -0.017564982175827026, -0.020087068900465965, -0.0031750116031616926, -0.014492391608655453, 0.014761243015527725, 0.014556403271853924, -0.020151080563664436, -0.009429016150534153, -0.013877873308956623, 0.0031974157318472862, -0.009659460745751858, -0.008456028997898102, -0.014031502418220043, 0.00037307184538803995, 0.004813726991415024, -0.01680963672697544, 0.004909745417535305, 0.03305596485733986, 0.022122660651803017, 0.003357446752488613, -0.007700683083385229, -0.00707976333796978, 0.0011426201090216637, -0.0027861366979777813, 0.016207922250032425, 0.01264883577823639, -0.0159134641289711, -0.011374990455806255, 0.010248374193906784, -0.027627721428871155, 0.007604664657264948, 0.019280513748526573, -0.007169380784034729, -0.03228781744837761, -0.0015883059240877628, -0.0047881221398711205, -0.00014992887736298144, 0.00034686681465245783, 0.027730140835046768, -0.008052751421928406, 0.013609020970761776, 0.004890542011708021, -0.0064844489097595215, 0.006695689633488655, -0.011074133217334747, -0.00834080670028925, 0.01604148931801319, 0.02318526618182659, -0.039047520607709885, -0.00263570761308074, 0.021687377244234085, -0.015209329314529896, 0.001936372951604426, -0.01935732737183571, -0.008116763085126877, -0.0111893555149436, -0.018947649747133255, 0.005015365779399872, -0.003699912689626217, -0.020663179457187653, -0.007995139807462692, -0.021661771461367607, -0.013109724968671799, 0.032339029014110565, -0.004634492564946413, -0.01711689680814743, -0.019651785492897034, -0.014441180974245071, -0.007393423933535814, -0.01569582335650921, -0.00745743652805686, 0.013673033565282822, 0.02982974611222744, -0.0052810171619057655, 0.02982974611222744, 0.025604931637644768, 0.0046248906292021275, 0.015388564206659794, -0.006330819334834814, -8.048425002016302e-07, -0.019306117668747902, 0.009320194832980633, 0.014838057570159435, -0.051670752465724945, -0.008001540787518024, 0.021072858944535255, -0.012770459987223148, -0.0020755997393280268, -0.011669447645545006, -0.003632699605077505, -0.01573423109948635, -0.0006393231451511383, -0.045730408281087875, 0.013506601564586163, -0.0173601433634758, -0.0017763421637937427, 0.016335945576429367, -0.009953917004168034, 0.02099604345858097, -0.02292921580374241, -0.03062349744141102, 0.01963898167014122, -0.018858032301068306, 0.03244144842028618, 0.006167587824165821, -0.0022228281013667583, -0.021200884133577347, 0.0033254404552280903, 0.02665473334491253, -0.006580467335879803, 0.023850994184613228, 0.019664587453007698, -0.013327366672456264, -0.0034118571784347296, 0.0005881132674403489, 0.022327499464154243, -0.011125342920422554, 0.012194348499178886, -0.022276289761066437, 0.006314816419035196, -0.006305214483290911, -0.0017459362279623747, 0.01788504421710968, -0.005722702015191317, -0.009275386109948158, 0.015273341909050941, 0.01782103255391121, 0.003767125541344285, -0.012636033818125725, 0.008219183422625065, 0.00977468304336071, 0.049545541405677795, 0.0008037547813728452, -0.037972114980220795, 0.016515180468559265, -0.02632186934351921, 0.0024468712508678436, 0.01856357604265213, 0.002363655250519514, 0.04442455619573593, 0.012155941687524319, -0.00250128167681396, -0.002768533304333687, 0.02426067180931568, 0.004944952204823494, -0.023313289508223534, -0.004743313416838646, -0.037229571491479874, 0.004839331842958927, 0.0029205624014139175, -0.007495843805372715, -0.015554996207356453, 0.012597626075148582, 0.00367430760525167, -0.011272571049630642, 0.01346819382160902, 0.013788255862891674, -0.018819624558091164, -0.0028901565819978714, -0.00920497253537178, 0.011855083517730236, -0.04060942307114601, -0.016233526170253754, -0.006542060058563948, -0.0003354646032676101, -0.006503652781248093, -0.013416984118521214, -0.0060075572691857815, 0.003895150264725089, 0.009998725727200508, -0.012354379519820213, -0.012712848372757435, 0.007969534955918789, -0.015465378761291504, 0.007495843805372715, 0.020112672820687294, 0.01376265101134777, 0.04191527143120766, 0.01613110676407814, 0.0023940610699355602, 0.011471008881926537, 0.013416984118521214, 0.013532206416130066, 0.020944833755493164, -0.0008465630235150456, 0.006314816419035196, 0.003331841668114066, 0.00033106375485658646, -0.0024516722187399864, 0.028805548325181007, -0.01619511842727661, 0.003043786156922579, 0.0101715587079525, 0.011944700963795185, -0.016297539696097374, -0.006218797527253628, -0.010504422709345818, 0.008001540787518024, -0.032185398042201996, -0.038561027497053146, -0.009889904409646988, -0.0012290367158129811, 0.010549231432378292, 0.027064412832260132, 0.013493798673152924, 0.028831152245402336, -0.019370131194591522, 0.02548970840871334, 0.010946108028292656, -0.026449894532561302, 0.0013034510193392634, 0.01810268685221672, -0.00025004814960993826, 0.010363596491515636, 0.01779542677104473, -0.02266036346554756, 0.02410704270005226, 0.007476639933884144, 0.01665600761771202, -0.01371144037693739, -0.028037400916218758, -0.005748307332396507, 0.02406863495707512, -0.0013082519872114062, -0.021200884133577347, -0.00966586172580719, -0.021648969501256943, 0.01970299519598484, 0.0009657859918661416, 0.011471008881926537, -0.029292041435837746, -0.0030613895505666733, 0.010798879899084568, -0.013570614159107208, 0.007387022953480482, 0.01100371964275837, 0.02998337522149086, -0.003002178156748414, 0.014351564459502697, 0.0007633470231667161, 0.004122394137084484, 0.024478314444422722, 0.0005653089028783143, 0.0111893555149436, -0.02336449921131134, -0.013301761820912361, -0.01275765709578991, -0.005168995354324579, 0.0331839919090271, 0.010305984877049923, -0.005306622013449669, 0.00473371148109436, -0.025438498705625534, 0.026526708155870438, -0.002126809675246477, -0.0039495606906712055, 0.0024580734316259623, 0.0122519601136446, -0.000332063966197893, -0.023774178698658943, -0.038304977118968964, 0.03420818969607353, 0.023351697251200676, -0.03912433609366417, -0.008257590234279633, 0.029880955815315247, -0.0007857513264752924, -0.001185028231702745, 0.016758427023887634, -0.0029221628792583942, -0.011150947771966457, -0.009896306321024895, 0.014389971271157265, -0.0374344103038311, -0.014300353825092316, 0.009902707301080227, -0.024183858186006546, -0.020176686346530914, -0.0005965149030089378, 0.0024548727087676525]"
U40466,N51591 N18109 N48582 N57737 N51706 N40517 N16290 N60954 N3345 N3183 N63554 N43725 N13137 N22864 N44442 N55951 N45794 N35022 N7376 N9803 N61388 N26900 N38994 N42470 N36083 N2192 N51840 N26288 N13231 N47020 N30353 N12349 N57955 N56753 N23554 N60184 N812 N24267 N34394 N54842 N306 N306 N26026 N41375 N47719 N41375 N43142 N43142 N14349 N28088 N21817 N29503 N42620 N28856 N48356 N54327 N10120 N17303 N7019 N11231 N2782 N55389 N17892 N23196 N60212 N23958 N4607 N41218 N18910 N34531 N48742 N51705 N40171 N20575 N31938 N33502 N15676 N33981 N36424 N7938 N3491,"[-0.00792404729872942, -0.022197656333446503, 0.009059741161763668, -0.0428982637822628, -0.037813451141119, 0.005552640650421381, -0.008104725740849972, 0.003610345534980297, -0.0015277020866051316, -0.01912612095475197, 0.03967185690999031, 0.010892338119447231, -0.013886441476643085, -0.0013623489066958427, -0.008285404182970524, -0.025849945843219757, 0.02201697789132595, -0.004471795167773962, -0.017629068344831467, -0.02686948888003826, -0.030534682795405388, 0.028960198163986206, -0.04408557713031769, 0.004462116397917271, 0.009950228966772556, 0.018287256360054016, -0.0023004256654530764, -0.008266045711934566, 0.02348821796476841, -0.011324676685035229, -0.010369661264121532, 0.0025762831792235374, 0.0011389204300940037, 0.015138285234570503, -0.03154132142663002, -0.01469949446618557, 0.007304577622562647, -0.0012591039994731545, -0.004681511782109737, 0.018467934802174568, 0.02267516404390335, -0.012815275229513645, 0.006023695692420006, 0.0013413772685453296, -0.030405627563595772, 0.017887180671095848, 0.016532091423869133, -0.0276696365326643, -0.03259958326816559, 0.01815819926559925, 0.01971977949142456, 0.022029884159564972, -0.04377584531903267, -0.026792054995894432, -0.013912252150475979, 0.0049202656373381615, -0.00020729642710648477, 0.016377225518226624, -0.013318593613803387, -0.004958982113748789, -0.012763652950525284, -0.0023810858838260174, -0.033890143036842346, 0.027953561395406723, -0.0004339512961450964, 0.006878692656755447, -0.003768439404666424, 0.009214608930051327, -0.01322825439274311, -0.01170539204031229, 0.01396387442946434, 0.006627032998949289, 0.020907094702124596, -0.029760347679257393, 0.0004395974974613637, -0.01814529299736023, -0.016196545213460922, 0.011292412877082825, -0.019448760896921158, 0.022804221138358116, 0.025901567190885544, 0.003594213631004095, -0.0019310025963932276, 0.01872604712843895, -0.015202813781797886, 0.0005053354543633759, -0.014183269813656807, 0.0039297593757510185, 0.004436304792761803, 0.02537243813276291, -0.004726681392639875, -0.005723639857023954, -0.011647316627204418, 0.01018252968788147, -0.007582048419862986, 0.00940174050629139, -0.04354354366660118, 0.02759220264852047, 0.009021024219691753, -0.02544987201690674, 0.012989500537514687, 0.0009606616804376245, -0.024339988827705383, -0.001711607095785439, 0.014880173839628696, -0.020261814817786217, 0.0019390685483813286, -0.006533467210829258, -0.0002220168971689418, -0.012963689863681793, 0.02769544906914234, 0.003632930340245366, 0.02965710125863552, -0.040523629635572433, -0.02890857681632042, 0.011182715184986591, 0.0006747216684743762, -0.02152656391263008, 0.01961653307080269, -0.030250759795308113, 0.023359162732958794, 0.026314547285437584, 0.019268082454800606, 0.006730278022587299, 0.004604077897965908, 0.0020245681516826153, 0.025682171806693077, -0.014815645292401314, -0.001456721220165491, 0.005720413755625486, 0.024172216653823853, 0.005000925622880459, 0.037658583372831345, 0.013460556045174599, -0.005894639529287815, -0.006788352970033884, -0.01782265305519104, 0.033141616731882095, -0.020223097875714302, 0.0006485071498900652, -0.0025133683811873198, 0.005807526409626007, -0.02686948888003826, 0.0017374183516949415, -0.011034300550818443, 0.02011985331773758, 0.00034139383933506906, -0.0031199322547763586, 0.0010106709087267518, -0.0020003702957183123, 0.020920000970363617, -0.01417036447674036, -0.016816016286611557, -0.006104355677962303, -0.0062753548845648766, 0.030921852216124535, -0.011221432127058506, -0.002929574577137828, -0.014738211408257484, -0.020920000970363617, -0.009834078140556812, 0.01685473322868347, 0.019926268607378006, 0.020636077970266342, 0.019990796223282814, 0.018184009939432144, 0.007898235693573952, -0.014673683792352676, 0.002700499724596739, 0.005678470246493816, 0.0009517890866845846, -0.012157089076936245, 0.0012744293780997396, 0.01839050091803074, 0.023023616522550583, 0.023707613348960876, 0.001674503437243402, -0.03450961410999298, -0.0415818877518177, -0.003787797875702381, 0.000342200422892347, 0.0336836539208889, 0.009008118882775307, 0.020326342433691025, 0.010885885916650295, -0.0060527329333126545, 8.146669279085472e-05, 0.00883389264345169, 0.01079554669559002, -0.03949118033051491, -0.016403036192059517, -0.004736360628157854, -0.0002738409966696054, -0.016312696039676666, -0.6620063781738281, -0.012266786769032478, 0.00564943253993988, 0.006372147239744663, 0.008872609585523605, 0.001105849863961339, 0.012311955913901329, 0.016609525308012962, -0.02373342402279377, -0.0051138498820364475, 0.01005992665886879, -0.010776188224554062, -0.00047952422755770385, -2.0127212337683886e-05, 0.027385713532567024, -0.01783555932343006, -0.013125009834766388, -0.003295771311968565, -0.004575040191411972, 0.0440339557826519, -0.04137539863586426, 0.030534682795405388, 0.0189067255705595, 0.02587575651705265, 0.013486366719007492, 0.008937138132750988, -0.006504429504275322, -0.02235252410173416, -0.015202813781797886, -0.007704651914536953, 0.0055268295109272, 0.0006376180099323392, 0.0022923597134649754, 0.0040039666928350925, 0.049247823655605316, 0.01203448511660099, 0.0006327783921733499, 0.006310845259577036, -0.005036415997892618, 0.039387933909893036, 0.029424801468849182, 0.01211191900074482, 0.012963689863681793, -0.011311771348118782, 0.008227328769862652, -0.014221986755728722, 0.02159109339118004, 0.004271758254617453, 0.0037232697941362858, 0.014596249908208847, -0.0018035596003755927, 0.009640494361519814, -0.019771400839090347, 0.015512548387050629, -0.0110536590218544, 0.023591462522745132, 0.002640811260789633, -0.005584904458373785, 0.007452992256730795, 0.0007388464291580021, 0.004287890158593655, 0.0036361569073051214, -0.02579832263290882, -0.007814349606633186, -0.013125009834766388, 0.027256658300757408, -0.008349932730197906, 0.017125749960541725, 0.02537243813276291, -0.022146034985780716, -0.008149895817041397, 0.028469786047935486, -0.02301071025431156, 0.015654509887099266, 0.009988945908844471, 0.030844418331980705, 0.012279692105948925, -0.019823024049401283, -0.025849945843219757, 0.009079099632799625, -0.008737101219594479, -0.010021209716796875, -0.033296484500169754, 0.003691005753353238, 0.027488958090543747, 0.004720228258520365, -0.008827440440654755, -0.0039878347888588905, -0.011156903579831123, 0.012311955913901329, 0.01964234560728073, 0.024262554943561554, -0.006314071826636791, -0.004174966365098953, -0.004323380999267101, 0.0029731309041380882, -0.020468303933739662, -0.012860444374382496, 0.011079469695687294, 0.001989077776670456, 0.01690635457634926, 0.0050138309597969055, 0.006494750268757343, -0.015473831444978714, 0.005346150603145361, -0.011014942079782486, -0.017022505402565002, -0.004110438283532858, 0.021539470180869102, -0.00708518223837018, -0.011950599029660225, 0.008136989548802376, 0.018171105533838272, -0.0199520792812109, -0.02323010563850403, -0.023772140964865685, -0.007640123832970858, -0.007556237280368805, 0.004475021734833717, -0.02777288295328617, 0.022404147312045097, 0.0058881863951683044, 0.0259660966694355, -0.0109181497246027, -0.0031263851560652256, 0.016041679307818413, -0.010130907408893108, -0.03288350626826286, -0.00024923967430368066, 0.01602877303957939, 0.01840340532362461, 0.03154132142663002, 0.006891597993671894, 0.00018461077706888318, 0.011686033569276333, -0.010259963572025299, 0.01343474444001913, -0.004729907494038343, 0.021126490086317062, -0.018596990033984184, -0.01790008693933487, -0.01244101207703352, -0.003952344413846731, -0.0032425355166196823, 0.000377489224774763, -0.02769544906914234, -0.01676439307630062, -0.005149340257048607, -0.04214973747730255, 0.015344775281846523, -0.009266231209039688, 0.009033930487930775, -0.015254436060786247, -0.010066378861665726, 0.005549414083361626, -0.0014881786191836, 0.006923862267285585, -0.0020165021996945143, 0.005936582572758198, -0.017190277576446533, 0.0071174465119838715, 0.014712400734424591, -0.01145373284816742, -0.02021019160747528, -0.012266786769032478, -0.011156903579831123, 0.02299780398607254, -0.005833337549120188, -0.021823393180966377, -0.01707412861287594, 0.026921112090349197, -0.020352153107523918, 0.01691926084458828, 0.0023262370377779007, 0.018416311591863632, -0.001277655828744173, 0.010079285129904747, 0.00838219653815031, -0.013008859008550644, -0.01971977949142456, 0.0012445851461961865, 0.0020681247115135193, -0.011595694348216057, -0.011214978992938995, 0.013008859008550644, 0.024507761001586914, 0.04181418940424919, 0.03685843572020531, -0.01618364080786705, 0.03505164757370949, -0.008156348019838333, -0.010601961985230446, 0.008543516509234905, -0.011182715184986591, 0.0035684024915099144, 0.03293512761592865, 0.004481474403291941, -0.027385713532567024, -0.023539841175079346, 0.017758125439286232, -0.00139057997148484, 0.011679581366479397, 0.021733054891228676, 0.001921323360875249, -0.008879062719643116, -0.011550525203347206, -0.013628329150378704, -0.021294264122843742, 0.030199138447642326, 0.005139661021530628, 0.003862005192786455, -0.004084627144038677, -0.0039297593757510185, -0.00817570649087429, -0.0013429905520752072, 0.006685108412057161, -0.00891777966171503, -0.015254436060786247, -0.0016535317990928888, 0.01071165967732668, -0.009911512024700642, 0.017474202439188957, 0.027205035090446472, 0.020481210201978683, 0.0018584084464237094, -0.0007150517194531858, 0.00749170919880271, 0.0024940099101513624, -0.009608229622244835, 0.006188242230564356, 0.013770290650427341, 0.0036038928665220737, 0.00462020980194211, 0.028521407395601273, 0.006091449875384569, 0.004539549816399813, 0.004239494446665049, -0.008149895817041397, 0.02085547335445881, -0.03381270915269852, 0.0007779665756970644, 0.01831306703388691, 0.030173325911164284, -0.00642699608579278, 0.010537434369325638, -0.02561764419078827, 0.03381270915269852, 0.00189873855561018, 0.011266601271927357, 0.007433633785694838, 0.01783555932343006, 0.006401184946298599, -0.004823473282158375, -0.004258852917701006, -0.01371866837143898, -0.013705762103199959, 0.02957966737449169, 0.0051170759834349155, 0.003184460336342454, 0.038226429373025894, 0.010872980579733849, -0.013157273642718792, 0.00833057425916195, -0.028521407395601273, 0.0017438711365684867, 0.0227655041962862, 0.03192849084734917, 0.02079094387590885, -2.5584371542208828e-05, 0.023875387385487556, 0.007336841896176338, -0.017603257670998573, 0.008614497259259224, 0.011221432127058506, 0.029269933700561523, 0.01059550978243351, -0.013537989929318428, -0.014092930592596531, 0.02062317170202732, -0.00185356882866472, -0.011976409703493118, -0.04493734985589981, 0.004752492532134056, 0.020739322528243065, -0.022133128717541695, -0.025811228901147842, 0.022894559428095818, 0.013499272987246513, -0.015396397560834885, 0.009763097390532494, -0.024507761001586914, 0.017022505402565002, -0.04413720220327377, -0.0035006478428840637, -0.009879248216748238, -0.01880348101258278, 0.03120577521622181, -0.008775818161666393, 0.025023985654115677, -0.016570808365941048, -0.003884589998051524, -0.00865966733545065, -0.020003702491521835, -0.02604353055357933, 0.03285769373178482, 0.01782265305519104, -0.015667416155338287, -0.01219580601900816, 0.02175886556506157, 0.0008066009031608701, 0.005449395626783371, -0.008291857317090034, -0.03226403519511223, 0.022804221138358116, -0.004375003278255463, 0.0029941024258732796, -0.024288365617394447, 0.007891783490777016, 0.029347367584705353, 0.010014756582677364, -0.009956681169569492, -0.03719398006796837, -0.031257398426532745, -0.004249173682183027, 0.12441012263298035, -0.014118742197751999, -0.014002591371536255, 0.005139661021530628, 0.025436965748667717, -0.01191188208758831, -0.014312325976788998, 0.0011671514948830009, -0.014854362234473228, -0.025669267401099205, -0.02906344272196293, -0.004255626350641251, 0.030354004353284836, 0.020016608759760857, 0.034122444689273834, 0.020416682586073875, -0.01244101207703352, -0.011763467453420162, 0.010756829753518105, -0.005678470246493816, -0.027953561395406723, -0.014428476803004742, 0.007988574914634228, 0.004913812503218651, 0.02957966737449169, -0.013357310555875301, 0.02004241943359375, 0.017435485497117043, -0.009614682756364346, 0.007859518751502037, -0.002345595508813858, -0.0020519925747066736, 0.011034300550818443, 0.020894190296530724, 0.0167514868080616, -0.007020654156804085, 0.0049686613492667675, 0.00749170919880271, -0.004555681720376015, -0.01822272688150406, 0.004749265965074301, -0.01987464539706707, -0.024998174980282784, -0.008827440440654755, 0.0005375994951464236, -0.009672758169472218, -0.017964614555239677, 0.017048316076397896, -0.0059623937122523785, -0.019190648570656776, 0.024043159559369087, 0.0072852191515266895, -0.003839420387521386, -0.007123899180442095, 0.02774707041680813, 0.010563245043158531, -0.015512548387050629, -0.019332610070705414, -0.0011090761981904507, -0.006917409133166075, -0.03427731245756149, -0.012886255979537964, 0.008033744990825653, -0.0036006662994623184, -0.01717737317085266, -0.023436596617102623, -0.02612096443772316, -0.015473831444978714, -0.014712400734424591, -0.015667416155338287, 0.015628699213266373, -0.026430698111653328, 0.0004617790109477937, -0.001165538327768445, 0.027075979858636856, 0.018545368686318398, 0.0033619124442338943, -0.008556422777473927, 0.038716841489076614, 0.01236357819288969, 0.013667046092450619, -0.01317663211375475, -0.019500384107232094, -0.0011986088939011097, -0.003991061355918646, 0.03195429965853691, 0.0070012956857681274, -0.024920741096138954, -0.017061222344636917, 0.022546108812093735, -0.005723639857023954, -0.005410678684711456, 0.019332610070705414, -0.01757744699716568, -0.000709808780811727, -0.005181604065001011, 0.004807341378182173, 0.005713960621505976, -0.0010993970790877938, 0.006627032998949289, 0.015589982271194458, -0.005342924501746893, 0.0072529553435742855, 0.006404411047697067, 0.00944690965116024, -0.017125749960541725, -0.010111548937857151, 0.008124084211885929, -0.009466268122196198, 0.008640308864414692, -0.005536508746445179, -0.005701055284589529, -0.007033559959381819, -0.007962764240801334, 0.01338312216103077, -0.004704096354544163, -0.0023149445187300444, 0.011937693692743778, 0.004207230173051357, 0.014673683792352676, 0.022442864254117012, -0.01137629896402359, 0.015215719118714333, 0.04478248208761215, 0.0012962076580151916, 0.0006364081054925919, 0.007872425019741058, -0.02544987201690674, -0.0218362994492054, 0.009763097390532494, 0.0010969772702082992, 0.022546108812093735, -0.011318223550915718, -0.02849559672176838, -0.02159109339118004, -0.01191188208758831, -0.01618364080786705, 0.0015083437319844961, -0.017345145344734192, 0.0033457805402576923, -0.01913902536034584, 0.009846983477473259, 0.014893079176545143, -0.005713960621505976, -0.0073432945646345615, -0.018016237765550613, 0.0015196361346170306, 0.010356755927205086, -0.008149895817041397, 0.013563800603151321, 0.012337767519056797, -0.009182344190776348, -0.017525823786854744, -0.0073432945646345615, -0.026740433648228645, -0.017783936113119125, -0.012795916758477688, -0.005091264843940735, 0.007278766483068466, 0.00998249277472496, 0.042020682245492935, 0.001284915255382657, 0.014544627629220486, 0.010201888158917427, 0.0008493507630191743, 0.01791299320757389, -0.014118742197751999, 0.008769365027546883, 0.021745961159467697, 0.01808076538145542, 0.03776182606816292, 0.003042498603463173, 0.024365799501538277, -0.004971887916326523, -0.016622431576251984, -0.005926903337240219, -0.014570438303053379, -0.022855842486023903, -0.011105281300842762, 0.014725306071341038, -0.008885515853762627, -0.02013275772333145, -0.015164096839725971, 0.018674423918128014, -0.044395312666893005, -0.01211837213486433, 0.02120392397046089, -0.010279322043061256, 0.000788452394772321, -0.0008929072064347565, 0.032470524311065674, -0.0001336941058980301, -0.007956311106681824, 0.004036230966448784, -0.00838219653815031, 0.002668235683813691, -0.016144923865795135, -0.013473461382091045, -0.007827254943549633, 0.018545368686318398, 0.012066749855875969, 0.01445428840816021, -0.03319324180483818, 0.021578187122941017, -0.006614127196371555, 0.029037632048130035, -0.003820061916485429, 0.00370713765732944, 0.0021987941581755877, -0.022068601101636887, -0.008317668922245502, -0.04047200828790665, -0.004665379412472248, -0.03845873102545738, -0.008756459690630436, 0.02292037196457386, 0.015654509887099266, 0.0073432945646345615, -0.0336836539208889, -0.0003607522521633655, 0.01592552848160267, -0.014080025255680084, 0.007504614535719156, -0.017216090112924576, 0.011944145895540714, 0.017629068344831467, 0.01038901973515749, -0.014286515302956104, 0.012202258221805096, -0.0028279428370296955, 0.004145928658545017, 0.011118186637759209, 0.04485991597175598, -0.0017083807615563273, -0.01010509580373764, 0.005897865630686283, 0.011189167387783527, -0.012202258221805096, -0.017641974613070488, 0.02504979819059372, 0.016622431576251984, 0.011221432127058506, -0.025398248806595802, -0.028211673721671104, -0.028624651953577995, -0.006607674527913332, 0.007904688827693462, 0.016725676134228706, 0.013092746026813984, -0.040110647678375244, -0.00824668724089861, 0.02563055045902729, -0.0018745404668152332, 0.006994843017309904, 0.009085552766919136, 0.00572686642408371, 0.028108427301049232, -0.017758125439286232, -0.008014386519789696, -0.016609525308012962, 0.0020729643292725086, 0.012395842932164669, -0.002427868777886033, 0.025566022843122482, -0.0026730753015726805, 0.014854362234473228, -0.03179943561553955, 0.002853753976523876, 0.019848834723234177, 0.015602887608110905, -0.03358040750026703, -0.012473275884985924, 0.003065083408728242, 0.0023585010785609484, 0.008724194951355457, 0.004607304465025663, -0.009763097390532494, -0.027798693627119064, 8.388649439439178e-05, 0.0032489884179085493, 0.00784661341458559, -0.0010953639866784215, -0.008472535759210587, 0.00152447575237602, 0.0011042365804314613, -0.010982678271830082, -0.013460556045174599, -0.0009243646054528654, 0.018338877707719803, 0.013757385313510895, -0.02143622562289238, -0.020261814817786217, -0.00019721391436178237, 0.0041201175190508366, -0.02077803947031498, 0.007575595751404762, -0.005152566358447075, 0.005875281058251858, -0.011305318213999271, 0.027385713532567024, -0.039052389562129974, -0.012550709769129753, -0.013331499882042408, 0.01424779836088419, -0.01383481826633215, 0.000994538888335228, 0.028521407395601273, -0.028392352163791656, -0.014144553802907467, -0.011937693692743778, -0.0009292042232118547, -0.007814349606633186, -0.0029650649521499872, -0.014996323734521866, 0.0010300293797627091, -0.0003067099896725267, -0.0021407187450677156, 0.0032780261244624853, 0.012073202058672905, 0.037245601415634155, -0.04129796475172043, -0.004820247180759907, 0.02579832263290882, 0.004626662936061621, -0.03303837403655052, -0.010066378861665726, 0.019939174875617027, 0.0027456695679575205, -0.017771031707525253, 0.012892709113657475, -0.0019939173944294453, 0.030173325911164284, -0.020726416260004044, -0.01708703301846981, -0.011673128232359886, 0.007272313814610243, -0.019242271780967712, 0.007549784611910582, 0.0002950142661575228, -0.0021197472233325243, 0.02694692276418209, 0.024017348885536194, 0.02826329506933689, -0.014144553802907467, 0.007782085333019495, -0.0028440747410058975, 0.025720888748764992, -0.0032796391751617193, -0.01162795815616846, -0.01627397909760475, -0.030844418331980705, 0.024094782769680023, -0.008511252701282501, -0.026379074901342392, -0.008298310451209545, -0.010821357369422913, -0.03737466037273407, -0.011982862837612629, -0.0359550416469574, 0.012628143653273582, 0.022959088906645775, 0.026004813611507416, 0.022855842486023903, 0.022778408601880074, 0.02471425198018551, 0.0003835387178696692, -0.024249648675322533, -0.001084071584045887, 0.0192938931286335, -0.044730860739946365, -0.012763652950525284, 0.0021794356871396303, -0.02169433794915676, 0.013757385313510895, -0.021294264122843742, -0.013473461382091045, -0.013602517545223236, 4.690888454206288e-05, -0.016712769865989685, -0.015228625386953354, 0.0008469309541396797, 0.024172216653823853, -0.0016809562221169472, -0.0036006662994623184, 0.021500753238797188, -0.026095151901245117, -0.005904318764805794, 0.005817205645143986, -0.0014026790158823133, -0.007982122711837292, 0.027566391974687576, 0.01748710684478283, 0.018622800707817078, -7.637502130819485e-05, 0.0004379843012429774, -0.023927008733153343, 0.030095892027020454, -0.03203173354268074, 0.027385713532567024, 0.006533467210829258, 0.0005718800239264965, 0.009434004314243793, 0.011937693692743778, 0.00932430662214756, -0.01063422579318285, -0.0007138418150134385, 0.007685293443500996, 0.002242350485175848, 0.018016237765550613, -0.008278951980173588, -0.004707322921603918, -0.005171924829483032, 0.014854362234473228, -0.003974929451942444, 0.00879517663270235, 0.004813794046640396, -0.014118742197751999, -0.005378414876759052, 0.008027291856706142, -0.005317112896591425, -0.036187343299388885, 0.002831169171258807, 0.015138285234570503, -0.005791394505649805, 0.0019406817154958844, -0.009963134303689003, -0.013150821439921856, -0.03311580792069435, -0.009408192709088326, 0.02323010563850403, -0.00505254790186882, -0.010582603514194489, 0.009008118882775307, -0.00011615052790148184, -0.014312325976788998, 0.015383492223918438, 0.20452818274497986, -0.003118318971246481, 0.006343109533190727, 0.036342211067676544, -0.003394176485016942, -0.0020148891489952803, 0.023049427196383476, 0.016286885365843773, -0.001629333826713264, 0.00435241824015975, -0.020313436165452003, 0.02079094387590885, -0.010085737332701683, -0.01071165967732668, -0.002860206877812743, 0.0014551080530509353, -0.03285769373178482, -0.03791669383645058, 0.0009275910560972989, 0.01987464539706707, -0.021655621007084846, -0.009085552766919136, -0.0047879829071462154, -0.005636527203023434, 0.016325602307915688, 0.0006138233002275229, 0.00472345482558012, 0.013034670613706112, -0.006255996413528919, -0.006794806104153395, 0.011427921243011951, -0.028030995279550552, -0.003997514024376869, -0.004475021734833717, -0.007511067669838667, -0.01808076538145542, -0.019280988723039627, -0.010227699764072895, 0.00998249277472496, 0.022313807159662247, 0.004236267879605293, 0.016816016286611557, 0.0276696365326643, -0.02950223535299301, -0.020481210201978683, 0.028289107605814934, 0.006665749941021204, -0.00879517663270235, 0.01396387442946434, 0.0031667151488363743, -0.024520667269825935, 0.01051807589828968, 0.0012518445728346705, 0.019577816128730774, -0.01371866837143898, 0.004200777504593134, 0.009201702661812305, -0.00924041960388422, -0.01668695919215679, 0.002861819928511977, 0.01310565136373043, 0.008304762654006481, -0.013731573708355427, 0.005036415997892618, -0.03365784138441086, -0.010801998898386955, -0.009175891987979412, 0.04173675552010536, 0.010350302793085575, -0.010582603514194489, -0.016390129923820496, 0.001367995166219771, -0.011563430540263653, 0.009911512024700642, 0.007382011506706476, -0.0246497243642807, 0.005701055284589529, 0.015525453723967075, 0.005029963329434395, 0.017190277576446533, -0.000646490603685379, -0.01871314086019993, 0.0003387723700143397, -0.006781900301575661, 0.0021181339398026466, -0.01964234560728073, 0.019410043954849243, 0.018054954707622528, -0.0010921376524493098, -0.02463681809604168, 0.0008549969643354416, -0.05632010102272034, -0.014893079176545143, -0.016867637634277344, 0.014092930592596531, 0.02388829179108143, 0.04821537435054779, 0.017280617728829384, -0.01277655828744173, 0.004139475990086794, -0.028727898374199867, 0.001919710193760693, 0.004300795961171389, -0.024946551769971848, 0.0022213789634406567, 0.006072091404348612, 0.000714245077688247, 0.023630179464817047, 0.003729722462594509, -0.021384602412581444, 0.0002627502544783056, -0.03172200173139572, 0.007382011506706476, -0.007749821525067091, -0.020558644086122513, 0.004349192138761282, 0.017267711460590363, -0.020932907238602638, 0.02120392397046089, -0.006943220738321543, 0.012595879845321178, -0.0400848388671875, -0.0032715732231736183, -0.010563245043158531, 0.005317112896591425, -0.011621505953371525, -0.00824668724089861, 0.009556607343256474, 0.017861369997262955, -0.025256287306547165, -0.007698198780417442, -0.0077175572514534, 0.02849559672176838, -0.022481579333543777, -0.030431438237428665, -0.009169438853859901, 0.016067489981651306, -0.014441382139921188, 0.006639938801527023, -0.026998545974493027, -0.003729722462594509, -0.002785999560728669, 0.0016196545911952853, -0.019268082454800606, 0.0031296114902943373, -0.013066934421658516, 0.02676624432206154, 0.0020068229641765356, -0.025682171806693077, -0.02867627516388893, -0.018042048439383507, -0.0005892219487577677, 0.002661783015355468, -0.020236004143953323, 0.022378334775567055, -0.016880543902516365, -0.009279136545956135, -0.0004621823027264327, 0.02102324552834034, 0.018751857802271843, -0.02751477062702179, -0.00784016028046608, -0.0021778224036097527, -0.041685134172439575, -0.015280247665941715, -0.0004827506490983069, -0.16240425407886505, 0.027798693627119064, -0.016222357749938965, 0.007756274193525314, 0.009563060477375984, 0.0071174465119838715, 0.018467934802174568, -0.0070722769014537334, -0.002618226455524564, -0.02137169800698757, 0.01832597330212593, -0.015202813781797886, -0.003849099390208721, -0.005833337549120188, 0.008014386519789696, -0.002826329553499818, -0.03554206341505051, 0.0072529553435742855, 0.020571548491716385, -0.009666305035352707, 0.045453574508428574, -0.010208341293036938, 0.02152656391263008, -0.02594028413295746, -0.0026117737870663404, 0.015667416155338287, -0.013163726776838303, -0.017409672960639, -0.03319324180483818, -0.012279692105948925, -0.0037103642243891954, 0.01358961220830679, 0.036677755415439606, 0.03853616490960121, 0.0346386693418026, 0.025837039574980736, -0.012789463624358177, 0.002273001242429018, -0.008401555009186268, 0.000527113676071167, 0.013679951429367065, 0.01136984582990408, 0.007769179996103048, 0.013809007592499256, -0.001419617561623454, 0.011092375963926315, 0.017125749960541725, 0.0035909872967749834, 0.0023117181845009327, -0.01343474444001913, 0.021242640912532806, -0.04963499307632446, -0.005313886795192957, 0.0015156030422076583, -0.003974929451942444, 0.035516250878572464, -0.0003085248463321477, -0.01937132701277733, 0.001890672487206757, -0.030999286100268364, -0.006585089955478907, -0.017512919381260872, 0.01716446690261364, -0.013783195987343788, 0.0032780261244624853, -0.02406897023320198, 0.013357310555875301, 0.0038297411520034075, -0.030508872121572495, 0.008195064961910248, -0.02612096443772316, -0.003252214752137661, -0.005371962208300829, -0.0011695713037624955, 0.01938423328101635, 0.012615238316357136, 0.003168328432366252, 0.009363023564219475, 0.010130907408893108, -0.00626244954764843, -0.045376140624284744, 0.058436620980501175, -0.008653214201331139, 0.006414090283215046, -0.006943220738321543, 0.010524528101086617, -0.0214491318911314, -0.007181974593549967, 0.0026343585923314095, 0.00042870838660746813, 0.030612116679549217, -0.009634041227400303, -0.015396397560834885, -0.016970882192254066, 0.009827625006437302, 0.005171924829483032, 0.011208525858819485, -0.007394916843622923, -0.0014075185172259808, -0.021139396354556084, -0.00433306023478508, 0.008240235038101673, -0.03825224190950394, -0.009343665093183517, -0.006362468004226685, 0.02201697789132595, 0.02676624432206154, 0.01937132701277733, 0.025643454864621162, -0.024030253291130066, -0.010298680514097214, 0.015370586887001991, 0.011118186637759209, 0.03293512761592865, 0.0192938931286335, 0.008337026461958885, -0.0071948799304664135, -0.006423769518733025, 0.017551636323332787, -0.008827440440654755, 0.05735255032777786, 0.006833523046225309, -0.014273609966039658, 0.003820061916485429, 0.013421839103102684, 0.027824504300951958, -0.10943961143493652, -0.015022135339677334, 0.0027456695679575205, 0.022275090217590332, -0.008446724154055119, 0.015835188329219818, 0.002279454143717885, 0.0515708364546299, -0.024752968922257423, 0.02373342402279377, -0.008891968056559563, -0.027075979858636856, -0.008136989548802376, -0.014531721360981464, 0.036832623183727264, 0.016532091423869133, 0.0003468383802101016, 0.0071948799304664135, 0.004597625229507685, 0.026559755206108093, 0.010879432782530785, -0.005330018699169159, 0.010427736677229404, -0.029708724468946457, 0.001987464725971222, 0.0005771229625679553, -0.012021579779684544, 0.03892333433032036, 0.02119101956486702, 0.0011098828399553895, 0.016119113191962242, 0.014815645292401314, -0.006717372220009565, -0.023049427196383476, -0.000706179067492485, -0.003981382120400667, -0.006352788768708706, 0.019577816128730774, 0.03262539207935333, -0.02356565184891224, -0.005104170646518469, 0.011079469695687294, -0.012163541279733181, -0.036187343299388885, 0.03915563225746155, 0.0051912833005189896, -0.009937322698533535, -0.005626847967505455, -0.008401555009186268, -0.009911512024700642, -0.010911696590483189, -0.008717742748558521, -0.026017718017101288, -0.0012373258359730244, 0.01618364080786705, 0.01964234560728073, 0.016945071518421173, 0.026508131995797157, 0.00605595950037241, -0.025527305901050568, 0.004397588316351175, 0.016467563807964325, -0.018455028533935547, 0.02200407162308693, -0.002137492410838604, -0.030457250773906708, -0.017448389902710915, 0.010401925072073936, -0.0019326157635077834, 0.0032554413191974163, -0.02364308573305607, 0.019151931628584862, -0.024469044059515, -0.007917594164609909, -0.02316557802259922, -0.007685293443500996, -0.026921112090349197, -0.02957966737449169, 0.008298310451209545, -0.010505170561373234, -0.012299050576984882, -0.027050167322158813, -0.0007372332038357854, -0.011621505953371525, 0.00952434353530407, 0.008969401940703392, 0.013602517545223236, 0.008556422777473927, -0.02686948888003826, -0.004068494774401188, -0.015486737713217735, 0.02374633029103279, -0.014209081418812275, 0.004213683307170868, -0.001606749021448195, 0.009285589680075645, -0.024365799501538277, -0.013499272987246513, -0.005894639529287815, -0.008304762654006481, -0.004036230966448784, -0.0051622455939650536, -0.06256642192602158, -0.008337026461958885, 0.024688439443707466, 0.0036522888112813234, 0.0035361384507268667, -0.02053283341228962, 0.007898235693573952, 0.015615792945027351, 0.0199520792812109, 7.5807879511557985e-06, -0.004552455618977547, 0.02939898893237114, 0.02224927954375744, -0.006162431091070175, -0.006072091404348612, 0.018855102360248566, 0.026585565879940987, 0.019913362339138985, 0.007891783490777016, 0.00985988974571228, -0.014867267571389675, 0.0013268585316836834, 0.025153042748570442, -0.007678840775042772, 0.02357855811715126, -0.005168698728084564, -0.015215719118714333, 0.022455768659710884, -0.006685108412057161, 0.002826329553499818, -0.00015154013817664236, 0.0002663799386937171, -0.022391241043806076, -0.016209451481699944, -0.012002221308648586, -0.01848083920776844, 0.01071811281144619, -0.012247428297996521, 0.006949673406779766, -0.003474836703389883, 0.0020068229641765356, -0.02875370904803276, 0.01742257922887802, -0.006527014542371035, 0.012699124403297901, -0.022688070312142372, 0.02950223535299301, 0.005875281058251858, 0.01822272688150406, -0.028366539627313614, 0.015577076934278011, -0.005020284093916416, 0.012957236729562283, -0.036264777183532715, 0.004429852124303579, -0.007982122711837292, 0.02388829179108143, -0.014802739955484867, -0.011679581366479397, -0.021616904065012932, 0.0050267367623746395, 0.005843016784638166, 0.02192663960158825, -0.0020374739542603493, -0.006397958379238844, 3.271774767199531e-05, -0.01961653307080269, -0.008337026461958885, 0.008182159624993801, -0.029786158353090286, -0.007336841896176338, -0.00472345482558012, -0.012460370548069477, 0.004578266758471727, 0.004149155225604773, 0.010756829753518105, -0.0049944729544222355, 0.024120593443512917, -0.013783195987343788, 0.009711475111544132, 0.018700234591960907, -0.008169254288077354, -0.033890143036842346, 0.014893079176545143, 0.027256658300757408, 0.020248908549547195, -0.014299420639872551, -0.003207045141607523, -0.014634966850280762, 0.012137730605900288, -0.02440451644361019, 0.006588316056877375, -0.012608785182237625, -0.026391981169581413, 0.016002962365746498, 0.004239494446665049, -0.00022564659593626857, -0.004571814090013504, 0.025178853422403336, 0.020739322528243065, 0.019255176186561584, 0.006581863388419151, -0.012963689863681793, -0.03370946645736694, -0.02159109339118004, -0.0017600031569600105, -0.03275445103645325, -0.027463147416710854, -0.002886018017306924, 0.013125009834766388, 0.00858223345130682, 0.026817867532372475, -0.0017616163240745664, 0.006917409133166075, -0.01133112981915474, 0.020842567086219788, 0.014325232245028019, -0.025979001075029373, -0.014092930592596531, 0.016312696039676666, -0.01383481826633215, 0.03234146907925606, 0.010860074311494827, -0.018842196092009544, 0.026430698111653328, -0.009543702006340027, -6.533467239933088e-05, -0.022300900891423225, 0.0015704520046710968, -0.012086108326911926, 0.004623436369001865, 0.013157273642718792, -0.038226429373025894, -0.027385713532567024, -0.026224208995699883, 0.019693966954946518, -0.018829291686415672, -0.001331698033027351, -0.00850479956716299, 0.024198027327656746, 0.0012268399586901069, 0.006504429504275322, 0.015460926108062267, -0.006285034120082855, 0.015331869944930077, 0.011847354471683502, 0.016609525308012962, -0.018751857802271843, 0.005846243351697922, 0.006943220738321543, 0.0009033930255100131, 0.016777299344539642, -0.021139396354556084, 0.008872609585523605, -0.01104075275361538, 0.005539734847843647, -0.0025585379917174578, -0.017035411670804024, 0.006594768725335598, 0.00027464760933071375, -0.002548858756199479, 0.02965710125863552, 0.016454657539725304, -0.00321349804289639, 0.004123343620449305, 0.008478988893330097, -0.007498161867260933, -0.00509449141100049, -0.01617073453962803, 0.012350672855973244, 0.016325602307915688, -0.01322825439274311, -0.011653769761323929, 0.024701345711946487, -0.0019697193056344986, 0.0048460583202540874, -0.009814719669520855, 0.018455028533935547, 0.03007008135318756, -0.029941026121377945, 0.025604739785194397, -0.012795916758477688, -0.012131277471780777, 0.009763097390532494, 0.00034744333242997527, -0.007982122711837292, -0.017964614555239677, -0.005672017578035593]"
U45798,N459 N11071 N1150 N60206 N12859 N22561 N46023 N16715 N31801 N55556 N49792,"[-0.022525044158101082, -0.02882181853055954, 0.021245213225483894, -0.0036507209297269583, -0.03458106145262718, 0.008414896205067635, -0.0070262779481709, 0.006248780060559511, -0.02178274281322956, -0.01028984971344471, 0.032584525644779205, 0.01455169077962637, -0.010577811859548092, -0.011454497464001179, 0.00021657158504240215, -0.006469551008194685, 0.02633894421160221, -0.03340361639857292, -0.005381694063544273, -0.024124834686517715, -0.002689247252419591, 0.009368371218442917, -0.021859532222151756, 0.00764059741050005, -0.01148009393364191, 0.004815368447452784, 0.010475425980985165, -0.023561708629131317, 0.013438236899673939, 0.0036027273163199425, -0.011864043772220612, -0.0030491999350488186, -0.021590767428278923, 0.001929346821270883, -0.025302279740571976, -0.03737109526991844, -0.002777235582470894, -0.011057749390602112, 0.0015773930354043841, 0.009720324538648129, 0.01420613657683134, -0.014577287249267101, -0.008549278602004051, -0.017994439229369164, -0.021987514570355415, 0.0035099394153803587, -0.0022669024765491486, -0.010405034758150578, -0.017341725528240204, -0.003557933261618018, 0.02766996994614601, 0.015306791290640831, -0.01828880049288273, -0.0005679255118593574, -0.003317964728921652, -0.015153211541473866, -0.015230001881718636, 0.007666194345802069, -0.0019277470419183373, -0.008798846043646336, 0.01273432932794094, 0.01010427437722683, -0.01781526207923889, -0.002378887962549925, -0.003074796637520194, -0.004274639301002026, 0.004812168423086405, 0.010558614507317543, -0.018928715959191322, -0.015166009776294231, 0.018506372347474098, 0.027004456147551537, -0.003266771323978901, -0.02476475015282631, 0.013911774381995201, -0.005992813967168331, -0.017751270905137062, 0.005151323974132538, -0.008664463646709919, -0.00345554668456316, 0.01535798516124487, -0.0310487262904644, -0.004441017284989357, 0.02823309600353241, 0.009528350085020065, 0.01202402263879776, -0.007109467405825853, 0.017495304346084595, 0.005256910342723131, -0.009080409072339535, 0.009899500757455826, 0.018979910761117935, 0.009310778230428696, 0.04517807438969612, -0.02119401842355728, 0.007666194345802069, -0.012823917903006077, 0.053906526416540146, 0.028617044910788536, 4.871860801358707e-05, -0.0027324415277689695, 0.007525412831455469, -0.008395698852837086, -0.01729053072631359, -0.006923891603946686, -0.009074009954929352, -0.004959349520504475, -0.0160874892026186, 0.021181220188736916, -0.028053918853402138, 0.006603933405131102, 0.01639464870095253, 0.016650615260004997, -0.005506477318704128, -0.013323051854968071, 0.00478017283603549, -0.012580749578773975, -0.014910044148564339, 0.01617707684636116, -0.014538892544806004, -0.009816312231123447, -0.025903800502419472, 0.0025708626490086317, -0.004908156115561724, 0.01961982622742653, 0.018570363521575928, -0.03268691152334213, -0.01933826319873333, 0.005096931476145983, -0.0005279307370074093, 0.05498158559203148, 0.030408810824155807, 0.01427012775093317, 0.020042169839143753, -0.006802307441830635, 0.014884446747601032, -0.012759925797581673, 0.027286019176244736, 0.006949488073587418, -0.03542575240135193, 0.021872330456972122, 0.01778966560959816, -0.004453815519809723, -0.019594229757785797, 0.005957618355751038, -0.0034299499820917845, 0.022576237097382545, 0.020490111783146858, 0.002194911940023303, 0.001791764865629375, 0.0024556778371334076, 0.029794491827487946, 0.001988539006561041, -0.017712876200675964, 0.008638866245746613, 0.0033083660528063774, -0.00875405129045248, 0.021360397338867188, 0.018826330080628395, -0.0029964069835841656, -0.014142144471406937, 0.017008967697620392, -0.008434093557298183, -0.007480618543922901, -0.005189719144254923, 0.028719432651996613, -0.022755414247512817, -0.005551271606236696, 0.009406765922904015, -0.01803283393383026, 0.004101861733943224, 0.04136417433619499, -0.0026140569243580103, 0.017802463844418526, -2.0409821445355192e-05, 0.0018125622300431132, -0.035246577113866806, 0.006373563781380653, -0.036987148225307465, -0.0080437446013093, -0.036526408046483994, 0.021513978019356728, 0.01571633853018284, 0.030050456523895264, -0.007934958674013615, -0.007512614130973816, 0.0017981640994548798, -0.016381850466132164, 0.017034564167261124, 0.007922160439193249, 0.012375975959002972, 0.003137188497930765, -0.0152811948210001, -0.027158036828041077, -0.6491308212280273, 0.007410227786749601, -0.027414003387093544, 0.013476631604135036, 0.012043219991028309, 0.0004711381916422397, 0.005420088768005371, 0.034785836935043335, -0.010117072612047195, 0.00883084163069725, 0.01354062370955944, 0.021053237840533257, -0.0067063202150166035, -0.014769262634217739, -0.011966429650783539, -0.018058430403470993, 0.005954418797045946, 0.007058274000883102, -0.003801101353019476, 0.008056542836129665, -0.013515027239918709, 0.012516757473349571, 0.01107694674283266, -0.010974559932947159, 0.002004537032917142, -0.000973472255282104, 0.028053918853402138, -0.002078127348795533, -0.005704851355403662, -0.00030176041764207184, -0.0160874892026186, 0.008274114690721035, 0.010181063786149025, -0.00036195252323523164, 0.05278027430176735, 0.006571937818080187, -0.020093364641070366, 0.0182248093187809, 0.0016765800537541509, 0.01135850977152586, 0.01816081814467907, -0.012478362768888474, 0.0070518748834729195, -0.0038394962903112173, -0.025391869246959686, -0.01265753898769617, 0.0016269865445792675, 0.009566744789481163, -0.004089063499122858, 0.005682454444468021, -0.005016941577196121, 0.005708050914108753, -0.007595803588628769, 0.02792593650519848, 0.0004763375036418438, -0.0014958037063479424, 0.023792078718543053, -0.03145827353000641, -0.018199212849140167, -0.011768056079745293, 0.0015941908350214362, -0.005960817914456129, -0.0010558614740148187, -0.012228795327246189, 0.022243481129407883, 0.04369346797466278, -0.04195289686322212, -0.004553002770990133, 0.02792593650519848, 0.009329975582659245, -0.01598510332405567, 0.0176616832613945, -0.005154523532837629, -0.013451035134494305, 0.007813374511897564, -0.007019878830760717, 0.013284657150506973, 0.006427956745028496, -0.01626666635274887, -0.01595950685441494, -0.040084339678287506, -0.0055192760191857815, -0.018736742436885834, 0.00974592100828886, -0.0066551268100738525, 0.013271858915686607, -0.03563052415847778, 0.02278101071715355, 0.017584891989827156, -0.00039594803820364177, 0.023408127948641777, 0.02141159027814865, 0.009905900806188583, -0.010142669081687927, -0.01089137140661478, 0.002263702917844057, -0.0144749004393816, -0.004316233564168215, 0.02897539921104908, -1.2342130503384396e-05, 0.010852975770831108, 0.022768212482333183, -0.005093731917440891, 0.0029068186413496733, 0.013169472105801105, 0.00794775690883398, -0.02941054105758667, 0.005391292739659548, 0.037396691739559174, -0.026236558333039284, -0.002401284873485565, -0.00574964564293623, -0.004188250284641981, 0.0012646340765058994, -0.017008967697620392, -0.028207499533891678, 0.00033575596171431243, 0.011953631415963173, 0.011025753803551197, -0.034350693225860596, -0.002516469918191433, 0.0179432462900877, -0.0155243631452322, -0.0014382113004103303, 0.0018573562847450376, 0.022921793162822723, 0.003311565611511469, -0.007135063875466585, -0.014244531281292439, -0.010481825098395348, -0.01921027898788452, 0.02191072516143322, 0.02581421285867691, 0.007493416778743267, 0.02869383618235588, 0.024995120242238045, -0.013719799928367138, 0.005109729710966349, -0.02150117978453636, -0.00731424055993557, 0.016625018790364265, 0.0007950956933200359, 0.025148700922727585, 0.012120009399950504, 0.013451035134494305, -0.022205086424946785, -0.02546865865588188, -0.00783897191286087, -0.02228187583386898, 0.010763388127088547, 0.006623131223022938, -0.004674586467444897, 0.01626666635274887, 0.009790715761482716, -0.004457015078514814, 0.013809388503432274, -0.01883912831544876, -0.016215473413467407, 0.003887489903718233, -0.0206436924636364, 0.017751270905137062, 0.048044897615909576, -0.035220980644226074, -0.0045945970341563225, 0.00034095527371391654, -0.0021405192092061043, 0.013707001693546772, -0.022486649453639984, 0.00830611027777195, -0.009138001129031181, 0.0021853132639080286, -0.01800723746418953, 0.022793808951973915, 0.013323051854968071, 0.0011478493688628078, -0.005743246525526047, -0.01624106988310814, -0.007474219426512718, -0.011211329139769077, 0.014897245913743973, 0.006255179177969694, -0.012036820873618126, -0.015665145590901375, -0.019901389256119728, 0.03819018974900246, -0.0012318383669480681, 0.00048113687080331147, 0.01346383336931467, 0.00020237344142515212, 0.03133029118180275, 0.023779280483722687, -0.0008878835360519588, 0.01329745538532734, 0.012676737271249294, -0.00984190870076418, 0.008402097970247269, 0.007813374511897564, 0.014423707500100136, -0.018237607553601265, 0.011601678095757961, -0.004511408042162657, 0.014577287249267101, 0.00026776487356983125, 0.0018765537533909082, -0.004009074065834284, -0.025417465716600418, 0.004840964917093515, -0.01667621172964573, 0.024035247042775154, 0.02448318712413311, 0.00038234982639551163, -0.014014161191880703, -0.019479043781757355, -0.02509750798344612, 0.00042954363743774593, 0.014436505734920502, 0.0014590085484087467, -0.006191187538206577, -0.0006351166521199048, 0.012235194444656372, -0.005432887002825737, -0.006501547060906887, 0.010001887567341328, 0.013860581442713737, -0.02228187583386898, -0.008914030157029629, 0.005432887002825737, -0.006139994598925114, -0.004773773718625307, -0.02424001879990101, 0.00392908463254571, 0.030076054856181145, -0.007448622956871986, 0.01441090926527977, -0.019440649077296257, 0.004866561386734247, -0.005420088768005371, -0.02017015404999256, 0.024406397715210915, -0.001980540109798312, -0.009976291097700596, 0.030792759731411934, 0.020400524139404297, 0.026825280860066414, 0.013207866810262203, 0.00154379743617028, 0.049324728548526764, -0.003375557018443942, -0.01176165696233511, -0.0021805139258503914, -0.0077429842203855515, -0.0001909749407786876, 0.00404426921159029, 0.012049619108438492, 0.0019709414336830378, -0.009349172934889793, 0.020003775134682655, 0.012337581254541874, 0.041978493332862854, 0.008722055703401566, 0.0023244949989020824, -0.009509152732789516, -0.009042013436555862, -0.0027948333881795406, 0.01667621172964573, -0.010635404847562313, -0.00480256974697113, -0.011396904475986958, -0.0061207967810332775, -0.005682454444468021, -0.013489429838955402, -0.022537842392921448, -0.004322632681578398, -0.03325003758072853, -0.014180539175868034, 0.0034427482169121504, -0.019389456138014793, -0.00010023685172200203, 0.015613951720297337, -0.018698345869779587, -0.007717387285083532, -0.02581421285867691, 0.020374927669763565, 0.02348491922020912, 0.00478017283603549, -0.0018301599193364382, 0.018480775877833366, -0.004037870094180107, -0.018762338906526566, 0.030101651325821877, -0.009566744789481163, 0.03294287621974945, -0.010021084919571877, 0.016471438109874725, -0.022550640627741814, -0.01043063122779131, 0.01323346421122551, -0.01626666635274887, 0.014910044148564339, 0.0006791108753532171, 0.020042169839143753, 0.00392908463254571, -0.010456227697432041, 0.006731916684657335, 0.04691864550113678, 0.01589551381766796, -0.007704589050263166, -0.015972305089235306, 0.0045945970341563225, 0.016804195940494537, -0.014897245913743973, -0.0073462361469864845, -0.015319590456783772, -0.0017501703696325421, -0.005922423209995031, 0.0016733804950490594, -0.03534896299242973, 0.0026348542887717485, -0.0028156305197626352, -0.013796590268611908, -0.01598510332405567, -0.012580749578773975, -0.0048281666822731495, -0.02147558331489563, 0.14651517570018768, 0.018890321254730225, 0.025455860421061516, -0.007307841442525387, 0.02023414522409439, 0.003213978372514248, -0.023011380806565285, -0.0016381851164624095, -0.004719380754977465, -0.005557670723646879, -0.005071334540843964, -0.023408127948641777, 0.013022291474044323, -0.001589391496963799, 0.013553421944379807, 0.0001478805934311822, 0.00541688920930028, -0.024188825860619545, 0.04277198761701584, -0.0039930762723088264, 0.01162087544798851, -0.007019878830760717, -0.00262685539200902, 0.016970572993159294, 0.006725517567247152, -0.005938421003520489, 0.003018803894519806, 0.014692472293972969, 0.0070262779481709, -0.016228271648287773, 0.007058274000883102, -0.008331706747412682, -0.0195558350533247, -0.0015797927044332027, 0.008414896205067635, -0.00664872769266367, 0.015038027428090572, 0.003577130613848567, 0.003964279778301716, -0.01261274516582489, 0.04520367085933685, 0.00929797999560833, 0.002879622159525752, -0.031099919229745865, -0.007141462992876768, -0.01809682510793209, 0.0031707840971648693, 0.034632254391908646, 0.004357828292995691, -0.008421295322477818, 0.05173081159591675, -0.0012222396908327937, -0.009521950967609882, -0.01918468251824379, -0.009208391420543194, -0.0035739310551434755, 0.042260054498910904, 0.01574193499982357, -0.0027164435014128685, 0.012184001505374908, -0.009131602011620998, -0.02321615442633629, -0.01828880049288273, -0.011364908888936043, 0.0015365984290838242, -0.021066036075353622, -0.03598887845873833, -0.015166009776294231, -0.011588879860937595, -0.03406912833452225, 0.0027340413071215153, 0.004031470976769924, -0.012273590080440044, 0.012203198857605457, 0.015242800116539001, 0.0023292943369597197, 0.008440492674708366, 0.003033202141523361, 0.029180170968174934, -0.012062417343258858, 0.010948963463306427, -0.012414371594786644, -0.0014494098722934723, -0.021680355072021484, -0.004162653815001249, 0.011992027051746845, -0.00822931993752718, -0.009042013436555862, -0.0001405815564794466, -0.021296406164765358, -0.006936689838767052, 0.010718593373894691, 0.006879097316414118, -0.017956044524908066, -0.013809388503432274, 0.00624558050185442, 0.010053081437945366, 0.003599527757614851, -0.020323732867836952, 0.01216480415314436, -0.0009614738519303501, 0.0023420928046107292, -0.002860424807295203, 0.011832047253847122, 0.003724311478435993, -0.00112945178989321, -0.013387043960392475, -0.0019085495732724667, -0.003772305091843009, -0.006421557627618313, 0.026172565296292305, -0.03573291003704071, 0.01698337122797966, -0.016842590644955635, 0.011505690403282642, 0.035323366522789, 0.0011822448577731848, 0.005458483938127756, 0.01921027898788452, -0.007480618543922901, -0.002895620185881853, -0.024675162509083748, 0.02073328010737896, 0.03793422132730484, -0.019453447312116623, -0.0007179058156907558, -0.03353160247206688, -0.02398405410349369, -0.014103749766945839, -0.013399842195212841, 0.006405559368431568, 0.026415733620524406, 2.123158992617391e-06, -0.0004499409697018564, -0.03150946646928787, -0.024188825860619545, -0.01059700921177864, 0.01803283393383026, -0.005010542459785938, -0.024534381926059723, 0.009534749202430248, -0.00941956415772438, -0.006789509207010269, -0.03470904752612114, -0.00844689179211855, -0.04118499532341957, -0.007621400058269501, -0.008376500569283962, -0.008216521702706814, 0.014782060869038105, -0.0025532650761306286, -0.007922160439193249, -0.011537685990333557, 0.026518121361732483, -0.012779123149812222, -0.027414003387093544, 0.0058648306876420975, -0.023049775511026382, 0.010341043584048748, 0.012811118736863136, 0.03470904752612114, -0.01691938005387783, 0.0006027209456078708, -0.0037179121281951666, 0.005256910342723131, -0.0038554940838366747, 0.01617707684636116, 0.004223445896059275, -0.014359716325998306, 0.02138599380850792, 0.014014161191880703, 0.0011670468375086784, 0.011160136200487614, 0.0013974166940897703, 0.015972305089235306, -0.0030603983905166388, 0.0034811433870345354, -0.026569314301013947, -0.004220246337354183, -0.00861326977610588, -0.02692766673862934, -0.025238288566470146, 0.0053241015411913395, 0.002033333294093609, -0.011940833181142807, -0.02969210408627987, -0.0013414239510893822, 0.015191607177257538, 0.0024204824585467577, -0.02023414522409439, 0.0080437446013093, -0.010245055891573429, 0.018506372347474098, -0.01256795134395361, -0.008882034569978714, -0.019235875457525253, -0.002354891039431095, 0.02057969942688942, 0.0038554940838366747, -0.002625255612656474, 0.0013334250543266535, 0.008792445994913578, -0.021270809695124626, -0.004002674948424101, -0.0020525306463241577, 0.035374559462070465, -0.017162548378109932, -0.0020301337353885174, 0.030920743942260742, -0.0187495406717062, -0.01868554763495922, -0.04057067632675171, -0.014807657338678837, -0.02404804527759552, 0.006712719332426786, -0.000411945948144421, -0.005288905929774046, -0.004207448102533817, -0.003266771323978901, -0.030767163261771202, -0.0008670862298458815, 0.010437030345201492, 0.010942564345896244, -0.014282925985753536, -0.0022956987377256155, 0.007365433499217033, -0.021552372723817825, -0.020720481872558594, 0.018045632168650627, 0.02550705336034298, 0.01744411140680313, 0.015038027428090572, 0.033429212868213654, 0.030024860054254532, -0.013399842195212841, 0.01890311948955059, 0.027414003387093544, -0.008626068010926247, -0.03534896299242973, 0.0012982296757400036, -0.00012298386718612164, -0.016842590644955635, -0.0044314186088740826, -0.018544767051935196, 0.00782617274671793, 0.002783634699881077, -0.011992027051746845, 0.007531811948865652, -0.01698337122797966, -0.024598373100161552, -0.016407446935772896, 0.007583004888147116, -0.030997533351182938, -0.002310096984729171, 0.0039482819847762585, -0.012727930210530758, 0.01986299455165863, -0.01521720364689827, 0.026415733620524406, 0.02107883431017399, -0.022857800126075745, 0.00574964564293623, 0.009022816084325314, 0.00411465996876359, -0.023907262831926346, -0.013412640430033207, -0.01595950685441494, 0.007288643624633551, -0.010641803964972496, 0.01626666635274887, 0.0011686466168612242, -0.02674849145114422, 0.025123104453086853, 0.01648423634469509, 0.016381850466132164, 0.008389299735426903, -0.017188144847750664, -0.006044006906449795, -0.03627043962478638, -0.0018093625549227, 0.002454078057780862, 0.013579018414020538, 0.006139994598925114, -0.019415052607655525, -0.003053999273106456, -0.0030220034532248974, -0.034657854586839676, -0.012983896769583225, 0.0043322318233549595, 0.012299186550080776, -0.011332913301885128, -0.01140330359339714, 0.0035611328203231096, -0.017469707876443863, -0.005074534099549055, 0.026543717831373215, -0.0004675386589951813, 0.02321615442633629, -0.02612137235701084, 0.01859595999121666, -0.012331182137131691, 0.011832047253847122, -0.023907262831926346, -0.025187095627188683, 0.01813521981239319, -0.02941054105758667, 0.013643009588122368, -0.019888591021299362, -0.02578861638903618, -0.023907262831926346, -0.009957093745470047, 0.004914555232971907, 0.028770625591278076, -0.020246943458914757, 0.0025452659465372562, -0.02265302836894989, 0.02324175089597702, -0.033301230520009995, -0.0013726198812946677, 0.04174812138080597, -0.0049337525852024555, -0.0281051117926836, 0.023267347365617752, -0.0014942039269953966, 0.010206661187112331, 0.03299407288432121, 0.0018301599193364382, 0.012555153109133244, -0.01840398460626602, 0.0011838446371257305, 0.023267347365617752, 0.03481143340468407, -0.0017389717977494001, -0.011518488638103008, -0.01744411140680313, 0.01624106988310814, -0.023011380806565285, 0.006098399870097637, -0.0024092840030789375, -0.025839809328317642, 0.00783897191286087, -0.0025324677117168903, -0.004466613754630089, 0.015665145590901375, 0.0037627064157277346, -0.034657854586839676, -0.025711826980113983, 0.008331706747412682, 0.014142144471406937, -0.011326514184474945, -0.04753296449780464, 0.026569314301013947, 0.01905670017004013, 0.02956412173807621, -0.019722212105989456, 0.02575022168457508, -0.02615976706147194, 0.014833253808319569, 0.027106843888759613, -0.004127458669245243, 0.012222396209836006, -0.007563807535916567, 0.007960555143654346, 0.020694885402917862, -0.005836034193634987, 0.022640230134129524, -0.015818724408745766, -0.010718593373894691, 0.0067063202150166035, -0.01374539639800787, 0.009502753615379333, 0.014423707500100136, -0.010904169641435146, -0.035374559462070465, -0.009502753615379333, 0.01368140522390604, 0.018544767051935196, 0.013207866810262203, -0.020912455394864082, 0.0016445842338725924, -0.00883084163069725, -0.005228113848716021, -0.0056248619221150875, 0.010379438288509846, 0.015230001881718636, -0.018480775877833366, -0.009323576465249062, 0.0005107329925522208, 0.00883084163069725, -0.010353841818869114, 0.002850825898349285, -0.03263571858406067, -0.01148009393364191, -0.008408497087657452, -0.008453290909528732, -0.014398111030459404, -0.01382218673825264, -0.020618094131350517, -0.012215997092425823, 0.044358979910612106, -0.016100287437438965, -0.0013462234055623412, -0.0005847233114764094, -0.0004503409145399928, -0.012926303781569004, -0.010238656774163246, -0.00849168561398983, 0.018941514194011688, -0.03516978397965431, -0.0158059261739254, 0.027721162885427475, -0.026697296649217606, 0.013527825474739075, -0.01081458106637001, 0.0144749004393816, -0.004962549079209566, -0.012369576841592789, -0.02522549033164978, 0.02079727128148079, 0.0054808808490633965, -0.006443954538553953, -0.0013798190047964454, 0.0042426432482898235, 0.0012758326483890414, -0.021398792043328285, -0.013489429838955402, -0.004879359621554613, -0.011812849901616573, 0.004559401888400316, 0.006092000752687454, -0.03145827353000641, -0.03355719894170761, 0.0018525569466874003, 0.0005691253463737667, 0.009138001129031181, 0.01583152264356613, 0.22934590280056, 0.015114816837012768, -0.001076658722013235, 0.02674849145114422, -0.036091264337301254, 0.013335850089788437, 0.012081614695489407, 0.028028322383761406, -0.02476475015282631, 0.004863361828029156, -0.015767531469464302, 0.0012110411189496517, 0.011928034946322441, 0.010264253243803978, 0.014833253808319569, 0.010993757285177708, -0.02718363329768181, -0.03368518128991127, -0.014833253808319569, -0.044077418744564056, 0.006392761133611202, -0.005672855768352747, 0.006450353655964136, -0.009457958862185478, 0.02553264982998371, 0.019632624462246895, -0.015972305089235306, 0.024073641747236252, 0.03253333270549774, 0.0010982558596879244, -0.017648885026574135, -0.00527610769495368, -0.02633894421160221, -0.0073910304345190525, 0.005221714731305838, 0.0005259310128167272, -0.023203356191515923, -0.009457958862185478, -0.006975085008889437, 0.0021789141464978456, -0.02036212757229805, 0.0031179909128695726, 0.0374990813434124, -0.014833253808319569, -0.016906581819057465, 0.025635037571191788, 0.024713557213544846, -0.01744411140680313, 0.015639547258615494, 0.0021981114987283945, -0.007794177625328302, -0.029666507616639137, 0.004226645454764366, 0.02749079279601574, -0.0025372670497745275, -0.001778966630809009, 0.01571633853018284, 0.007423026021569967, -0.011691265739500523, 0.020400524139404297, 0.018199212849140167, 0.01726493425667286, -0.00478017283603549, 0.010929766111075878, -0.008030946366488934, 0.02432960830628872, -0.029026592150330544, 0.012420770712196827, 0.016906581819057465, -0.02615976706147194, -0.0010142669780179858, -0.022985784336924553, 0.006223183590918779, -0.013668606989085674, -0.004543404094874859, -0.024495985358953476, 0.02956412173807621, 0.02184673398733139, 0.024777548387646675, 0.002086126245558262, 0.0031947807874530554, 0.01778966560959816, 0.005957618355751038, 0.007256648037582636, 0.017034564167261124, -0.032098188996315, 0.026236558333039284, -0.008069341070950031, -0.018455179408192635, 0.013783791102468967, 0.038164593279361725, -0.006239181384444237, -0.018301598727703094, -0.004824967123568058, 0.006207185797393322, 0.0023052976466715336, -0.03253333270549774, 0.022486649453639984, -0.025737423449754715, 0.014090951532125473, -0.004316233564168215, 0.03954681009054184, 0.006885496433824301, -0.005592866335064173, -0.011492892168462276, 0.0035035402979701757, 1.1442249160609208e-05, 0.008440492674708366, 0.014308522455394268, -0.0013046287931501865, -0.04103141650557518, -0.01059700921177864, 0.006136795040220022, -0.0009582742932252586, 0.011249723844230175, 0.020874060690402985, -0.007787778042256832, -0.03762706369161606, 0.02910338155925274, -0.020720481872558594, -0.009720324538648129, -0.02823309600353241, 0.010347442701458931, 0.0007710988284088671, 0.0013598216464743018, 0.008414896205067635, 0.005052137188613415, 0.015933910384774208, 0.006357565987855196, -0.035374559462070465, 0.018928715959191322, -0.013099081814289093, -0.012273590080440044, 0.03675677627325058, -0.02854025550186634, 0.0035451347939670086, 0.011249723844230175, -0.001778966630809009, -0.0076917908154428005, 0.011326514184474945, 0.00395148154348135, 0.008946026675403118, 0.01624106988310814, -0.03046000376343727, -0.0007191056502051651, -0.008357303217053413, 0.03926524892449379, 0.009656333364546299, -0.031816624104976654, 0.0038266978226602077, -0.021590767428278923, 0.02271701954305172, 0.017060162499547005, 0.004037870094180107, 0.013809388503432274, 0.010405034758150578, -0.016561027616262436, -0.016625018790364265, -0.05042538419365883, 0.009726723656058311, -0.04205528274178505, -0.008267715573310852, 0.012094412930309772, -0.009387568570673466, -0.004002674948424101, 0.004741777665913105, -0.1598254293203354, 0.031688641756772995, 0.007154261227697134, 0.004309834446758032, 0.03120230697095394, 0.006251979619264603, 0.00968192983418703, -0.012273590080440044, -0.03250773623585701, 0.0070966687053442, 0.01946624554693699, -0.021117229014635086, -0.020963650196790695, 0.028053918853402138, 0.002327694557607174, 0.002569262869656086, -0.02086126245558262, 0.0019245474832132459, -0.016944976523518562, 0.009592341259121895, 0.018506372347474098, -0.020374927669763565, 0.01103215292096138, -0.03819018974900246, 0.02333133853971958, 0.03883010521531105, -0.0021517176646739244, 0.011800051666796207, -0.008837240748107433, 0.012503959238529205, 0.003743508830666542, 0.009336374700069427, 0.024431994184851646, 0.001382218673825264, 0.015818724408745766, 0.01667621172964573, 0.0020637293346226215, -0.006571937818080187, -0.0030571988318115473, 0.032430946826934814, 0.030178440734744072, 0.03325003758072853, 0.009406765922904015, -0.0021773143671453, -0.0029596115928143263, 0.020157355815172195, 0.0070006814785301685, 0.01307988353073597, 0.02535347454249859, 0.003121190471574664, 0.0038394962903112173, -0.038548544049263, -0.0163306575268507, -0.0026364540681242943, 0.0008838840294629335, 0.0016093888552859426, 0.0080437446013093, 0.013758194632828236, 0.002170915249735117, -0.003317964728921652, 0.014807657338678837, -0.01441090926527977, 0.01100015640258789, 0.004584998358041048, -0.013860581442713737, 0.021654758602380753, 0.019939783960580826, -0.026978859677910805, -0.010712194256484509, -0.025404667481780052, -0.012452766299247742, -0.020784473046660423, -0.022038709372282028, -0.015754733234643936, 0.01853196881711483, 0.008312509395182133, -0.014833253808319569, 0.02823309600353241, -0.028130710124969482, -0.013412640430033207, 0.024508783593773842, 0.017866455018520355, -0.012855913490056992, -0.03629603981971741, -0.015293993055820465, 0.014372514560818672, -0.02051570825278759, -0.011748858727514744, 0.026262154802680016, -0.024559978395700455, 0.017367321997880936, -0.032456543296575546, 2.1997113435645588e-05, -0.00395148154348135, 0.016561027616262436, -0.0008838840294629335, 0.016573825851082802, 0.019415052607655525, 0.011185732670128345, -0.02001657336950302, -0.0004215446824673563, -0.0206436924636364, -0.036116860806941986, 0.0007638997631147504, 0.0020429319702088833, 0.0012278389185667038, -0.005157723091542721, 0.019018305465579033, 0.029308155179023743, 0.004514607600867748, -0.016714606434106827, -0.011230526491999626, 0.0003663519455585629, 0.02060529589653015, 0.003685916308313608, 0.0176616832613945, 0.010136269964277744, -0.022678624838590622, 0.010449828580021858, -0.013553421944379807, 0.052293937653303146, 0.019888591021299362, 0.003369157901033759, -0.004434618167579174, -0.015178808942437172, 0.022614633664488792, -0.11047510802745819, -0.007205454632639885, 0.006719118449836969, 0.035067398101091385, -0.0019389456138014793, -0.002050930866971612, -0.007371832616627216, 0.02075887657701969, -0.044768527150154114, 0.015703540295362473, -0.0177000779658556, -0.019965380430221558, -0.003317964728921652, -0.014026959426701069, 0.015063623897731304, 0.014449303969740868, -0.020259741693735123, -0.009221190586686134, -0.013591816648840904, 0.0030156043358147144, -0.009585942141711712, -0.008434093557298183, -0.014078153297305107, 0.00046793860383331776, 0.004876160062849522, -0.016944976523518562, 0.005080933216959238, 0.033429212868213654, 0.021744346246123314, 0.003266771323978901, -0.007551009301096201, -0.006975085008889437, 0.0013726198812946677, -0.002423682017251849, 0.016215473413467407, 0.01256795134395361, -0.01589551381766796, -0.011640072800219059, 0.010309047065675259, -0.02749079279601574, 0.007371832616627216, 0.019082296639680862, -0.006975085008889437, -0.032456543296575546, -0.0018557565053924918, -0.004796170629560947, -0.0006035208352841437, 0.0004631392366718501, 0.02766996994614601, -0.007864568382501602, 0.013630211353302002, 0.004700183402746916, -0.006674324162304401, 0.006629530340433121, -0.01117293443530798, -0.008280513808131218, 0.015818724408745766, 0.023139365017414093, -0.03952121362090111, -0.002810831181704998, 0.021731548011302948, -0.015178808942437172, 0.0019709414336830378, -0.01933826319873333, -0.008069341070950031, -0.010948963463306427, -0.018915917724370956, 0.004636191762983799, -0.003842695849016309, -0.020182952284812927, -0.007870967499911785, -0.022166691720485687, -0.01301589235663414, 0.03289168328046799, -0.004840964917093515, -0.01722653955221176, -0.019760606810450554, -0.014602883718907833, -0.007455022074282169, -0.0160874892026186, -0.007192656397819519, 0.013643009588122368, 0.029948070645332336, -0.005487279966473579, 0.030101651325821877, 0.025775818154215813, 0.00470978207886219, 0.014986833557486534, -0.006616732105612755, -6.744114944012836e-05, -0.019325464963912964, 0.00915719848126173, 0.014385312795639038, -0.05188439413905144, -0.008101336658000946, 0.021053237840533257, -0.012503959238529205, -0.0021677156910300255, -0.011787253431975842, -0.0036155255511403084, -0.0158059261739254, -0.0006991082918830216, -0.04558761790394783, 0.013719799928367138, -0.017751270905137062, -0.0014966035960242152, 0.016202673316001892, -0.010193862952291965, 0.02082286775112152, -0.02289619669318199, -0.03030642308294773, 0.01968381740152836, -0.018826330080628395, 0.032430946826934814, 0.005922423209995031, -0.0021645158994942904, -0.021206818521022797, 0.0031883816700428724, 0.02649252489209175, -0.0063607655465602875, 0.023625699803233147, 0.01970941387116909, -0.01323346421122551, -0.003577130613848567, 0.0005247311783023179, 0.02215389348566532, -0.011307316832244396, 0.012439968064427376, -0.021577969193458557, 0.006559139583259821, -0.006475950125604868, -0.0016893784049898386, 0.01778966560959816, -0.005890427157282829, -0.009074009954929352, 0.015562757849693298, 0.01816081814467907, 0.0035099394153803587, -0.012516757473349571, 0.008158929646015167, 0.00991869904100895, 0.04942711442708969, 0.000420344847952947, -0.038036610931158066, 0.01667621172964573, -0.026146968826651573, 0.0022381064482033253, 0.01837838813662529, 0.002494072774425149, 0.044486962258815765, 0.01214560680091381, -0.002983608515933156, -0.002783634699881077, 0.024368003010749817, 0.005109729710966349, -0.023190557956695557, -0.0048345657996833324, -0.03724311292171478, 0.004840964917093515, 0.002950012916699052, -0.007455022074282169, -0.015588355250656605, 0.012926303781569004, 0.003794702235609293, -0.010795383714139462, 0.013783791102468967, 0.014385312795639038, -0.018762338906526566, -0.002950012916699052, -0.009138001129031181, 0.012363177724182606, -0.040212325751781464, -0.01598510332405567, -0.0066615259274840355, -0.000355753320036456, -0.006488748826086521, -0.013579018414020538, -0.006280776113271713, 0.00395148154348135, 0.009739521890878677, -0.012484761886298656, -0.012772724032402039, 0.0080437446013093, -0.015306791290640831, 0.007487017661333084, 0.01992698572576046, 0.013719799928367138, 0.04220886155962944, 0.01617707684636116, 0.0021245211828500032, 0.01190243847668171, 0.01323346421122551, 0.013438236899673939, 0.02097644843161106, -0.0012318383669480681, 0.006475950125604868, 0.003391555044800043, 9.033814421854913e-05, -0.002390086418017745, 0.02897539921104908, -0.0160874892026186, 0.002874822821468115, 0.010181063786149025, 0.012196799740195274, -0.016445841640233994, -0.0060152108781039715, -0.010584210976958275, 0.008222920820116997, -0.03207259252667427, -0.03877891227602959, -0.009912299923598766, -0.0010814580600708723, 0.010264253243803978, 0.027465196326375008, 0.013617413118481636, 0.02897539921104908, -0.019235875457525253, 0.02581421285867691, 0.011128139682114124, -0.026441330090165138, 0.0012734329793602228, 0.018045632168650627, -0.00033915549283847213, 0.010379438288509846, 0.017623288556933403, -0.02228187583386898, 0.023817675188183784, 0.007493416778743267, 0.01648423634469509, -0.013707001693546772, -0.02795153297483921, -0.00560886412858963, 0.024406397715210915, -0.0013774193357676268, -0.02147558331489563, -0.009477156214416027, -0.021552372723817825, 0.019658220931887627, 0.0009094806737266481, 0.01131371594965458, -0.029512928798794746, -0.0031883816700428724, 0.010846576653420925, -0.01337424572557211, 0.007307841442525387, 0.010449828580021858, 0.030101651325821877, -0.0031547860708087683, 0.01448769960552454, 0.0007742983871139586, 0.004194649867713451, 0.02448318712413311, 0.000575924466829747, 0.01091056875884533, -0.023228952661156654, -0.013271858915686607, -0.01283031702041626, -0.005132126621901989, 0.03335242345929146, 0.010513820685446262, -0.005352897569537163, 0.004578599240630865, -0.025635037571191788, 0.026569314301013947, -0.00215331744402647, -0.00411465996876359, 0.002505271229892969, 0.011966429650783539, -0.0003559532924555242, -0.023715289309620857, -0.03849734738469124, 0.03396674245595932, 0.023868868127465248, -0.03900928050279617, -0.008286912925541401, 0.029538525268435478, -0.0008374901372008026, -0.0010454627918079495, 0.01682979241013527, -0.00255646463483572, -0.011089744977653027, -0.009675530716776848, 0.014462102204561234, -0.037140727043151855, -0.014154942706227303, 0.010097875259816647, -0.02411203645169735, -0.020374927669763565, -0.00030955940019339323, 0.002326094778254628]"
U47761,N22479 N55846 N53526 N872 N56460 N53520 N53354 N32089 N53074 N46033 N19079 N49647 N6441 N31225 N55576 N16384 N11821 N37075 N27642 N28614,"[-0.029726821929216385, -0.014800324104726315, 0.021361421793699265, -0.03010534681379795, -0.02153806760907173, 0.0036748459096997976, -0.006542172282934189, 0.0007113113533705473, -0.0011765816016122699, -0.0424957275390625, 0.000574096105992794, -0.0009502551984041929, 0.0011095511727035046, -0.00232950528152287, 0.005302502773702145, 0.003394106635823846, 0.04181438311934471, -0.006561098154634237, -0.0018374229548498988, -0.03136709704995155, -0.02939876727759838, -0.008346473798155785, -0.01158286165446043, 0.01049144845455885, -0.008889026008546352, -0.0029698433354496956, 0.009456814266741276, -0.019052419811487198, -0.0029808836989104748, -0.02745567262172699, 0.008043654263019562, -0.003949276637285948, -0.024780763313174248, -0.030029641464352608, -0.024276062846183777, -0.024288680404424667, -0.004340419080108404, -0.005854518618434668, 0.015456433407962322, -0.001517253927886486, 0.008428487926721573, -0.008668220601975918, -0.010485139675438404, 0.0010977222118526697, -0.021550685167312622, 0.017576172947883606, -0.004006055183708668, -0.007065798155963421, -0.019203830510377884, 0.010800576768815517, 0.04130968451499939, -0.017992550507187843, -0.01980946958065033, -0.029726821929216385, -0.0005599014111794531, 0.005261496175080538, -0.008636676706373692, 0.029020242393016815, 0.008138285018503666, -0.013071727007627487, -0.009053054265677929, 0.00956406258046627, 0.0030376622453331947, 1.9357506971573457e-05, -0.012541791424155235, -0.006135257892310619, 0.0010858933674171567, 0.016541538760066032, -0.025424255058169365, -0.014383946545422077, 0.05748531594872475, 0.02556304819881916, -0.019923027604818344, 0.009955205023288727, 0.00525203300639987, -0.014055890962481499, -0.02219417691230774, -0.025184523314237595, 0.008232916705310345, -0.018762217834591866, 0.009280168451368809, 0.0041069951839745045, 0.006289822049438953, 0.01052930112928152, 0.01669294759631157, 0.0017301742918789387, 0.013134813867509365, 0.02720332331955433, -0.003482429077848792, -0.005829283501952887, -0.013942333869636059, 0.013601661659777164, -0.001356380875222385, 0.010541918687522411, 0.0003312093031127006, 0.03964417427778244, -0.0008642985485494137, 0.01539334561675787, -0.013778306543827057, -0.027405202388763428, -0.01651630364358425, -0.015469050966203213, -0.023783981800079346, -0.018749600276350975, 0.008144593797624111, -0.007564189378172159, -0.007551571819931269, -0.013336693868041039, 0.02368304133415222, -0.02581539750099182, -0.0179168451577425, -0.012447160668671131, 0.013879246078431606, -0.030912866815924644, -0.005163710564374924, -0.016364892944693565, -0.017765436321496964, -0.018472015857696533, -0.01886315830051899, -0.006299285218119621, 0.003895652014762163, 0.0028137017507106066, 0.019519267603754997, -0.014030656777322292, 0.00919184647500515, 0.005681028123944998, 0.002506150398403406, -0.020402492955327034, 0.01278152409940958, 0.00284209125675261, 0.024212976917624474, -0.00044594964128918946, 0.016528921201825142, -0.009248625487089157, -0.00011888047447428107, -0.003860953962430358, -0.013311458751559258, -0.010844738222658634, -0.007065798155963421, -0.01864865981042385, 0.016566773876547813, 0.04171344265341759, -0.008756542578339577, -0.010787960141897202, -0.011103397235274315, -0.009986748918890953, -0.006990093272179365, 0.008554662577807903, 0.01409374363720417, -0.005520154722034931, -0.0006671501323580742, -0.014232536777853966, -0.001122957211919129, 0.009747016243636608, 0.010598697699606419, 0.04113303869962692, 0.0046243127435445786, 0.006289822049438953, -0.017841139808297157, -0.031139982864260674, 0.013134813867509365, 0.015860192477703094, 0.002376820892095566, 0.010598697699606419, 0.001500693499110639, 0.022850286215543747, 0.006706199608743191, 0.011551318690180779, -0.031695153564214706, -0.01910289004445076, 0.020957661792635918, -0.0008240802562795579, -0.015216700732707977, 0.014724618755280972, 0.005106932017952204, 0.011614405550062656, -0.014611061662435532, 0.007898553274571896, -0.02363257110118866, -0.0047063264064490795, -0.046003393828868866, 0.0027458828408271074, 0.033537305891513824, 0.0371711440384388, -0.00673774303868413, -0.022560084238648415, 0.015948515385389328, -0.027783727273344994, -0.015860192477703094, -0.005154247395694256, 0.004460284952074289, 0.025146670639514923, -0.004397197626531124, -0.015002203173935413, -0.6472271084785461, 0.014497503638267517, 0.024906938895583153, 0.021159542724490166, 0.0269762072712183, 0.015065290965139866, 0.021083837375044823, 0.014762471430003643, -0.02838936820626259, 0.007368618156760931, -0.004643238615244627, 0.02314048819243908, -0.0044508217833936214, -0.008737616240978241, 0.016415363177657127, -0.019670678302645683, 0.009500974789261818, -0.028086548671126366, -0.006002773996442556, 0.0013106424594298005, 0.001862657954916358, 0.015431198291480541, -0.015380728989839554, -0.00790486205369234, 0.00764620304107666, 0.0011789473937824368, 0.005460221786051989, -0.005791430827230215, -0.004936595447361469, 0.010895208455622196, 0.0033436366356909275, 0.05375053733587265, 0.0010472522117197514, 0.016062073409557343, 0.05064663290977478, -0.034773822873830795, 0.004002900794148445, 0.030963337048888206, 0.015216700732707977, 0.001809033565223217, -0.031871795654296875, 0.005699953995645046, -0.007747143041342497, 0.01016970258206129, 0.007923788391053677, -0.003083400661125779, -0.008706072345376015, 0.0025392712559551, 0.03681785613298416, 0.015342876315116882, 0.015645695850253105, 0.004901897627860308, -0.010705946013331413, 0.0006170744309201837, -0.024452708661556244, -0.000924231659155339, 0.018572954460978508, -0.014964351430535316, 0.005870290566235781, 0.01959497295320034, -0.006712508387863636, 0.014775088988244534, -0.015077908523380756, -0.004122767131775618, -0.004441359080374241, 0.010201246477663517, -0.02361995354294777, 0.020654842257499695, -0.017386911436915398, 0.019771616905927658, 0.007684055715799332, 0.022257264703512192, -0.01073748990893364, 0.022496996447443962, 0.03585892543196678, 0.016907446086406708, 0.039997465908527374, 0.002977729309350252, 0.011034000664949417, 0.0036590739618986845, 0.017361676320433617, -0.03010534681379795, -0.022345587611198425, -0.020591754466295242, -0.0041322303004562855, -0.01956973783671856, -0.035505637526512146, 0.023746129125356674, -0.006327674724161625, -0.025638753548264503, 0.009702854789793491, 0.029474472627043724, -0.004807266406714916, -0.019153360277414322, -0.004296257626265287, -0.014964351430535316, -0.003258468583226204, 0.0022017532028257847, 0.016074690967798233, -0.02030155248939991, -0.0005780390929430723, 0.0018058791756629944, 0.019733764231204987, 0.0010401548352092505, 0.011128632351756096, -0.017576172947883606, -0.01336192898452282, 0.01001829281449318, 0.045296814292669296, -0.005390825681388378, -0.0007665129378437996, 0.005163710564374924, -0.007753451820462942, -0.018547719344496727, -0.016629859805107117, -0.01644059829413891, -0.01481294073164463, -0.0082266079261899, 0.007267678156495094, 0.006504319608211517, 0.02914641797542572, 0.01718503050506115, 0.020364640280604362, -0.01409374363720417, 0.005138475447893143, 0.02033940516412258, 0.007923788391053677, 8.033796621020883e-05, -0.018800070509314537, 0.011709037236869335, 0.0019036647863686085, -0.004163773730397224, 0.03159421309828758, 0.004321492742747068, 0.002480915281921625, -0.01960759051144123, -0.0033373278565704823, -0.0026686005294322968, 0.02316572330892086, -0.0029793065041303635, -0.0057567330077290535, -0.0003189861017744988, 0.0012901390437036753, 0.012649040669202805, 0.006110022775828838, -0.025159288197755814, 0.00758942449465394, 0.011999239213764668, 0.003258468583226204, 0.017374293878674507, 0.0065674069337546825, 0.012125414796173573, -0.013437634333968163, 0.02076840028166771, 0.021298334002494812, -0.013084344565868378, 0.015834959223866463, -0.007255060598254204, -0.025436872616410255, -0.009986748918890953, -0.014825558289885521, 0.032578375190496445, -0.03467288240790367, 0.0009195000748150051, 0.006586333271116018, 0.0021244711242616177, 0.008081506937742233, -0.003447731025516987, -0.0021812496706843376, -0.01410636119544506, 0.01027064211666584, -0.014888646081089973, -0.02416250668466091, -0.0039997464045882225, -0.005412905942648649, 0.006927005480974913, 0.011879373341798782, -0.01646583341062069, 0.01135574746876955, 0.004996528849005699, 0.009702854789793491, -0.002610244555398822, -0.024238212034106255, -0.007160429377108812, 0.034975700080394745, 0.021803034469485283, 0.01254810020327568, 0.029272591695189476, -0.020402492955327034, 0.004983911290764809, -0.008895334787666798, 0.004747333005070686, -0.0036022954154759645, 0.0073560005985200405, 0.014989586547017097, 0.0029430310241878033, -0.0008855905616655946, -0.00045028692693449557, -0.013525956310331821, -0.000637183606158942, 0.0038798802997916937, -0.019494032487273216, -0.005463376175612211, 0.009570371359586716, 0.01603683829307556, -0.020654842257499695, -0.009103523567318916, -0.0014257770963013172, 0.0017317513702437282, 0.0055264635011553764, -0.002096081618219614, 0.003526590298861265, -0.007475866936147213, -0.012958168983459473, -0.0019588663708418608, 0.0013603238621726632, -0.0009786445880308747, 0.01698315143585205, 0.004160619340837002, 0.004504446405917406, 0.020907191559672356, -0.019935645163059235, 0.003190649440512061, 0.019153360277414322, -0.012983404099941254, 0.02939876727759838, -0.003741087857633829, 0.005166864953935146, 0.008926878683269024, -0.007961640134453773, -0.0025471572298556566, 0.02248437888920307, 0.016339657828211784, 0.023796599358320236, -0.012857229448854923, -0.0037000810261815786, 0.018535101786255836, -0.02770802192389965, 0.05425523594021797, -0.028969772160053253, -0.02339283935725689, 0.01217588409781456, 0.013096961192786694, 0.001876852591522038, 0.009280168451368809, 0.006201499607414007, 0.03267931565642357, 0.011633331887423992, -0.014547973871231079, 0.01835845783352852, -0.025449490174651146, 0.006857609376311302, -0.009071980603039265, -0.012510248459875584, 0.009280168451368809, -0.019998732954263687, -0.006094250828027725, -0.0017554092919453979, 0.01646583341062069, 0.017084090039134026, 0.02606774866580963, 0.005848209839314222, 0.005699953995645046, -0.018270134925842285, 0.02813701704144478, -0.003816792741417885, -0.003996592015028, -0.005283576902002096, -0.0005524097941815853, 0.0020440344233065844, -0.012220045551657677, -0.0003416581603232771, -0.0005425523850135505, -0.011065544560551643, -0.0015393346548080444, 0.0028247421141713858, 0.0016702411230653524, 0.0014407604467123747, 0.045952923595905304, -0.0030455482192337513, -0.013740453869104385, 0.004223707132041454, 0.015923280268907547, 0.006072170101106167, -0.003507664194330573, -0.027077147737145424, 0.0103905089199543, 0.026118218898773193, 0.006479084491729736, 0.008201372809708118, 0.020465578883886337, 0.014194684103131294, 0.0008674528799019754, 0.008270769380033016, -0.015115761198103428, 0.009778560139238834, 0.03964417427778244, -0.0026339024771004915, 0.027506142854690552, -0.02939876727759838, 0.015077908523380756, -0.006308748386800289, -0.027758492156863213, 0.008119359612464905, -0.01910289004445076, 0.022042766213417053, -0.011696419678628445, -0.024894321337342262, -0.014598444104194641, -0.0353037565946579, 0.01697053387761116, -0.005715725943446159, 0.00435619056224823, 0.03348683565855026, 0.01003091037273407, -0.020844103768467903, -0.00041282872552983463, -0.010933061130344868, 0.00411330396309495, -0.008554662577807903, 0.034546706825494766, -0.008630367927253246, -0.03553087264299393, 0.023279281333088875, 0.127890944480896, -0.00704056303948164, 0.0036590739618986845, -0.0037284702993929386, -0.013551191426813602, 0.014964351430535316, 0.016554156318306923, -0.0279099028557539, 0.0032742402981966734, 0.00028113360167481005, 0.03431959077715874, -0.030685752630233765, 0.007444323040544987, 0.008630367927253246, 0.018774835392832756, 0.008434796705842018, -0.0193804744631052, -0.024654587730765343, 0.015040055848658085, -0.004491828847676516, 0.015910662710666656, -0.005406597163528204, 0.001512522459961474, 0.02290075644850731, -0.010415743105113506, -0.012257898226380348, 0.024932174012064934, 0.008195064030587673, -0.0017491005128249526, -0.027102382853627205, 0.007311839144676924, 0.011601787991821766, -0.007684055715799332, 0.02336760424077511, 0.0030944410245865583, 7.269846537383273e-05, 0.0103905089199543, 0.032401733100414276, 0.03434482589364052, 0.0017317513702437282, 0.002469874918460846, -0.0005906565929763019, 0.01983470469713211, -0.019481414929032326, -0.00220806198194623, -0.018686512485146523, 0.022030148655176163, 0.002154437592253089, 0.006450694985687733, -0.015822341665625572, 0.014989586547017097, -0.022080618888139725, -0.03633838891983032, -0.030382931232452393, 0.03267931565642357, -0.0075200279243290424, 0.01931738667190075, -0.009494666010141373, -0.012106488458812237, 0.02121001109480858, -0.0096902372315526, -0.01061762310564518, -0.0037379334680736065, 0.004264713730663061, -0.008642985485494137, -0.0246419720351696, -0.03136709704995155, 0.01218850165605545, -0.00908459722995758, -0.015128378756344318, 0.023948008194565773, -0.011305277235805988, -0.01715979538857937, -0.004583305679261684, 0.024793380871415138, -0.01171534601598978, 0.014018039219081402, 0.016907446086406708, -0.030761457979679108, -0.002946185413748026, -0.02533593401312828, -0.02170209400355816, -0.02146236225962639, -0.013702601194381714, -0.006611568387597799, -0.0017349057598039508, -0.011374672874808311, -0.008466340601444244, -0.014939116314053535, -0.03351207077503204, -0.012705819681286812, 0.0031922266352921724, 0.009608224034309387, -0.004618003964424133, -0.0002509698970243335, 0.0012341488618403673, -0.0033814890775829554, -0.004233170300722122, -0.004173236899077892, -0.006258278153836727, 0.0279099028557539, -0.010857355780899525, -0.003507664194330573, -0.010472522117197514, -0.005772504955530167, -0.0062330435030162334, -0.00128383026458323, 0.0054192147217690945, 0.009349565021693707, -0.026597682386636734, 0.0003743847773876041, -0.01580972410738468, 0.0005437352228909731, -0.019001949578523636, 0.006229889113456011, 0.0016323886811733246, 0.00859882403165102, 0.006337137892842293, -0.0017002077074721456, 0.024036331102252007, -0.0022506460081785917, -0.021336186677217484, 0.03459717705845833, 0.019885174930095673, -0.03484952449798584, -0.007135194260627031, 0.013046491891145706, -0.03101380728185177, -0.01526717096567154, -0.004441359080374241, 0.017727583646774292, 0.00917922891676426, -0.04277331382036209, -0.020869338884949684, -0.01651630364358425, -0.018509868532419205, -0.022396055981516838, -0.007614659145474434, 0.026925738900899887, -0.035480402410030365, -0.01516623143106699, -0.015595225617289543, -0.006400225218385458, -0.013134813867509365, 0.025197140872478485, -0.03199797123670578, -0.04658379778265953, 0.0001644217554712668, -0.022105854004621506, 0.037600141018629074, -0.006069015711545944, -0.0028783665038645267, -0.04279854893684387, 0.003949276637285948, -0.030710987746715546, -0.009034127928316593, -0.00012272487219888717, 0.022383438423275948, 0.015077908523380756, 0.006327674724161625, 0.011740581132471561, 0.00047157894005067647, 0.02841460332274437, -0.008989966474473476, 0.02103336714208126, -0.0016355430707335472, 0.010586080141365528, -0.001358746667392552, -0.006245661061257124, 0.05344771593809128, 0.017563555389642715, -0.0017475233180448413, 0.027783727273344994, 0.01695791631937027, -0.012895082123577595, 0.01862342469394207, -0.01625133492052555, -0.0020708467345684767, -0.025828015059232712, -0.018787452951073647, 0.0123209860175848, -0.0024667205289006233, -0.00823922548443079, 0.026219157502055168, -0.00352028151974082, -0.01962020806968212, 0.015216700732707977, 0.002315310761332512, 0.015544756315648556, -0.020352022722363472, 0.002080309670418501, -0.030912866815924644, -0.005431832280009985, -0.0008572011720389128, -0.004857736174017191, -0.03242696821689606, -0.023506395518779755, -0.002544002840295434, -0.021878739818930626, 0.011305277235805988, 0.011431451886892319, 0.029499707743525505, -0.019519267603754997, 0.0006750360480509698, -0.012472395785152912, 0.02412465400993824, -0.04236955568194389, -0.018043020740151405, -0.010005675256252289, -0.028288427740335464, -0.01253548264503479, -0.013286223635077477, -0.01326098944991827, -0.03656550496816635, -0.007046871818602085, -0.018787452951073647, -0.01723550073802471, 0.03373918682336807, 0.004192163236439228, -0.03611127659678459, -0.029676351696252823, -0.007759760599583387, 0.004028135910630226, -0.0019856784492731094, 0.01813134364783764, -0.00041834887815639377, -0.037145908921957016, -0.022761963307857513, 0.021184777840971947, 0.016629859805107117, 0.00029887695563957095, 0.005832437891513109, 0.024982644245028496, -0.01603683829307556, 0.0039177327416837215, 0.029676351696252823, 0.008693455718457699, 0.0031985354144126177, -0.022168941795825958, 0.029651116579771042, 0.011784741654992104, -0.003438267856836319, 0.012352528981864452, -0.008447414264082909, -0.016781270503997803, 0.033057842403650284, -0.008743925020098686, 0.007179355714470148, 0.00028744235169142485, -0.03300737217068672, -0.006264586932957172, 0.01811872608959675, -0.010232789441943169, 0.008907952345907688, -0.011286350898444653, -0.0025171905290335417, -0.004116458352655172, -0.01912812516093254, -0.00989842601120472, 0.015115761198103428, 0.002460411749780178, 0.015431198291480541, -0.010087688453495502, -0.014989586547017097, 0.010699637234210968, 0.01410636119544506, -0.02148759737610817, 0.015380728989839554, -0.02798560820519924, 0.01573401875793934, -0.009147685021162033, 0.008674529381096363, -0.00956406258046627, 0.009873190894722939, 0.013324076309800148, 0.02912118285894394, 0.00579773960635066, -0.014421799220144749, 0.002971420530229807, -0.0036590739618986845, 0.009942587465047836, -0.025891102850437164, -3.1716248486191034e-05, -0.007993184030056, -0.016175631433725357, 0.0010519837960600853, 0.012932933866977692, -0.019027184695005417, 0.01621348410844803, -0.009772251360118389, -0.020225847139954567, -0.0229133740067482, 0.010119232349097729, -0.015368111431598663, -0.0026985672302544117, -0.00945050548762083, 0.012339911423623562, 0.010314803570508957, 0.0016371201490983367, -0.01458582654595375, 0.009393726475536823, -0.02461673691868782, -0.008737616240978241, 0.01890101097524166, 0.0024130961392074823, -0.023809216916561127, 0.025689223781228065, -0.007974257692694664, -0.022560084238648415, -0.030004406347870827, 0.02080625295639038, 0.013235754333436489, -0.016592008993029594, -0.0008035768405534327, 0.022774580866098404, -0.020705312490463257, -0.01699576899409294, -0.029499707743525505, -0.01890101097524166, 0.0253106988966465, 0.011879373341798782, 0.00018029220518656075, -0.000333772215526551, -0.006340292282402515, -0.01719764806330204, -0.00152198551222682, 0.030660517513751984, -0.002037725644186139, -0.03232602775096893, 0.00379471224732697, -0.005110086407512426, -0.004157464951276779, 0.017349058762192726, -0.001391079043969512, -0.017058854922652245, -0.013904481194913387, -0.012996021658182144, 0.024755528196692467, 0.01579710654914379, -0.013059109449386597, 0.01621348410844803, 0.019758999347686768, 0.02003658562898636, 0.005204717628657818, -0.01337454654276371, -0.019973497837781906, -0.03797866404056549, -0.010182320140302181, -0.018043020740151405, 0.018673894926905632, -0.010857355780899525, 0.014283006079494953, 0.013904481194913387, -0.0018595035653561354, -0.05758625641465187, -0.013109578751027584, -0.04057786986231804, -0.009090906009078026, -0.003053434193134308, 0.0014872874598950148, 0.010649167001247406, -0.00989842601120472, 0.011538701131939888, 0.019986115396022797, 0.0014715155120939016, -0.01697053387761116, -0.021601153537631035, -0.011046618223190308, 0.009141376242041588, -0.03219985216856003, 0.011103397235274315, 0.005245724227279425, 0.006920697167515755, -0.006406533997505903, 0.013929716311395168, -0.01025802455842495, 0.003671691520139575, -0.011008765548467636, 0.01890101097524166, -0.043101370334625244, 0.012958168983459473, 0.0157844889909029, 0.008100433275103569, 0.01060500554740429, 0.004271022509783506, -0.03230079263448715, -0.00734338304027915, -0.0037000810261815786, 0.008327547460794449, -0.0016623551491647959, 0.015910662710666656, 0.017525702714920044, -0.021563302725553513, 0.003949276637285948, -0.01134312991052866, -0.0025913184508681297, -0.022383438423275948, -0.0017696039285510778, 0.016793888062238693, 0.011948768980801105, -0.017349058762192726, 0.024414855986833572, 0.021083837375044823, -0.008964731357991695, -0.001069332822225988, 0.008989966474473476, 0.009229699149727821, -0.0037600139621645212, 0.024944791570305824, 0.0010141313541680574, -0.0038357190787792206, -0.002387861255556345, 0.016150396317243576, 0.0024888012558221817, -0.0011284773936495185, -0.013854010961949825, 0.01240930799394846, -0.006210962776094675, 0.005302502773702145, -0.005028072278946638, -0.018509868532419205, 0.0006876535480841994, -0.013399781659245491, -0.01930476911365986, -0.011488230898976326, -0.0439593568444252, 0.01626395247876644, -0.024881703779101372, -0.03194750100374222, 0.021803034469485283, -0.0038010207936167717, 0.00567156495526433, -0.01980946958065033, 0.01529240608215332, 0.0027995069976896048, 0.03134186193346977, 0.23276758193969727, -0.0002996655530296266, -0.0017317513702437282, 0.012529173865914345, -0.01626395247876644, -0.009974131360650063, 0.009343256242573261, 0.012958168983459473, -0.018106108531355858, 0.007829156704246998, 0.002214370761066675, -0.0009833761723712087, -0.012106488458812237, -0.004340419080108404, 0.018459398299455643, 0.0009912620298564434, -0.015368111431598663, 0.0024052103981375694, 0.006554789375513792, -0.020680077373981476, 0.007482175715267658, 0.010043526999652386, 0.018207047134637833, -0.02654721401631832, 0.02960064820945263, 0.021613771095871925, -0.018043020740151405, -0.00538136251270771, 0.015103143639862537, -0.010485139675438404, 0.00015653582522645593, 0.002354740398004651, 0.02099551446735859, 0.0032805490773171186, 0.015002203173935413, -0.005166864953935146, 0.02939876727759838, -0.008548353798687458, 0.013727836310863495, 0.025209758430719376, -0.013828776776790619, 0.0008430064772255719, 0.004498137626796961, 0.020238464698195457, -0.0030029641930013895, 0.04870353639125824, -0.02432653307914734, -0.0063623725436627865, -0.006289822049438953, 0.01529240608215332, -0.024074183776974678, -0.02528546378016472, 0.0029793065041303635, -0.004072296898812056, -0.023481162264943123, 0.02745567262172699, 0.015834959223866463, -0.003058165777474642, -0.030433401465415955, 0.004059679806232452, 0.02411203645169735, -0.005151093006134033, -0.006012237165123224, 0.022295117378234863, -0.027657553553581238, 0.009702854789793491, -0.011961386539041996, 0.001106396783143282, 0.0022017532028257847, 0.011545009911060333, 0.0042047807946801186, -0.017967315390706062, -0.031139982864260674, -0.00017851786105893552, -0.012377764098346233, 0.0005922337295487523, 0.022522231563925743, 0.005567470565438271, 0.005151093006134033, 0.011160176247358322, 0.018207047134637833, -0.010453595779836178, -0.01649106852710247, -0.0036496110260486603, -0.027077147737145424, -0.017853757366538048, 0.03207367658615112, -0.004791494458913803, -0.002261686371639371, -0.009961513802409172, 0.014270388521254063, 0.012895082123577595, -0.009172920137643814, 0.009595606476068497, 0.015519521199166775, 0.0021465516183525324, 0.008554662577807903, 0.007122576702386141, -0.009482048451900482, -0.011349438689649105, 0.0007381235482171178, 0.02103336714208126, 0.038306720554828644, -0.003886189078912139, -0.01516623143106699, 0.011759506538510323, 0.017614025622606277, 0.026320097967982292, 0.011727963574230671, -0.03106427751481533, -0.0035045098047703505, -0.03351207077503204, -0.0021560147870332003, 0.0003657102643046528, -9.877134289126843e-05, 0.0024888012558221817, -0.014283006079494953, -0.017298588529229164, 0.0032032669987529516, -0.023733511567115784, -0.012194810435175896, -0.007778686936944723, 0.0255125779658556, -0.012207427993416786, 0.0025108817499130964, -0.01336192898452282, -0.02456626668572426, -0.0017569863703101873, -0.0032269246876239777, -0.029575413092970848, 0.03580845519900322, -0.0036496110260486603, -0.0018894701497629285, -0.0014951733173802495, -0.02100813202559948, 0.001134786056354642, 0.021929210051894188, 0.02008705399930477, 0.01914074271917343, 0.005848209839314222, -0.006466466933488846, -0.023228811100125313, 0.003419341519474983, -0.012945551425218582, -0.0010370005620643497, -0.03136709704995155, 0.025727076455950737, 0.006611568387597799, 0.023279281333088875, -0.006857609376311302, -0.04035075381398201, 0.030736222863197327, -0.006091096438467503, 0.0010377891594544053, 0.024225594475865364, -0.018951479345560074, -0.01109708845615387, -0.009034127928316593, -0.04037598893046379, 0.01814396120607853, -0.007135194260627031, 0.03502617031335831, 0.045044463127851486, 0.005586396902799606, -0.00464639300480485, -0.0049681393429636955, -0.15686072409152985, 0.02127309888601303, 0.004412969574332237, -0.008441105484962463, 0.02601727843284607, 0.0018326913705095649, 0.020907191559672356, -0.019998732954263687, -0.020213229581713676, 0.007425396703183651, 0.004838809836655855, 0.012996021658182144, -0.019494032487273216, 0.00501860911026597, -0.00956406258046627, 0.004296257626265287, -0.00034698116360232234, -0.0013855588622391224, 0.03563180938363075, -0.010188628919422626, 0.002096081618219614, 0.0014667840441688895, 0.011399907991290092, -0.013614279218018055, -0.004400352016091347, -0.011292659677565098, -0.0033625629730522633, -0.010384200140833855, -0.008220299147069454, 0.015898045152425766, -0.014383946545422077, -0.004192163236439228, 0.027051912620663643, -0.0013682098360732198, 0.0330326072871685, 0.009103523567318916, -0.004321492742747068, -0.023026932030916214, -0.008952113799750805, 0.005955458618700504, 0.03126615658402443, -0.010062453337013721, -0.011727963574230671, 0.006214117165654898, -0.011242189444601536, 0.04711373150348663, 0.023544248193502426, 0.005327737890183926, -0.027581848204135895, -0.009103523567318916, 0.008043654263019562, -0.03532899171113968, 0.010163393802940845, 0.004031290300190449, 0.011645949445664883, 0.008750233799219131, 0.0023216193076223135, 0.02838936820626259, 0.008573588915169239, -0.023026932030916214, -0.026118218898773193, -0.007450631819665432, -0.012156957760453224, 0.017790669575333595, 0.008441105484962463, -0.0027537685818970203, -0.007160429377108812, -0.019481414929032326, -0.030862396582961082, 0.01787899248301983, -0.014245153404772282, -0.016301805153489113, 0.006554789375513792, 0.007305530831217766, 0.006289822049438953, -0.011450378224253654, -0.008106742054224014, 0.00020878014038316905, 0.010724872350692749, 0.018736982718110085, -0.02796037308871746, 0.0164532158523798, -0.026597682386636734, -0.01229575090110302, 0.010321112349629402, 0.023342369124293327, 0.011071853339672089, 0.013286223635077477, -0.009582988917827606, -0.026370568200945854, 0.011475613340735435, -0.0434294231235981, -0.014976968988776207, -0.011778432875871658, 0.00244621722958982, 0.016768652945756912, 0.022030148655176163, 0.015002203173935413, 0.013551191426813602, -0.0279099028557539, 0.020465578883886337, 0.002879943698644638, -0.019216448068618774, 0.0019383629551157355, 0.034546706825494766, -0.01013184990733862, 0.010232789441943169, -0.014472268521785736, 0.0067819044925272465, -0.030181052163243294, -0.005816665943711996, 0.0059365322813391685, 0.008314929902553558, 0.012428234331309795, 0.0048451186157763, 0.030887631699442863, 0.012554408982396126, -0.015923280268907547, 0.020238464698195457, -0.005084851291030645, 0.07504887133836746, -0.019052419811487198, -0.03606080636382103, -0.0012601724592968822, 0.006630494724959135, -0.020137524232268333, -0.09786130487918854, -0.03262884542346001, 0.0016071536811068654, 0.023796599358320236, 0.031846560537815094, 0.022080618888139725, -0.029323061928153038, 0.022332970052957535, 0.009545136243104935, 0.01839631050825119, -0.01739952713251114, -0.021588537842035294, -0.012043400667607784, -0.007166738156229258, 0.003321555908769369, -0.026092983782291412, 0.01715979538857937, 0.0026386340614408255, -0.0029698433354496956, 0.034042004495859146, 0.004062833730131388, -0.001629234291613102, -0.00036097870906814933, -0.003987128846347332, 0.029323061928153038, -0.014118978753685951, -0.003993437625467777, 0.031897030770778656, 0.0007464037626050413, 0.0036022954154759645, -0.0395684689283371, 0.0009754901984706521, 0.0157844889909029, -0.006668346934020519, 0.00908459722995758, -0.005718880333006382, 0.004302566405385733, 0.0003678788780234754, 0.015532138757407665, -0.029928702861070633, 0.012270515784621239, 0.005523309111595154, 0.023354986682534218, -0.041461095213890076, 0.010769033804535866, -0.002663868945091963, -0.03838242590427399, 0.044060297310352325, 0.017601408064365387, -0.007318147923797369, -0.011242189444601536, 0.019292153418064117, -0.004690554458647966, 0.0004108572320546955, 0.027859432622790337, -0.0007420665351673961, 0.02221941202878952, 0.033083077520132065, 0.018484633415937424, 0.018270134925842285, -0.008548353798687458, 0.014283006079494953, -0.017033619806170464, -0.009639767929911613, 0.009488357231020927, -0.005633712280541658, -0.01097091380506754, 0.015014820732176304, 0.0045486073940992355, -0.012945551425218582, -0.03727208450436592, -0.030912866815924644, -0.038357190787792206, 0.02652197889983654, -0.018219664692878723, -0.013235754333436489, -0.028742657974362373, -0.014598444104194641, 0.01327360700815916, -0.017046237364411354, -0.021071219816803932, -0.0038483364041894674, -0.00859882403165102, -0.017828522250056267, 0.020023968070745468, -0.020440345630049706, -0.0007266889442689717, 0.022812433540821075, -0.02054128423333168, 0.024881703779101372, -0.01025802455842495, 0.029575413092970848, -0.006091096438467503, -0.036212217062711716, -0.0058135115541517735, -0.008106742054224014, -0.011052927002310753, -0.00953882746398449, 0.02483123354613781, -0.0026559829711914062, -0.013778306543827057, -0.008409561589360237, -0.03838242590427399, 0.03055957704782486, 0.01646583341062069, 0.02081887051463127, 0.0033877978567034006, -0.00673774303868413, -0.0016718183178454638, -0.0006411265349015594, -0.0027758493088185787, -0.0004640872939489782, -0.009526209905743599, 0.023821834474802017, 0.022761963307857513, -0.03371395170688629, -0.008939496241509914, -0.0010764301987364888, 0.0011734272120520473, -0.01207494456321001, -0.00673774303868413, 0.009980440139770508, -0.006337137892842293, 0.003741087857633829, -0.012289442121982574, 0.024250829592347145, 0.01886315830051899, -0.0051826369017362595, -0.007217207923531532, -0.006053244229406118, -0.011791050434112549, -0.00013622952974401414, 0.008106742054224014, -0.004154311027377844, 0.0006750360480509698, 0.011601787991821766, 6.622953492296801e-07, -0.00048064778093248606, -0.022610554471611977, 0.01540596317499876, 0.003655919572338462, 0.035228051245212555, -0.015494286082684994, -0.026092983782291412, 0.00506592495366931, -0.005983847659081221, 0.0022884984500706196, 0.01336192898452282, -0.021071219816803932, 0.023216193541884422, 0.015519521199166775, 0.016390128061175346, 0.004195317625999451, 0.01060500554740429, -0.01670556515455246, -0.0047631049528717995, -0.010075070895254612, 0.003741087857633829, 0.0034319590777158737, -0.013538573868572712, -0.019443562254309654, -0.0015929589280858636, 0.030281992629170418, 0.004154311027377844, -0.009974131360650063, -0.0034445766359567642, 0.034546706825494766, 0.006286667659878731, -0.016604626551270485, 0.018825305625796318, 0.007191973272711039, -0.0015472205122932792, -0.016554156318306923, 0.025260228663682938, 0.001619771122932434, 0.019014567136764526, -0.01194246020168066, 0.02387230470776558, 0.022989079356193542, 0.021891357377171516, -0.007072106935083866, 0.012958168983459473, -0.004441359080374241, 0.004826192278414965, -0.042192909866571426, 0.014762471430003643, -0.008769160136580467, 0.026673387736082077, -0.013702601194381714, 0.023279281333088875, 0.04347989335656166, -0.0074380142614245415, 0.002689104061573744, 0.004412969574332237, 0.007406470365822315, 0.00209135003387928, 0.047164201736450195, 0.026648152619600296, 0.003264777362346649, -0.0072235167026519775, 0.020831486210227013, 0.012119106017053127, -0.0007834676653146744, -0.007696672808378935, -0.02028893493115902, -0.014043274335563183, -0.01530502364039421, 0.04110780358314514, -0.030231522396206856, -0.033057842403650284, -0.0066178771667182446, -0.005270959343761206, -0.012850920669734478, -0.019885174930095673, -0.012554408982396126, 0.012529173865914345, 0.016629859805107117, 0.00035328991361893713, 0.004211089573800564, -0.019001949578523636, -0.02340545691549778, 0.007772378157824278, 0.00049247668357566, 0.018472015857696533, -0.0022995388135313988, 0.01456059142947197, 0.012510248459875584, 0.03537946194410324, -0.018989332020282745, -0.032603610306978226, -0.007848083041608334, -0.025916337966918945, 0.04052739962935448, -0.029323061928153038, -0.02745567262172699, 0.023948008194565773, 0.007456940598785877, -0.0013650554465129972, 0.011387290433049202, 0.03775155171751976, -0.0031196761410683393, 0.024654587730765343, -0.01253548264503479, -0.005258341785520315, 0.0024919556453824043, 0.03505140542984009, -0.02293860912322998, 0.009658693335950375, -0.02032678760588169, -0.013525956310331821, -0.004759950563311577, 0.015986368060112, -0.0064380778931081295, 0.01049144845455885, -0.014787706546485424, -0.024402238428592682, 0.03701973706483841, 0.003472965909168124, 0.004990220069885254, 0.00429941201582551, -0.0017207111231982708, -0.014371328987181187, 0.025828015059232712, 0.031392332166433334, 0.003924041520804167, 0.008687146939337254, 0.0009597183670848608, 0.0052804225124418736, -0.01075010746717453, -0.006103713996708393, -0.020427728071808815, 0.010472522117197514, -0.01469938363879919, -0.04292472451925278, -0.023973243311047554, 0.03106427751481533, -0.019254300743341446, -0.015519521199166775, 0.011324203573167324, 0.009242316707968712, 0.039316121488809586, -0.008529427461326122, 0.008056271821260452, -0.008680838160216808, 0.01037789136171341, 0.0015827072784304619, -0.019027184695005417, -0.0074127791449427605, 0.006769286934286356, -0.0386347733438015]"
U47892,N22279 N37211 N3501 N459 N10588 N3908 N23571 N21623 N46425 N18868 N12461 N31352 N16874 N871 N49146 N110 N5440 N12907 N61275 N65169 N39117 N5831 N16225 N58255 N59704 N50328 N62634 N54827 N23500 N63229 N59426 N40716 N36811 N43781 N56986 N23653 N15022 N55656 N19028 N59440 N60815 N48325 N31134 N56386 N60153 N13475 N56753 N17811 N19360 N62917 N3130 N14214 N48904 N38299 N46919 N14292 N19439 N28313 N29070 N619 N51658 N23732 N54842 N63889 N38701 N31801 N28981 N63576 N45829 N17271 N30168 N10527 N44766 N23614 N306 N56889 N28981 N10878 N12948 N14827 N15081 N25586 N42528 N64467 N10559 N43142 N15819 N40871 N5753 N63277 N4572 N19056 N54469 N39017 N25786 N35052 N34553 N60491 N56236 N33742 N33096 N2618 N31248 N11709 N21448 N30681 N11855 N45535 N19855 N38961 N50995 N41470 N23401 N55881 N38256 N22997 N52026 N11506 N21778 N56694 N24394 N55550 N1200 N28856 N64482 N3787 N30121 N37191 N43901 N59588 N11231 N29495 N20522 N1730 N23737 N55742 N13429 N46818 N30764 N12810 N49170 N47791 N10527 N41918 N16443 N48699 N33263 N22734 N65172 N37867 N60946 N27766 N58801 N25019 N40376 N15797 N18369 N64963 N20798 N54278 N55687 N20360 N53889 N51983 N40442 N6002 N12219 N42986 N44423 N30878 N1345 N9317 N63991 N37509 N23258 N39900 N44077 N47407 N49040 N381 N20607 N32830 N55055 N27940 N28257 N59451 N15676,"[-0.022429920732975006, -0.028805548325181007, 0.02130330353975296, -0.0034214588813483715, -0.034925125539302826, 0.008500837720930576, -0.006798109505325556, 0.0062091960571706295, -0.021802598610520363, -0.010030731558799744, 0.03297915309667587, 0.01454360131174326, -0.010369997471570969, -0.011752663180232048, 0.00016883251373656094, -0.006455643568187952, 0.02634747512638569, -0.03364488109946251, -0.005879532545804977, -0.023748574778437614, -0.0024900794960558414, 0.009057744406163692, -0.021661771461367607, 0.0077198869548738, -0.01180387381464243, 0.00471130758523941, 0.010498021729290485, -0.02360774762928486, 0.013519403524696827, 0.0038183354772627354, -0.011663046665489674, -0.002994176698848605, -0.02194342575967312, 0.0019107679836452007, -0.025438498705625534, -0.03730638697743416, -0.002970172092318535, -0.0112341633066535, 0.0015242935623973608, 0.009704269468784332, 0.013890675269067287, -0.014402774162590504, -0.008052751421928406, -0.01785944029688835, -0.022148266434669495, 0.0035910916049033403, -0.002738127252086997, -0.010363596491515636, -0.01733453944325447, -0.003331841668114066, 0.02770453505218029, 0.015260539017617702, -0.018537970259785652, -0.00010482018842594698, -0.003331841668114066, -0.015030094422399998, -0.015132514759898186, 0.0076174670830369, -0.0021588157396763563, -0.008628861978650093, 0.012968897819519043, 0.010305984877049923, -0.017385749146342278, -0.0019395735580474138, -0.003272630274295807, -0.00420240918174386, 0.004564078990370035, 0.010472416877746582, -0.018691599369049072, -0.015196526423096657, 0.01825631596148014, 0.026757152751088142, -0.0030757924541831017, -0.024619141593575478, 0.014389971271157265, -0.00566509086638689, -0.017500970512628555, 0.005255412310361862, -0.008744084276258945, -0.003434261539950967, 0.015196526423096657, -0.031109992414712906, -0.004743313416838646, 0.027960585430264473, 0.009384207427501678, 0.011938299052417278, -0.007047757506370544, 0.017257723957300186, 0.005143390502780676, -0.008968126960098743, 0.0097426762804389, 0.019344525411725044, 0.00929458998143673, 0.045269519090652466, -0.021264895796775818, 0.007835108786821365, -0.01296249683946371, 0.054128825664520264, 0.028344659134745598, 0.00033126381458714604, -0.002707721432670951, 0.007470238953828812, -0.008398417383432388, -0.01720651425421238, -0.006894127931445837, -0.008904115296900272, -0.005108183715492487, -0.015721427276730537, 0.021162476390600204, -0.028267843648791313, 0.006292412057518959, 0.016451168805360794, 0.01687365025281906, -0.005629884544759989, -0.0133145647123456, 0.004845733288675547, -0.012565620243549347, -0.01491487305611372, 0.016156712546944618, -0.015106909908354282, -0.009505830705165863, -0.02564333938062191, 0.0026965192519128323, -0.0049161468632519245, 0.01976700685918331, 0.018640389665961266, -0.03262068331241608, -0.019382933154702187, 0.0050793783739209175, -0.0006933335098437965, 0.05510181188583374, 0.0304698683321476, 0.014133921824395657, 0.02016388438642025, -0.006785307079553604, 0.014594811014831066, -0.012636033818125725, 0.02711562253534794, 0.007066960912197828, -0.035539645701646805, 0.02176419086754322, 0.017718613147735596, -0.004509668331593275, -0.019779808819293976, 0.005789915099740028, -0.0038407398387789726, 0.022647561505436897, 0.02025349996984005, 0.002293241675943136, 0.0018595581641420722, 0.002664513187482953, 0.029573695734143257, 0.0019123683450743556, -0.017808230593800545, 0.008763288147747517, 0.003536681178957224, -0.009025738574564457, 0.021277697756886482, 0.018883636221289635, -0.0024196659214794636, -0.01376265101134777, 0.01705288514494896, -0.00843682512640953, -0.007700683083385229, -0.005399439949542284, 0.028984783217310905, -0.022801190614700317, -0.005690696183592081, 0.009640256874263287, -0.01834593340754509, 0.004055181052535772, 0.04160801321268082, -0.002736527007073164, 0.017782624810934067, -0.00037427208735607564, 0.001629113801755011, -0.03536041080951691, 0.006196393631398678, -0.037203963845968246, -0.008238386362791061, -0.036589447408914566, 0.021648969501256943, 0.01573423109948635, 0.030111398547887802, -0.008014343678951263, -0.007630269508808851, 0.0017587387701496482, -0.01637435331940651, 0.01742415502667427, 0.00798873882740736, 0.012341576628386974, 0.003266229061409831, -0.015388564206659794, -0.02726925164461136, -0.6489313840866089, 0.0075278496369719505, -0.027192438021302223, 0.013903478160500526, 0.012456798925995827, 0.00041327960207127035, 0.005716301035135984, 0.03495073318481445, -0.010152355767786503, 0.00849443580955267, 0.013404181227087975, 0.021418524906039238, -0.006785307079553604, -0.014876465313136578, -0.011855083517730236, -0.01782103255391121, 0.005677893757820129, 0.00734861521050334, -0.004183205775916576, 0.008033547550439835, -0.01339137926697731, 0.012315971776843071, 0.011042126454412937, -0.010766874067485332, 0.001798746408894658, -0.0008425622945651412, 0.028370264917612076, -0.0020836011972278357, -0.005786714609712362, -0.0005629084189422429, -0.016118304803967476, 0.00834080670028925, 0.010248374193906784, -0.0004476862377487123, 0.052899789065122604, 0.006330819334834814, -0.019997451454401016, 0.017923451960086823, 0.0014706832589581609, 0.011522219516336918, 0.01785944029688835, -0.012642434798181057, 0.007438232656568289, -0.0036262983921915293, -0.025681747123599052, -0.0126808425411582, 0.0015322951367124915, 0.009749077260494232, -0.0037767274770885706, 0.005709899589419365, -0.005204202141612768, 0.005623483099043369, -0.007828707806766033, 0.027576511725783348, 0.00029945766436867416, -0.001632314408197999, 0.023774178698658943, -0.03136604279279709, -0.018486760556697845, -0.01163744181394577, 0.0013586616842076182, -0.005825121887028217, -0.0011226162314414978, -0.012226354330778122, 0.02253234013915062, 0.04386124759912491, -0.04217132180929184, -0.004861736204475164, 0.028114214539527893, 0.009166565723717213, -0.01606709510087967, 0.017552180215716362, -0.004976958502084017, -0.013148132711648941, 0.00791192427277565, -0.007316609378904104, 0.013148132711648941, 0.006375628057867289, -0.016207922250032425, -0.01597747765481472, -0.04007171839475632, -0.005389838013797998, -0.018537970259785652, 0.009268985129892826, -0.006638078484684229, 0.013058515265583992, -0.035386014729738235, 0.022647561505436897, 0.017526576295495033, -0.0003128602693323046, 0.023262079805135727, 0.021188080310821533, 0.00992831215262413, -0.010197163559496403, -0.010773275047540665, 0.0021476135589182377, -0.014633218757808208, -0.0044744620099663734, 0.028575103729963303, 4.4483567762654275e-05, 0.011227762326598167, 0.02274998091161251, -0.004618489649146795, 0.002894957549870014, 0.013340169563889503, 0.007847911678254604, -0.02939446084201336, 0.00561708165332675, 0.03728077933192253, -0.02601461112499237, -0.0026965192519128323, -0.005789915099740028, -0.003895150264725089, 0.0013778653228655457, -0.016771230846643448, -0.028242239728569984, 0.0005136989639140666, 0.011823076754808426, 0.011170151643455029, -0.03425939753651619, -0.002832545433193445, 0.01801306940615177, -0.015286143869161606, -0.0017443359829485416, 0.0022580348886549473, 0.02277558669447899, 0.003559085540473461, -0.0074894423596560955, -0.014069910161197186, -0.010683657601475716, -0.019280513748526573, 0.021994635462760925, 0.02573295682668686, 0.007950331084430218, 0.029189622029662132, 0.025016017258167267, -0.01371144037693739, 0.005012165289372206, -0.021444130688905716, -0.007182183209806681, 0.016566390171647072, 0.0005837124190293252, 0.024913597851991653, 0.012059922330081463, 0.013493798673152924, -0.022097056731581688, -0.025604931637644768, -0.008059152401983738, -0.022365907207131386, 0.010472416877746582, 0.006670084781944752, -0.004375242628157139, 0.01610550284385681, 0.009883503429591656, -0.004704906139522791, 0.013596219010651112, -0.018832426518201828, -0.01659199595451355, 0.0039111534133553505, -0.020739994943141937, 0.01764179766178131, 0.04798364266753197, -0.03543722629547119, -0.00447126105427742, 0.000583312357775867, -0.001800346770323813, 0.013826662674546242, -0.022429920732975006, 0.008443226106464863, -0.009262584149837494, 0.0023492525797337294, -0.018025871366262436, 0.02299322932958603, 0.013455391861498356, 0.0009185769013129175, -0.006186791695654392, -0.016054291278123856, -0.007406226359307766, -0.011042126454412937, 0.014978884719312191, 0.006689288187772036, -0.012111132964491844, -0.015657415613532066, -0.02001025341451168, 0.03817695379257202, -0.0012986501678824425, 0.0005789115093648434, 0.013813860714435577, 0.00018143493798561394, 0.030981967225670815, 0.023505326360464096, -0.000682531448546797, 0.013519403524696827, 0.012706447392702103, -0.009691466577351093, 0.008699275553226471, 0.00795673206448555, 0.01446678675711155, -0.018294723704457283, 0.011592633090913296, -0.004634492564946413, 0.014351564459502697, 8.166572661139071e-05, 0.001837153802625835, -0.0041511994786560535, -0.02529767155647278, 0.004548076074570417, -0.016540786251425743, 0.023530932143330574, 0.02437589503824711, 0.0002818542707245797, -0.014313156716525555, -0.019626179710030556, -0.02472156099975109, 0.00041968084406107664, 0.014402774162590504, 0.001168224960565567, -0.006013958249241114, -0.0009233778691850603, 0.01171425636857748, -0.0056074801832437515, -0.006254004314541817, 0.010088343173265457, 0.013749848119914532, -0.021751388907432556, -0.008731281384825706, 0.0053162239491939545, -0.006545260548591614, -0.0043112304992973804, -0.024516722187399864, 0.004138397052884102, 0.030188214033842087, -0.007374220062047243, 0.01453079842031002, -0.01924210600554943, 0.004647294990718365, -0.005473054014146328, -0.020279105752706528, 0.02456793189048767, -0.0016363151371479034, -0.010241972282528877, 0.03072591871023178, 0.02044553868472576, 0.027141228318214417, 0.013186539523303509, 0.0009129758109338582, 0.049187071621418, -0.0036262983921915293, -0.012098330073058605, -0.0014018700458109379, -0.0076878806576132774, -0.00035626860335469246, 0.004131995607167482, 0.012047120369970798, 0.001933172345161438, -0.009076948277652264, 0.020330315455794334, 0.012264762073755264, 0.042222533375024796, 0.008859306573867798, 0.002707721432670951, -0.0097426762804389, -0.009243380278348923, -0.0026885177940130234, 0.0166816134005785, -0.010901299305260181, -0.004653696436434984, -0.011522219516336918, -0.006039563100785017, -0.005473054014146328, -0.013237749226391315, -0.02268596924841404, -0.004218412563204765, -0.03395213931798935, -0.0143771693110466, 0.003597492817789316, -0.019370131194591522, -0.00010206965816905722, 0.015490983612835407, -0.01874280907213688, -0.008027145639061928, -0.025873783975839615, 0.02080400660634041, 0.023402906954288483, 0.0046248906292021275, -0.0017523375572636724, 0.018307525664567947, -0.003975165542215109, -0.018704403191804886, 0.030367448925971985, -0.009448220022022724, 0.033081572502851486, -0.010062738321721554, 0.01637435331940651, -0.022058648988604546, -0.010254775173962116, 0.013148132711648941, -0.016143908724188805, 0.014799650758504868, 0.0008553647203370929, 0.020125476643443108, 0.0037767274770885706, -0.011214960366487503, 0.006503652781248093, 0.047241099178791046, 0.015785440802574158, -0.00780310295522213, -0.01600308157503605, 0.004522471223026514, 0.016758427023887634, -0.014825255610048771, -0.007380621507763863, -0.015324551612138748, -0.0017251322278752923, -0.00601715873926878, 0.0015963074984028935, -0.03512996435165405, 0.0027445286978036165, -0.0030453866347670555, -0.013442588970065117, -0.015683021396398544, -0.012456798925995827, -0.005021767225116491, -0.02132890745997429, 0.1466650515794754, 0.018986057490110397, 0.025758560746908188, -0.007118171080946922, 0.020739994943141937, 0.003074191976338625, -0.023159660398960114, -0.001501089078374207, -0.005044171586632729, -0.005706699099391699, -0.004973758012056351, -0.023505326360464096, 0.013199342414736748, -0.0016347148921340704, 0.013570614159107208, -0.0001995384373003617, 0.005431446246802807, -0.02422226592898369, 0.04235055670142174, -0.004448856692761183, 0.011797471903264523, -0.007387022953480482, -0.0027173233684152365, 0.016950463876128197, 0.006567664910107851, -0.005962748546153307, 0.0028485485818237066, 0.014825255610048771, 0.006874924059957266, -0.015939069911837578, 0.006951739080250263, -0.008456028997898102, -0.019754204899072647, -0.002133210888132453, 0.008321602828800678, -0.006308414973318577, 0.015183724462985992, 0.003834338393062353, 0.004189606755971909, -0.012719249352812767, 0.044962260872125626, 0.00921777542680502, 0.0028901565819978714, -0.030930757522583008, -0.007316609378904104, -0.018461154773831367, 0.002902959007769823, 0.03466907888650894, 0.004503267351537943, -0.00840481836348772, 0.052003614604473114, -0.0013290559872984886, -0.009339398704469204, -0.01924210600554943, -0.009000133723020554, -0.0037159156054258347, 0.04201769083738327, 0.015567798167467117, -0.0026101027615368366, 0.012059922330081463, -0.008852904662489891, -0.02292921580374241, -0.01825631596148014, -0.011592633090913296, 0.0012026316253468394, -0.020983241498470306, -0.0360773466527462, -0.015286143869161606, -0.01188068836927414, -0.03413137421011925, 0.0024820780381560326, 0.003703113179653883, -0.012399188242852688, 0.012437595054507256, 0.014850860461592674, 0.002293241675943136, 0.008295997977256775, 0.0029877754859626293, 0.029445670545101166, -0.012520811520516872, 0.010766874067485332, -0.012271163053810596, -0.0014330759877339005, -0.021776994690299034, -0.0038823478389531374, 0.011483811773359776, -0.00806555338203907, -0.009179367683827877, -8.106561290333048e-05, -0.021405722945928574, -0.006958140060305595, 0.010965311899781227, 0.006695689633488655, -0.017872242256999016, -0.013852267526090145, 0.006173989269882441, 0.010152355767786503, 0.003600693540647626, -0.020215094089508057, 0.011938299052417278, -0.0007493442972190678, 0.0022212278563529253, -0.0030037786345928907, 0.01160543505102396, 0.0039879679679870605, -0.0009737875661812723, -0.01371144037693739, -0.0018963651964440942, -0.0037159156054258347, -0.006580467335879803, 0.026296265423297882, -0.03577008843421936, 0.01687365025281906, -0.016937661916017532, 0.011675848625600338, 0.035411618649959564, 0.001003393204882741, 0.0054282452911138535, 0.01920369826257229, -0.007515047211199999, -0.0029397662729024887, -0.024619141593575478, 0.02084241434931755, 0.03822816163301468, -0.01939573511481285, -0.00043768429895862937, -0.033568065613508224, -0.02382538840174675, -0.013903478160500526, -0.013532206416130066, 0.00647164648398757, 0.026398684829473495, -5.4960586567176506e-05, -0.00048569354112260044, -0.031596485525369644, -0.024004623293876648, -0.010530028492212296, 0.017808230593800545, -0.0047913226298987865, -0.02452952414751053, 0.009512231685221195, -0.009281788021326065, -0.006881325505673885, -0.03441302850842476, -0.008852904662489891, -0.041172731667757034, -0.0074894423596560955, -0.008673670701682568, -0.007739090360701084, 0.01491487305611372, -0.0023524530697613955, -0.007822306826710701, -0.011362188495695591, 0.02650110423564911, -0.012572021223604679, -0.027371671050786972, 0.005892334971576929, -0.02296762354671955, 0.010325188748538494, 0.01286647841334343, 0.034643471240997314, -0.016860848292708397, 0.0004652896022889763, -0.003568687243387103, 0.005136989522725344, -0.004080785904079676, 0.015990279614925385, 0.004301628563553095, -0.014146724715828896, 0.02121368609368801, 0.0139930946752429, 0.0010898099280893803, 0.01133018173277378, 0.0018579578027129173, 0.015964675694704056, -0.003133403602987528, 0.003696711966767907, -0.026859574019908905, -0.004170403350144625, -0.008430424146354198, -0.0266291294246912, -0.02533607929944992, 0.005265014246106148, 0.0018531569512560964, -0.011887089349329472, -0.029624905437231064, -0.001600308227352798, 0.015350156463682652, 0.0023892601020634174, -0.019997451454401016, 0.007860713638365269, -0.009934713132679462, 0.018819624558091164, -0.012584824115037918, -0.00905134342610836, -0.019293315708637238, -0.0021812201011925936, 0.020739994943141937, 0.0037063139025121927, -0.0023844591341912746, 0.0013354572001844645, 0.008596856147050858, -0.021648969501256943, -0.004019974265247583, -0.002041993197053671, 0.035565249621868134, -0.01733453944325447, -0.001617111498489976, 0.030930757522583008, -0.018486760556697845, -0.018601981922984123, -0.040865469723939896, -0.014774045906960964, -0.023966215550899506, 0.0064460416324436665, -0.00069253338733688, -0.0054442486725747585, -0.004183205775916576, -0.0032838324550539255, -0.0308795478194952, -0.0013922681100666523, 0.010600442066788673, 0.011054929345846176, -0.014236342161893845, -0.0025444901548326015, 0.007559855934232473, -0.02170017920434475, -0.02090642601251602, 0.018077081069350243, 0.025720153003931046, 0.017385749146342278, 0.015286143869161606, 0.03374730050563812, 0.030316239222884178, -0.013288959860801697, 0.01893484592437744, 0.02726925164461136, -0.008577652275562286, -0.03546283021569252, 0.0012930490775033832, -0.0006057166610844433, -0.01672002114355564, -0.004324032925069332, -0.01856357604265213, 0.007707084529101849, 0.002856550272554159, -0.012232756242156029, 0.007182183209806681, -0.016848044469952583, -0.024427104741334915, -0.01643836684525013, 0.007502244785428047, -0.03103317692875862, -0.0027781350072473288, 0.004282424692064524, -0.0122967679053545, 0.019843822345137596, -0.015567798167467117, 0.026219449937343597, 0.021200884133577347, -0.02268596924841404, 0.005860328674316406, 0.009307392872869968, 0.0041511994786560535, -0.023863796144723892, -0.013173737563192844, -0.016015885397791862, 0.007399825379252434, -0.010722065344452858, 0.016169514507055283, 0.0016483174404129386, -0.026705943048000336, 0.025220857933163643, 0.01643836684525013, 0.016604797914624214, 0.00836001057177782, -0.01711689680814743, -0.005821921397000551, -0.036615051329135895, -0.001830752589739859, 0.002333249431103468, 0.01354500837624073, 0.006298813037574291, -0.019408538937568665, -0.0032134188804775476, -0.003136604093015194, -0.0347202867269516, -0.013090521097183228, 0.004218412563204765, 0.012213552370667458, -0.011490212753415108, -0.011765466071665287, 0.0035206780303269625, -0.01785944029688835, -0.004807326011359692, 0.026885177940130234, -0.0005036970251239836, 0.023287685588002205, -0.026142634451389313, 0.018371539190411568, -0.012584824115037918, 0.01184868160635233, -0.024017425253987312, -0.025220857933163643, 0.017987463623285294, -0.029317647218704224, 0.013596219010651112, -0.019984649494290352, -0.026053017005324364, -0.02379978448152542, -0.010197163559496403, 0.005207403097301722, 0.028728732839226723, -0.020419932901859283, 0.002427667612209916, -0.022788388654589653, 0.02345411665737629, -0.03344004228711128, -0.0012098329607397318, 0.04188966751098633, -0.00474011292681098, -0.027781350538134575, 0.023262079805135727, -0.0011426201090216637, 0.010139552876353264, 0.03305596485733986, 0.0020195890683680773, 0.01251441054046154, -0.018601981922984123, 0.001249040593393147, 0.023249277845025063, 0.03500194102525711, -0.0013114525936543941, -0.011483811773359776, -0.017833834514021873, 0.01588786020874977, -0.023006031289696693, 0.0062091960571706295, -0.0022180271334946156, -0.025720153003931046, 0.008001540787518024, -0.0023092448245733976, -0.004157600924372673, 0.015657415613532066, 0.0039495606906712055, -0.03469468280673027, -0.02564333938062191, 0.008199979551136494, 0.014441180974245071, -0.011093336157500744, -0.04716428369283676, 0.026603523641824722, 0.019011661410331726, 0.02939446084201336, -0.019280513748526573, 0.025451302528381348, -0.02610422857105732, 0.014505193568766117, 0.027294857427477837, -0.004189606755971909, 0.012431194074451923, -0.007233393378555775, 0.00806555338203907, 0.0207527969032526, -0.006039563100785017, 0.022276289761066437, -0.01567021757364273, -0.010952509008347988, 0.006593269761651754, -0.013365774415433407, 0.009384207427501678, 0.014185132458806038, -0.01091410219669342, -0.03546283021569252, -0.00912815798074007, 0.013250552117824554, 0.018730007112026215, 0.013416984118521214, -0.020944833755493164, 0.0013418584130704403, -0.008897713385522366, -0.005124187096953392, -0.005604279227554798, 0.010677256621420383, 0.015183724462985992, -0.01878121681511402, -0.008910516276955605, 0.00024864787701517344, 0.00843682512640953, -0.010402003303170204, 0.0035206780303269625, -0.03244144842028618, -0.01179107092320919, -0.008347207680344582, -0.008500837720930576, -0.014338761568069458, -0.013737046159803867, -0.020522352308034897, -0.011983107775449753, 0.044066086411476135, -0.01661759987473488, -0.0014042704133316875, -0.000714537629391998, -0.0006741298129782081, -0.012616829946637154, -0.010133151896297932, -0.00851363968104124, 0.01884523034095764, -0.0347202867269516, -0.01575983501970768, 0.02755090594291687, -0.02665473334491253, 0.012924089096486568, -0.010690058581531048, 0.014338761568069458, -0.004976958502084017, -0.012021515518426895, -0.02557932585477829, 0.02056076005101204, 0.005463452078402042, -0.006535658612847328, -0.0012234356254339218, 0.004442455712705851, 0.0018099485896527767, -0.021418524906039238, -0.01355781126767397, -0.004976958502084017, -0.011861484497785568, 0.004781721159815788, 0.006305214483290911, -0.031750116497278214, -0.03377290442585945, 0.0018211507704108953, 0.00030665905796922743, 0.009121757000684738, 0.015990279614925385, 0.2292153537273407, 0.014710033312439919, -0.0008697675075381994, 0.026757152751088142, -0.035872507840394974, 0.013685835525393486, 0.012047120369970798, 0.02785816602408886, -0.024759968742728233, 0.0050633749924600124, -0.015567798167467117, 0.0011474209604784846, 0.011919095180928707, 0.010369997471570969, 0.015055699273943901, 0.010530028492212296, -0.027064412832260132, -0.03367048501968384, -0.014684428460896015, -0.04401487857103348, 0.006455643568187952, -0.005908337887376547, 0.006013958249241114, -0.009697867557406425, 0.025592129677534103, 0.019690193235874176, -0.015939069911837578, 0.023838190361857414, 0.03262068331241608, 0.0007717486587353051, -0.01757778599858284, -0.005322624929249287, -0.02665473334491253, -0.0071245720610022545, 0.004829730372875929, 0.00019523760420270264, -0.023018833249807358, -0.009320194832980633, -0.007022152654826641, 0.002456473186612129, -0.020202290266752243, 0.003335042390972376, 0.037511225789785385, -0.01445398386567831, -0.01702727936208248, 0.02597620338201523, 0.024926401674747467, -0.017590587958693504, 0.015542193315923214, 0.0021476135589182377, -0.008270393125712872, -0.029752930626273155, 0.004122394137084484, 0.02752530202269554, -0.0026549112517386675, -0.0016251129563897848, 0.015747033059597015, 0.007495843805372715, -0.01197670679539442, 0.020880822092294693, 0.018153896555304527, 0.017654599621891975, -0.004548076074570417, 0.010888497345149517, -0.007892720401287079, 0.024555129930377007, -0.029292041435837746, 0.01221995335072279, 0.01696326769888401, -0.02610422857105732, -0.0009273785981349647, -0.023198068141937256, 0.006308414973318577, -0.01355781126767397, -0.004666498862206936, -0.02441430278122425, 0.02939446084201336, 0.02231469750404358, 0.024836784228682518, 0.002192422281950712, 0.0031814128160476685, 0.01779542677104473, 0.005831523332744837, 0.007291004061698914, 0.017001675441861153, -0.03228781744837761, 0.02632186934351921, -0.007854312658309937, -0.018320327624678612, 0.013365774415433407, 0.037972114980220795, -0.006497251335531473, -0.018141094595193863, -0.004944952204823494, 0.006292412057518959, 0.0023460518568754196, -0.03277431055903435, 0.022417116910219193, -0.02564333938062191, 0.014018700458109379, -0.004455258138477802, 0.039508409798145294, 0.00651965569704771, -0.006023560184985399, -0.011720657348632812, 0.0037831286899745464, -0.00029925763374194503, 0.008084757253527641, 0.01446678675711155, -0.0012210351414978504, -0.04089107736945152, -0.010645249858498573, 0.005991553887724876, -0.0005241009639576077, 0.01134298462420702, 0.020983241498470306, -0.007854312658309937, -0.03771606460213661, 0.029035992920398712, -0.02086801826953888, -0.009544238448143005, -0.02847268432378769, 0.010555633343756199, 0.0007225391454994678, 0.001282647019252181, 0.00843682512640953, 0.005210603587329388, 0.01588786020874977, 0.006500451825559139, -0.03533480688929558, 0.018973253667354584, -0.013416984118521214, -0.012290366925299168, 0.03671747073531151, -0.028831152245402336, 0.003530279966071248, 0.011144546791911125, -0.001801947015337646, -0.007515047211199999, 0.010901299305260181, 0.003837539115920663, 0.008763288147747517, 0.015939069911837578, -0.03041865862905979, -0.0008761687786318362, -0.00860325712710619, 0.03961082920432091, 0.010088343173265457, -0.03134043514728546, 0.0038215359672904015, -0.02167457528412342, 0.022545142099261284, 0.017232118174433708, 0.004205610137432814, 0.013826662674546242, 0.010549231432378292, -0.01683524250984192, -0.016694415360689163, -0.050134457647800446, 0.009678663685917854, -0.04201769083738327, -0.008199979551136494, 0.012271163053810596, -0.0091089541092515, -0.0038567427545785904, 0.004839331842958927, -0.15987719595432281, 0.031289227306842804, 0.007291004061698914, 0.004106390755623579, 0.031161202117800713, 0.006487649399787188, 0.00998592283576727, -0.012424793094396591, -0.032364632934331894, 0.006881325505673885, 0.019651785492897034, -0.021444130688905716, -0.02090642601251602, 0.0281654242426157, 0.0022532339207828045, 0.0026213049422949553, -0.02106005698442459, 0.001990783493965864, -0.016694415360689163, 0.009595448151230812, 0.018422748893499374, -0.020266303792595863, 0.01115734875202179, -0.03804892674088478, 0.023249277845025063, 0.038612235337495804, -0.0018723605899140239, 0.011931898072361946, -0.009006534703075886, 0.012719249352812767, 0.003917554393410683, 0.009461021982133389, 0.024836784228682518, 0.0014106717426329851, 0.015836650505661964, 0.016732823103666306, 0.0021524145267903805, -0.00641723582521081, -0.0028853556141257286, 0.03223660960793495, 0.030393052846193314, 0.033388830721378326, 0.009505830705165863, -0.0023812586441636086, -0.00319421524181962, 0.020138278603553772, 0.007207788061350584, 0.013109724968671799, 0.025681747123599052, 0.0026149037294089794, 0.003898350754752755, -0.038561027497053146, -0.016425563022494316, -0.002805340336635709, 0.0007801502360962331, 0.0015082905301824212, 0.008334404788911343, 0.013596219010651112, 0.0022484329529106617, -0.002707721432670951, 0.014786847867071629, -0.014415576122701168, 0.011170151643455029, 0.004804125055670738, -0.013685835525393486, 0.0216105617582798, 0.019831020385026932, -0.027013203129172325, -0.010722065344452858, -0.025540919974446297, -0.012469601817429066, -0.02102164924144745, -0.021969031542539597, -0.015747033059597015, 0.018448352813720703, 0.008084757253527641, -0.015337353572249413, 0.028242239728569984, -0.028370264917612076, -0.013237749226391315, 0.024887993931770325, 0.01788504421710968, -0.012437595054507256, -0.03638460859656334, -0.015094107016921043, 0.014325959607958794, -0.020458340644836426, -0.011874287389218807, 0.02665473334491253, -0.02472156099975109, 0.017193712294101715, -0.03239023685455322, 3.153107172693126e-05, -0.004298428073525429, 0.016246328130364418, -0.0006749299936927855, 0.01628473587334156, 0.0194853525608778, 0.011291774921119213, -0.020087068900465965, -0.0004296827537473291, -0.0209320317953825, -0.03605174273252487, 0.0007233393262140453, 0.002269237069413066, 0.001270644715987146, -0.005361032672226429, 0.019062871113419533, 0.029189622029662132, 0.004967356566339731, -0.01683524250984192, -0.010824484750628471, 0.000300057785352692, 0.02071438916027546, 0.00367430760525167, 0.01779542677104473, 0.010056336410343647, -0.02281399443745613, 0.010459614917635918, -0.013416984118521214, 0.05210603401064873, 0.01992063596844673, 0.003335042390972376, -0.004548076074570417, -0.015017292462289333, 0.02259635180234909, -0.11030604690313339, -0.007130973506718874, 0.006785307079553604, 0.03515557199716568, -0.001963578164577484, -0.001990783493965864, -0.007258998230099678, 0.020547958090901375, -0.04503907635807991, 0.016054291278123856, -0.017564982175827026, -0.020087068900465965, -0.0031750116031616926, -0.014492391608655453, 0.014761243015527725, 0.014556403271853924, -0.020151080563664436, -0.009429016150534153, -0.013877873308956623, 0.0031974157318472862, -0.009659460745751858, -0.008456028997898102, -0.014031502418220043, 0.00037307184538803995, 0.004813726991415024, -0.01680963672697544, 0.004909745417535305, 0.03305596485733986, 0.022122660651803017, 0.003357446752488613, -0.007700683083385229, -0.00707976333796978, 0.0011426201090216637, -0.0027861366979777813, 0.016207922250032425, 0.01264883577823639, -0.0159134641289711, -0.011374990455806255, 0.010248374193906784, -0.027627721428871155, 0.007604664657264948, 0.019280513748526573, -0.007169380784034729, -0.03228781744837761, -0.0015883059240877628, -0.0047881221398711205, -0.00014992887736298144, 0.00034686681465245783, 0.027730140835046768, -0.008052751421928406, 0.013609020970761776, 0.004890542011708021, -0.0064844489097595215, 0.006695689633488655, -0.011074133217334747, -0.00834080670028925, 0.01604148931801319, 0.02318526618182659, -0.039047520607709885, -0.00263570761308074, 0.021687377244234085, -0.015209329314529896, 0.001936372951604426, -0.01935732737183571, -0.008116763085126877, -0.0111893555149436, -0.018947649747133255, 0.005015365779399872, -0.003699912689626217, -0.020663179457187653, -0.007995139807462692, -0.021661771461367607, -0.013109724968671799, 0.032339029014110565, -0.004634492564946413, -0.01711689680814743, -0.019651785492897034, -0.014441180974245071, -0.007393423933535814, -0.01569582335650921, -0.00745743652805686, 0.013673033565282822, 0.02982974611222744, -0.0052810171619057655, 0.02982974611222744, 0.025604931637644768, 0.0046248906292021275, 0.015388564206659794, -0.006330819334834814, -8.048425002016302e-07, -0.019306117668747902, 0.009320194832980633, 0.014838057570159435, -0.051670752465724945, -0.008001540787518024, 0.021072858944535255, -0.012770459987223148, -0.0020755997393280268, -0.011669447645545006, -0.003632699605077505, -0.01573423109948635, -0.0006393231451511383, -0.045730408281087875, 0.013506601564586163, -0.0173601433634758, -0.0017763421637937427, 0.016335945576429367, -0.009953917004168034, 0.02099604345858097, -0.02292921580374241, -0.03062349744141102, 0.01963898167014122, -0.018858032301068306, 0.03244144842028618, 0.006167587824165821, -0.0022228281013667583, -0.021200884133577347, 0.0033254404552280903, 0.02665473334491253, -0.006580467335879803, 0.023850994184613228, 0.019664587453007698, -0.013327366672456264, -0.0034118571784347296, 0.0005881132674403489, 0.022327499464154243, -0.011125342920422554, 0.012194348499178886, -0.022276289761066437, 0.006314816419035196, -0.006305214483290911, -0.0017459362279623747, 0.01788504421710968, -0.005722702015191317, -0.009275386109948158, 0.015273341909050941, 0.01782103255391121, 0.003767125541344285, -0.012636033818125725, 0.008219183422625065, 0.00977468304336071, 0.049545541405677795, 0.0008037547813728452, -0.037972114980220795, 0.016515180468559265, -0.02632186934351921, 0.0024468712508678436, 0.01856357604265213, 0.002363655250519514, 0.04442455619573593, 0.012155941687524319, -0.00250128167681396, -0.002768533304333687, 0.02426067180931568, 0.004944952204823494, -0.023313289508223534, -0.004743313416838646, -0.037229571491479874, 0.004839331842958927, 0.0029205624014139175, -0.007495843805372715, -0.015554996207356453, 0.012597626075148582, 0.00367430760525167, -0.011272571049630642, 0.01346819382160902, 0.013788255862891674, -0.018819624558091164, -0.0028901565819978714, -0.00920497253537178, 0.011855083517730236, -0.04060942307114601, -0.016233526170253754, -0.006542060058563948, -0.0003354646032676101, -0.006503652781248093, -0.013416984118521214, -0.0060075572691857815, 0.003895150264725089, 0.009998725727200508, -0.012354379519820213, -0.012712848372757435, 0.007969534955918789, -0.015465378761291504, 0.007495843805372715, 0.020112672820687294, 0.01376265101134777, 0.04191527143120766, 0.01613110676407814, 0.0023940610699355602, 0.011471008881926537, 0.013416984118521214, 0.013532206416130066, 0.020944833755493164, -0.0008465630235150456, 0.006314816419035196, 0.003331841668114066, 0.00033106375485658646, -0.0024516722187399864, 0.028805548325181007, -0.01619511842727661, 0.003043786156922579, 0.0101715587079525, 0.011944700963795185, -0.016297539696097374, -0.006218797527253628, -0.010504422709345818, 0.008001540787518024, -0.032185398042201996, -0.038561027497053146, -0.009889904409646988, -0.0012290367158129811, 0.010549231432378292, 0.027064412832260132, 0.013493798673152924, 0.028831152245402336, -0.019370131194591522, 0.02548970840871334, 0.010946108028292656, -0.026449894532561302, 0.0013034510193392634, 0.01810268685221672, -0.00025004814960993826, 0.010363596491515636, 0.01779542677104473, -0.02266036346554756, 0.02410704270005226, 0.007476639933884144, 0.01665600761771202, -0.01371144037693739, -0.028037400916218758, -0.005748307332396507, 0.02406863495707512, -0.0013082519872114062, -0.021200884133577347, -0.00966586172580719, -0.021648969501256943, 0.01970299519598484, 0.0009657859918661416, 0.011471008881926537, -0.029292041435837746, -0.0030613895505666733, 0.010798879899084568, -0.013570614159107208, 0.007387022953480482, 0.01100371964275837, 0.02998337522149086, -0.003002178156748414, 0.014351564459502697, 0.0007633470231667161, 0.004122394137084484, 0.024478314444422722, 0.0005653089028783143, 0.0111893555149436, -0.02336449921131134, -0.013301761820912361, -0.01275765709578991, -0.005168995354324579, 0.0331839919090271, 0.010305984877049923, -0.005306622013449669, 0.00473371148109436, -0.025438498705625534, 0.026526708155870438, -0.002126809675246477, -0.0039495606906712055, 0.0024580734316259623, 0.0122519601136446, -0.000332063966197893, -0.023774178698658943, -0.038304977118968964, 0.03420818969607353, 0.023351697251200676, -0.03912433609366417, -0.008257590234279633, 0.029880955815315247, -0.0007857513264752924, -0.001185028231702745, 0.016758427023887634, -0.0029221628792583942, -0.011150947771966457, -0.009896306321024895, 0.014389971271157265, -0.0374344103038311, -0.014300353825092316, 0.009902707301080227, -0.024183858186006546, -0.020176686346530914, -0.0005965149030089378, 0.0024548727087676525]"
U50562,N23571 N56698 N63724 N19861 N19861 N10865 N18030 N16636 N57971 N51712 N16617 N16715 N16715 N39577 N24298 N5643 N35866 N56753 N11913 N26714 N19347 N28030 N40944 N306 N35926 N21817 N4862 N53049 N62714 N50839 N7364,"[-0.013752101920545101, -0.018092215061187744, -0.0009028759668581188, -0.011910077184438705, -0.0008319075568579137, -0.005948730278760195, -0.003753440687432885, -0.0033654801081866026, -0.03605826571583748, -0.036689095199108124, 0.03295457735657692, 0.0055229198187589645, 0.004213946871459484, -0.02185196429491043, -0.008276494219899178, -0.0015439573908224702, 0.020073022693395615, 0.004655528347939253, 0.010225760750472546, -0.019480042159557343, -0.008755926042795181, 0.004844777286052704, -0.0025280527770519257, 0.008408969268202782, -0.017095502465963364, -0.007279782555997372, 0.009285823442041874, -0.013625936582684517, 0.024034637957811356, -0.025725262239575386, -0.023075774312019348, -0.01758754998445511, -0.03229851648211479, -0.004418966826051474, 0.004964635241776705, 0.008490976877510548, -0.0037376699037849903, -0.008793774992227554, -0.005604927893728018, 0.013890884816646576, 0.00035326500074006617, -0.011020606383681297, -0.0008023373666219413, 0.0028844717890024185, -0.009411988779902458, 0.021296832710504532, -0.018508562818169594, -0.019139394164085388, -0.00839004386216402, 0.016250191256403923, 0.008535134606063366, 0.0076015060767531395, 0.0030295627657324076, -0.003009060863405466, 0.006466011516749859, -0.010427625849843025, -0.007651972584426403, 0.008270186372101307, 0.01902584359049797, 0.00772136403247714, 0.004699686076492071, 0.010875515639781952, -0.01872304640710354, -0.01154419593513012, -0.011190931312739849, -0.021233750507235527, -0.008535134606063366, 0.015001146122813225, -0.02747897058725357, 0.01787773333489895, 0.035730231553316116, 0.016237573698163033, 0.014610031619668007, 0.004217101261019707, 0.004207638558000326, 0.0003639102797023952, -0.01492544636130333, 0.02226831205189228, -0.03202094882726669, 0.005951884668320417, 0.01069888286292553, -0.0414329394698143, 0.005276896059513092, 0.012414742261171341, 0.013853034935891628, -0.012875247746706009, -0.015367028303444386, 0.003315013600513339, 0.007626739330589771, 0.005365212447941303, 0.023138858377933502, 0.028387367725372314, -0.016805320978164673, 0.017953433096408844, -0.020766936242580414, -0.0091470405459404, -0.010755658149719238, 0.012585066258907318, 0.00038815781590528786, -0.04239180311560631, 0.010465475730597973, 0.010623183101415634, 0.006210525054484606, -0.007096841931343079, -0.026293009519577026, 0.00839004386216402, 0.010389775969088078, -0.02016133815050125, 0.010610566474497318, -0.007986312732100487, -0.019833307713270187, -0.009828337468206882, 0.017978666350245476, -0.006393465679138899, -0.01346192043274641, -0.03222281485795975, -0.0209940355271101, -0.012345350347459316, 0.028210734948515892, -0.0414329394698143, -0.003784982254728675, -0.011783911846578121, 0.03146582096815109, -0.011209855787456036, -0.006825584452599287, 0.009765254333615303, -0.0012987219961360097, -0.026141609996557236, 0.0023025309201329947, 0.004781694151461124, -0.005891955923289061, -0.00936783105134964, 0.00693913409486413, 0.01028253510594368, 0.00888840015977621, 0.02112020179629326, -0.02072908543050289, -0.0005799696664325893, 0.0035358043387532234, -0.0023782304488122463, 0.00030476992833428085, 0.023984171450138092, -0.020956184715032578, 0.005639623384922743, -0.0038543737027794123, -0.012408433482050896, 0.010238377377390862, 0.019757607951760292, -0.0051917340606451035, 0.019530508667230606, 0.003598887240514159, 0.01106476504355669, 0.003182539250701666, -0.0038764525670558214, 0.004911014344543219, -0.0051854257471859455, 0.019618824124336243, -0.011588353663682938, -0.007746596820652485, 0.00823233649134636, -0.005431449506431818, -0.0021274753380566835, 0.004986714106053114, 0.010023894719779491, 0.006863434333354235, 0.014332465827465057, 0.0004853451100643724, -0.006122208666056395, -0.0076078143902122974, 0.013335754163563251, -0.004056239500641823, 0.025321532040834427, -0.02142299897968769, 0.03166768327355385, 0.015455343760550022, 0.00574055640026927, -0.00040274576167576015, -0.004750152584165335, -0.04789264127612114, -0.012856323271989822, -0.019114160910248756, 0.025107048451900482, 0.0013988664140924811, 0.02649487555027008, -0.010162677615880966, 0.025144899263978004, 0.010944906622171402, 0.0015707676066085696, 0.0239715538918972, -0.003024831647053361, -0.0017079731915146112, 0.0036651245318353176, -0.020363204181194305, -0.0040877810679376125, -0.6552561521530151, -0.01593477465212345, 0.0074816481210291386, -0.0008934134966693819, 0.01985854096710682, 0.00978417880833149, 0.01435769908130169, 0.007847529835999012, -0.01956835761666298, -0.0033654801081866026, -0.017839882522821426, 0.021385150030255318, 0.0014012319734320045, 0.007841221988201141, -0.03055742383003235, -0.007563656195998192, -0.009531847201287746, 0.013436687178909779, 0.014218917116522789, 0.0007684302399866283, -0.009676937945187092, -0.005059259478002787, -0.001359439454972744, -0.016515139490365982, 0.008503593504428864, 0.016439439728856087, 0.0020770090632140636, 0.006175829563289881, 0.010900748893618584, 0.026696741580963135, -0.03681525960564613, 0.05738032981753349, 0.01211194321513176, -0.015720292925834656, 0.05465514212846756, -0.01381518505513668, -0.02380753867328167, 0.01283109001815319, 0.007279782555997372, 0.036689095199108124, -0.02409772016108036, 0.019227709621191025, 0.015064229257404804, 0.0006434469833038747, -0.022205229848623276, -0.008427893742918968, -0.005932959727942944, -0.0318695493042469, -0.010616875253617764, 0.011947927065193653, 0.01163251232355833, 0.0026794520672410727, 0.025561247020959854, 0.019240327179431915, -0.026570575311779976, 0.00485739391297102, 0.000454197870567441, -0.012074093334376812, 0.007973696105182171, 0.02284867689013481, 0.0018672578735277057, 0.011052148416638374, -0.02000993862748146, -0.027807002887129784, -0.010055435821413994, 0.035200335085392, -0.007267165929079056, 0.004598753526806831, -0.02548554725944996, -0.02393370494246483, 0.004119322169572115, 0.022899143397808075, -0.0006253105821087956, 0.008964099921286106, 0.010761965997517109, 0.010799815878272057, 0.030254624783992767, -0.005674319341778755, 0.0017663250910118222, 0.011865919455885887, 0.0011757101165130734, 0.0017111273482441902, -0.0020407363772392273, 0.023605672642588615, 0.030784523114562035, -0.023201940581202507, -0.04912906885147095, 0.004191868007183075, 0.02128421701490879, -0.008686534129083157, 0.02788270264863968, -0.027655603364109993, -0.0009809412294998765, -0.02240709587931633, 0.008787467144429684, 0.012357966974377632, -0.007910612970590591, 0.01787773333489895, -0.0019871157128363848, -0.024627618491649628, 0.006081204861402512, -0.005106572061777115, 0.028412600979208946, -0.0057973312214016914, 0.017940815538167953, -0.009916653856635094, -0.00553553644567728, -0.003095800057053566, 0.055714938789606094, -0.028261201456189156, -0.006737268529832363, -0.031339652836322784, -0.007172541227191687, -0.019618824124336243, -0.03237421438097954, -0.01941695809364319, 0.03366110846400261, 0.025561247020959854, 0.04524315521121025, -0.04269459843635559, 0.023630905896425247, 0.014319849200546741, -0.001652775565162301, -0.018281463533639908, -0.011966852471232414, 0.02351735718548298, -0.005421987269073725, 0.009374139830470085, -0.013474537059664726, -0.023706605657935143, 0.01747400127351284, -0.014975912868976593, 0.01078089140355587, 0.006674185395240784, 0.023000076413154602, -0.008484668098390102, 0.0030137922149151564, -0.008188177831470966, 0.03943951427936554, -0.002487048739567399, -0.03151628375053406, -0.024690700694918633, -0.008118786849081516, 0.017827266827225685, -0.006254683248698711, 0.005579694639891386, -0.028412600979208946, -0.01457218173891306, -0.018155299127101898, -0.0010211566695943475, -0.0022047520615160465, -0.006749885156750679, -0.009468764066696167, 0.022457560524344444, -0.011563120409846306, -0.01155050378292799, -0.011859610676765442, 0.02028750441968441, 0.0025217444635927677, 0.005062413867563009, 0.019492657855153084, 0.0007278205594047904, -0.019669290632009506, 0.010250994004309177, -0.009948194958269596, 0.023719221353530884, 0.010080669075250626, 0.023214558139443398, 0.008749617263674736, -0.0209940355271101, -0.0024113492108881474, -0.02509443275630474, -0.010831357911229134, 0.0011007989523932338, 0.0335349440574646, -0.028639698401093483, -0.0019666138105094433, 0.005532382521778345, 0.004314879886806011, 0.0013720560818910599, 0.003983693663030863, -0.03151628375053406, 0.0004739113210234791, 0.009626471437513828, 0.030633123591542244, 0.014408165588974953, 0.003624120494350791, 0.01549319364130497, -0.014698348008096218, -0.0015439573908224702, -0.013991817831993103, 0.0022788746282458305, -0.013613319955766201, 0.007204082794487476, -0.0035231877118349075, 0.0030642584897577763, -0.0019161473028361797, -0.023769687861204147, 0.011058456264436245, 0.020539836958050728, 0.015531043522059917, -0.0028876259457319975, 0.016691772267222404, -0.0197449903935194, 0.0004904706147499382, -0.02167533151805401, 0.025700028985738754, -0.0045798285864293575, 0.010093285702168941, -0.0007017987663857639, 0.008068320341408253, 0.007942154072225094, 0.005276896059513092, -0.024829484522342682, 0.008144020102918148, 0.001547900028526783, -0.022621577605605125, 0.009525538422167301, 0.0007431970443576574, -0.0002848593285307288, 0.004762769211083651, 0.0016985108377411962, 0.009960811585187912, 0.020224422216415405, 5.125496682012454e-05, -0.005213812924921513, 0.014471248723566532, 0.006333536934107542, 0.00803677923977375, -0.010761965997517109, -0.009222740307450294, 0.016288040205836296, 0.005582849029451609, 0.0329798124730587, 0.012307500466704369, -0.028917264193296432, -0.008825317025184631, -0.009727404452860355, 0.03522556647658348, 0.018003899604082108, -0.006516477558761835, -0.02296222560107708, 0.038682520389556885, 0.005440912209451199, -0.01027622725814581, -0.01478666439652443, 0.04864963889122009, 0.0048826271668076515, 0.0001692399673629552, -0.006254683248698711, -0.010333001613616943, 0.013764718547463417, 0.016515139490365982, 0.010541175492107868, 0.008882091380655766, -0.040928274393081665, -0.00021073677635286003, 0.025409847497940063, 0.01295725628733635, 0.0218267310410738, 0.014610031619668007, 0.016086174175143242, -0.006380849052220583, -0.01748661883175373, 0.010925982147455215, -0.004109859932214022, -0.0031226102728396654, 0.017650634050369263, -0.04708518087863922, -0.028942497447133064, 0.0009848838672041893, -0.00888840015977621, 0.004639757331460714, -0.01987115666270256, 0.005844643339514732, 0.009065032936632633, 0.035276032984256744, -0.0014327735407277942, -0.005879339296370745, -0.018155299127101898, -0.03366110846400261, -0.011626203544437885, 0.026242543011903763, 0.024602385237812996, -0.01603570766746998, -0.02664627507328987, -0.0007810468669049442, -0.0003061498573515564, -0.019795456901192665, 0.026419175788760185, -0.011424338445067406, 0.00902087427675724, -0.007847529835999012, 0.009670630097389221, -0.0003692329046316445, 0.00045774629688821733, 0.019543124362826347, -0.014824514277279377, 0.016742238774895668, 0.004576674196869135, 0.004870010539889336, -0.028967730700969696, -0.004441045690327883, 0.011966852471232414, -0.012969872914254665, 0.015467960387468338, -0.009758945554494858, 0.0025138589553534985, 0.0042770300060510635, -0.009279514662921429, 0.006453394889831543, -0.019505275413393974, 0.004068856127560139, 0.014597414992749691, -0.021788882091641426, 0.017108120024204254, 0.008137712255120277, -0.0042833383195102215, 0.007923229597508907, 0.004444200079888105, 0.007557347882539034, -0.027403270825743675, -0.024905182421207428, -0.005138113629072905, 0.12626700103282928, 0.019505275413393974, -0.007090533617883921, 0.01701980270445347, 0.017272135242819786, -0.017158586531877518, -0.01847071386873722, -0.021788882091641426, 0.00895779114216566, -0.02379492111504078, -0.0027535746339708567, -0.016288040205836296, -0.00030733266612514853, 0.004037314560264349, 0.014054900966584682, -0.006863434333354235, 0.0024239656049758196, -0.0031368040945380926, -0.0031714998185634613, -0.013360987417399883, -0.008358502760529518, 0.0019350721267983317, -0.008560367859899998, 0.03343401104211807, -0.002928629983216524, -0.02337857335805893, 0.016111407428979874, 0.006566944066435099, 0.016881020739674568, 0.010837665759027004, 0.0002227619697805494, 0.019391724839806557, -0.002122744219377637, -0.007771830074489117, -0.010856591165065765, 0.01175867859274149, 0.014710964635014534, -0.0112603222951293, 0.014710964635014534, -0.01693148724734783, 0.03484706953167915, -0.01232642587274313, 0.0036935119424015284, -0.018230997025966644, 0.020628152415156364, -0.018786128610372543, 0.0015762874390929937, 0.00992927048355341, 0.014168450608849525, -0.005024563986808062, 0.031238719820976257, 0.007702439092099667, -0.01163251232355833, -0.017272135242819786, 0.003617812180891633, -0.015732910484075546, 0.008850550279021263, -0.004059393424540758, 0.015947392210364342, 0.029775192961096764, 0.0019256097730249166, -0.02294960990548134, -0.016452055424451828, 0.003037448273971677, 0.027150940150022507, -0.022861292585730553, 0.0006328017334453762, 0.0119857769459486, -0.02394632063806057, -0.0329798124730587, 0.013853034935891628, -0.021069735288619995, -0.0068066599778831005, 0.014054900966584682, -0.0022662582341581583, -0.006989600602537394, 0.014761431142687798, -0.00345379626378417, 0.008831624872982502, -0.011752369813621044, -0.0018577954033389688, -0.02027488872408867, -0.02128421701490879, -0.010837665759027004, 0.0032393140718340874, 0.0038102155085653067, 0.00362727465108037, -0.01522824540734291, -0.01331052090972662, 0.0071851578541100025, 0.04229087010025978, -0.0008595063700340688, -0.014698348008096218, -0.018256230279803276, -0.018685195595026016, -0.007620431017130613, 0.020766936242580414, 0.005138113629072905, -0.010124827735126019, 0.016388973221182823, 0.020514603704214096, -0.021624865010380745, -0.02310100756585598, -0.022217845544219017, -0.017574934288859367, 0.00923535693436861, 0.029951825737953186, 0.03762272372841835, -0.0013744216412305832, -0.01486236322671175, 0.009424605406820774, -0.024047253653407097, 0.03434240445494652, -0.017373068258166313, -0.010541175492107868, -0.006850817706435919, 0.007349174004048109, 0.022571111097931862, -0.0022820287849754095, -0.0288920309394598, 0.024867333471775055, -0.022318778559565544, 0.01804174855351448, 0.018823977559804916, -0.004229717887938023, 0.0008689688402228057, -0.0216879490762949, -0.01970714144408703, -0.021498698741197586, -0.004141401499509811, -0.010623183101415634, 0.01169559545814991, 0.00574055640026927, -0.01984592340886593, 0.0030295627657324076, -0.014685731381177902, -0.022293545305728912, 0.006109592039138079, 0.00980310421437025, -0.0009588621906004846, -0.006377695128321648, -0.009374139830470085, 0.003005906706675887, -0.03954044729471207, -0.02677244134247303, -0.023340724408626556, -0.02732757106423378, 0.006920209154486656, 0.002796155633404851, 0.01802913285791874, 0.009336289949715137, 0.014117984101176262, -0.02494303323328495, -0.002110127592459321, 0.024829484522342682, 0.0027598829474300146, 0.01544272806495428, 0.029901359230279922, -0.010862899012863636, 0.021927664056420326, 0.005336824804544449, -0.00901456642895937, 0.031642451882362366, 0.013575470075011253, 0.024602385237812996, 0.005444066133350134, -0.008434202522039413, 0.016452055424451828, -0.012307500466704369, 0.02564956247806549, -0.011254013516008854, 0.022053830325603485, -0.0006998274475336075, 0.006163212936371565, -0.015695059671998024, -0.0038701442535966635, -0.012982489541172981, -0.024261735379695892, -0.002125898376107216, -0.044864654541015625, -0.01985854096710682, -0.010743041522800922, -0.03015369176864624, 0.020893102511763573, -0.009487688541412354, -0.009702171199023724, 0.010389775969088078, -0.001544745871797204, -0.001652775565162301, -0.0020785860251635313, 0.030935920774936676, -0.0008689688402228057, -0.011531579308211803, 0.016262806951999664, -0.0063966200686991215, -0.0023845387622714043, -0.030532190576195717, 0.0009012988884933293, 0.013979201205074787, -0.010774582624435425, -0.010402392596006393, -0.03181908279657364, -0.007765521761029959, 0.003337092697620392, -0.00816925335675478, 0.0048826271668076515, -0.03383774310350418, -0.014332465827465057, 0.031062087044119835, -0.015505810268223286, -0.018281463533639908, -0.025737879797816277, -0.03156675025820732, -0.024173419922590256, 0.0003238919598516077, 0.0068066599778831005, -0.005573386326432228, 0.011222472414374352, -0.010938598774373531, -0.033459242433309555, -0.037547025829553604, -0.015833841636776924, 0.01664130575954914, -0.00832065287977457, 0.008907324634492397, 0.004926785361021757, -0.006566944066435099, -0.01988377422094345, -0.0009478226420469582, 0.011184622533619404, -0.005245354492217302, 0.0302798580378294, -0.0025043964851647615, -0.019984707236289978, 0.008793774992227554, 0.0016511984867975116, 0.028135035187005997, -0.02139776572585106, -0.018407629802823067, 0.01352500356733799, 0.017701100558042526, -0.02084263600409031, 0.003955306485295296, 0.0013791528763249516, -0.007071608677506447, -0.001665392192080617, -0.019934240728616714, -0.03790028765797615, -0.002316724509000778, -0.012345350347459316, -0.011588353663682938, -0.0028955114539712667, -0.010307768359780312, -0.006573252379894257, -0.008718076162040234, 0.0030674126464873552, -0.02281082607805729, -0.00832065287977457, 0.023731838911771774, 0.012029935605823994, -0.04483942314982414, 0.036436762660741806, -0.0197449903935194, 0.008610834367573261, -0.031188253313302994, -0.00823864433914423, -0.02124636620283127, 0.006286224815994501, -0.0005638046422973275, 0.026318242773413658, -0.01008697785437107, -0.02125898376107216, 0.0024050408974289894, 0.029901359230279922, 0.016515139490365982, -0.006926517467945814, 0.00046484312042593956, -0.011254013516008854, -0.0002560777065809816, -0.02059030346572399, 0.012944639660418034, -0.010307768359780312, 0.013777335174381733, -0.01226334273815155, -0.009992353618144989, -0.02646964229643345, -0.022508027032017708, -0.03030509129166603, 0.02957332879304886, -0.01522824540734291, 0.0007242721039801836, -0.019227709621191025, -0.016023091971874237, 0.014433398842811584, 0.005478761624544859, -0.022886525839567184, 0.005762635264545679, 0.028362134471535683, -0.016843171790242195, 0.007664589211344719, -0.017663249745965004, -0.013613319955766201, -0.02411033771932125, 0.004810081794857979, 0.00046918008592911065, -0.018218381330370903, 0.003095800057053566, 0.008837933652102947, -0.040221743285655975, -0.011317096650600433, 0.0327022485435009, 0.03305551037192345, 0.03494800254702568, 0.006406082306057215, 0.036411527544260025, -0.0005086070159450173, -0.001062949188053608, -0.0105664087459445, -0.0018262539524585009, 0.03762272372841835, -0.021725798025727272, -0.012704923748970032, -0.006712035275995731, 0.005715323146432638, -0.0052989753894507885, -0.015859074890613556, 0.008478360250592232, 0.004993022419512272, -0.0022631040774285793, 0.007677205838263035, 0.0196062084287405, 0.015669826418161392, -0.004150863736867905, -0.0009296862408518791, -0.012603990733623505, -0.0004198964743409306, -0.006781426724046469, 0.03752179071307182, -0.006210525054484606, 0.0009880380239337683, 0.010692575015127659, 0.013714252039790154, -0.005286358762532473, 0.006188446190208197, 0.01845809631049633, 0.01593477465212345, -0.01705765351653099, 0.00362727465108037, -0.02268465980887413, 0.0025233214255422354, 0.01155050378292799, 0.025548629462718964, 0.0043905796483159065, -0.022747743874788284, -0.007197774481028318, 0.0040877810679376125, -0.020817402750253677, -0.026595808565616608, -0.010692575015127659, 0.01805436611175537, 0.008692842908203602, 0.02124636620283127, -0.00105664087459445, 0.013436687178909779, -0.000172985513927415, 0.006756193470209837, -0.033307842910289764, -0.030834989622235298, 0.03774888813495636, -0.005027717910706997, 0.010793508030474186, 0.010484401136636734, 0.0058257183991372585, -0.0019603054970502853, 0.010049127973616123, 0.017928199842572212, -0.010572717525064945, 0.0011063187848776579, 0.004759615287184715, 0.0017048190347850323, -0.022760359570384026, -0.0060465093702077866, -0.01603570766746998, 0.0008232336258515716, 0.01777680031955242, -0.004220255184918642, 0.017385685816407204, -0.024148186668753624, -0.02026227116584778, -0.005718477535992861, -0.011865919455885887, 0.011247705668210983, 0.005049797240644693, 0.004081472754478455, -0.014206300489604473, -0.01622495800256729, -0.00921643152832985, -0.028084568679332733, 0.022205229848623276, 0.02069123648107052, -0.01664130575954914, 0.0439310260117054, 0.01478666439652443, -0.02041367068886757, 0.0062357583083212376, -0.012471516616642475, -0.026166843250393867, -0.0008855281630530953, -0.015606743283569813, 9.615234739612788e-05, 0.019984707236289978, -0.04039837792515755, 0.0009746329160407186, -0.04610108211636543, -0.00693913409486413, -0.020489370450377464, 5.992888691253029e-05, -0.0219655130058527, 0.0288920309394598, -0.016691772267222404, -0.009967120364308357, 0.012477824464440346, 0.004012081306427717, -0.023908471688628197, 0.033181678503751755, -0.026040678843855858, -0.010232068598270416, -0.025157514959573746, 0.0010203681886196136, 0.022230463102459908, 0.0038165238220244646, -0.029194829985499382, 0.005418832879513502, 0.019517891108989716, -0.009885111823678017, 0.05475607514381409, 0.20711423456668854, 0.01816791482269764, -0.0014209453947842121, 0.0007995775085873902, -0.017120735719799995, -0.0006501495372503996, 0.02100665122270584, 0.024829484522342682, -0.011165698058903217, -0.00017771674902178347, -0.03651246055960655, 0.012376892380416393, -0.011430646292865276, 0.006144287995994091, 0.00950030516833067, -0.011733445338904858, -0.03166768327355385, -0.02351735718548298, -0.0032093494664877653, -0.037547025829553604, 0.003012215020135045, 0.0008015488274395466, -0.00077868124935776, 0.004191868007183075, 0.042618900537490845, 0.008005237206816673, 0.006775118410587311, 0.011424338445067406, -0.014685731381177902, 0.006901284214109182, -0.010288843885064125, -0.01163251232355833, -0.006661568768322468, -0.008421585895121098, 0.0036998202558606863, -0.006219987291842699, -0.00023143590078689158, -0.014761431142687798, 0.010339309461414814, 0.024337435141205788, -0.029522862285375595, 0.012452591210603714, 0.01486236322671175, 0.019795456901192665, 0.0024428905453532934, 0.03805168718099594, -0.01226334273815155, 0.0017694792477414012, -0.0061348252929747105, -0.001124455127865076, -0.0433758981525898, 0.0065038613975048065, 0.014673114754259586, 0.03504893556237221, -0.02156178280711174, 0.006447086576372385, 0.004475741647183895, 0.0022946454118937254, -0.02547292970120907, 0.04413289204239845, -0.005437757819890976, 0.03356017544865608, 0.0005933748325332999, 0.0315919853746891, -0.014332465827465057, -0.005775251891463995, -0.03181908279657364, 0.0026463335379958153, 0.0059865801595151424, -0.009285823442041874, -0.03212188184261322, 0.01862211339175701, -0.02171318233013153, -0.013083421625196934, -0.012597682885825634, -0.0025958670303225517, 0.02294960990548134, 0.00028742209542542696, 0.009758945554494858, 0.0071157668717205524, -0.014231533743441105, 0.00013759986904915422, 0.0006328017334453762, 0.005942421965301037, -0.014332465827465057, -0.04256843402981758, 0.02212953008711338, 0.014117984101176262, -0.0014209453947842121, 0.016805320978164673, 0.008629759773612022, -0.0105664087459445, 4.4946664274903014e-05, 0.006680493708699942, -0.009967120364308357, 0.016691772267222404, -0.01941695809364319, 0.042921699583530426, -0.004829006735235453, 0.018130065873265266, -0.02886679768562317, 0.017284752801060677, 0.017675867304205894, 0.008062012493610382, -0.005040334537625313, 0.008465743623673916, 0.014080134220421314, -0.0007286090985871851, 0.010509634390473366, -0.019820690155029297, -0.0074879564344882965, -0.02969949319958687, 0.018218381330370903, -0.013070804998278618, -0.026293009519577026, 0.026999540627002716, 0.008503593504428864, -0.014912829734385014, -0.0004031400312669575, -0.007942154072225094, -0.015455343760550022, 0.000302798580378294, 0.014938062988221645, 0.006636335514485836, -0.003337092697620392, -0.006743576843291521, -0.022015979513525963, 0.0038354487624019384, -0.001405963208526373, -0.059802718460559845, 0.005664856638759375, -0.012755390256643295, 0.006913900841027498, -0.014218917116522789, -0.00993557833135128, 0.005989734549075365, 0.013121271505951881, 9.930649866873864e-06, -0.019795456901192665, 0.015026379376649857, 0.0052264295518398285, -0.014837130904197693, 0.002187404315918684, -0.028690164908766747, 0.01435769908130169, 0.004822698421776295, 0.020653385668992996, -0.00047588266897946596, -0.023984171450138092, -0.02310100756585598, -0.010623183101415634, 0.006144287995994091, -0.013045571744441986, 0.009449838660657406, 0.025144899263978004, -0.020110871642827988, -0.012339042499661446, -0.005579694639891386, -0.020628152415156364, 0.03280317783355713, -0.02816026844084263, -0.006787735037505627, 0.026091143488883972, -0.008326960727572441, -0.0021621710620820522, 0.0018499101279303432, -0.15735432505607605, 0.01705765351653099, 0.0033686342649161816, -0.007267165929079056, -0.006850817706435919, -0.007525806315243244, 0.024022020399570465, -0.02735280431807041, 0.0021148589439690113, -0.012282267212867737, -0.0015486886259168386, -0.009336289949715137, -0.019934240728616714, -0.013108654879033566, 0.020375821739435196, 0.01719643548130989, 0.004863702226430178, 0.020628152415156364, 0.03633582964539528, -0.010661032982170582, 0.026393942534923553, -0.007008525542914867, 0.01324743777513504, -0.004639757331460714, 0.00447889557108283, 0.004406350199133158, -0.019076310098171234, -0.005917188711464405, 0.006901284214109182, -9.004117600852624e-05, -0.04602538421750069, 0.01027622725814581, 0.0055954656563699245, 0.018559029325842857, 0.0225206445902586, 0.0016149258008226752, -0.0102194519713521, 0.0010960678337141871, -0.030330324545502663, 0.017726333811879158, 0.025308914482593536, 0.012446283362805843, 0.007021142169833183, -0.0007234835647977889, -0.0169062539935112, -0.0010574294719845057, 0.0005862779798917472, 0.03045649081468582, 0.011178314685821533, -0.0038291404489427805, 0.010206835344433784, -0.010181602090597153, 0.024274352937936783, 0.022293545305728912, 0.005125497002154589, 0.02014872245490551, 0.012559833005070686, -0.0012301192618906498, 0.0169062539935112, -0.0035799623001366854, 0.01224441733211279, -0.009796795435249805, 0.0006004716851748526, 0.001668546348810196, 0.0005906149162910879, -0.011443262919783592, -0.03171814978122711, -0.01577075943350792, -0.019505275413393974, 0.005866722669452429, -0.014584798365831375, -0.01718381978571415, 0.002177941845729947, -0.00958231370896101, 0.014710964635014534, -0.0010613721096888185, -0.016742238774895668, 0.012774314731359482, -0.008654993027448654, -0.003766057314351201, -0.00830172747373581, 0.04928046837449074, -0.021763648837804794, 0.02041367068886757, -0.0022047520615160465, -0.019088927656412125, 0.0038480653893202543, 0.018798744305968285, -0.010907056741416454, -0.02505658194422722, 0.0020375822205096483, -0.02224307879805565, 0.008415277116000652, -0.022053830325603485, -0.007084225304424763, -0.005100263748317957, 0.0003518850717227906, -0.014117984101176262, -0.007090533617883921, -0.035023704171180725, 0.01147480495274067, -0.003620966337621212, -0.0059802718460559845, 0.020817402750253677, 0.03946474939584732, 0.016275424510240555, 0.00823864433914423, 0.006516477558761835, 0.017978666350245476, -0.006298841442912817, 0.0031005314085632563, -0.0020817401818931103, 0.026999540627002716, 0.0049236309714615345, -0.006346153561025858, 0.006289378739893436, -0.01091967336833477, -0.011058456264436245, -0.006573252379894257, -0.0354778990149498, 0.06575775891542435, 0.014319849200546741, -0.008156636729836464, 0.0011134155793115497, 0.014395548962056637, -0.0029333613347262144, -0.08422847092151642, -0.007021142169833183, 0.008226027712225914, 0.0066868020221591, -0.013146504759788513, 0.019833307713270187, 0.021334683522582054, 0.009569697082042694, -0.013133888132870197, 0.030910687521100044, -0.0014177912380546331, -0.010869207791984081, -0.01801651529967785, 0.0032487765420228243, 0.06298210471868515, -0.00517280912026763, 0.013070804998278618, -0.025334147736430168, -0.0024791634641587734, 0.04128153994679451, -0.017549701035022736, 0.0003438025596551597, -0.005816256161779165, -0.04140770435333252, -0.026595808565616608, -0.0294471625238657, -0.04302263259887695, 0.007368098944425583, 0.02790793590247631, 0.028513532131910324, -0.023593056946992874, -0.019215093925595284, 0.021927664056420326, 0.004564057569950819, 0.005623852834105492, -0.012629223987460136, -0.03651246055960655, 0.00040767411701381207, 0.004166634753346443, -0.02537199854850769, -0.02224307879805565, 0.0027583057526499033, 0.0005811525043100119, -0.010490708984434605, -0.0038512195460498333, 0.007172541227191687, -0.005434603895992041, 0.014988529495894909, 0.01915200985968113, -0.012238109484314919, -0.0020107717718929052, 0.012471516616642475, 0.008970407769083977, 0.012345350347459316, 0.009777870960533619, -0.002811926417052746, 0.0038354487624019384, 0.007336557377129793, 0.001498222118243575, 0.024450985714793205, 0.0033875592052936554, 0.022079063579440117, -0.02493041567504406, -0.008244953118264675, -0.008459435775876045, -0.00901456642895937, -0.026873374357819557, -0.007021142169833183, 0.0062767621129751205, -0.02171318233013153, 0.006863434333354235, 0.033459242433309555, 0.004043622873723507, 0.03391344100236893, 0.00690759252756834, -0.013083421625196934, -0.020628152415156364, 0.010238377377390862, 0.008251260966062546, -0.00027283414965495467, 0.0038007530383765697, 0.00037100710324011743, 0.018218381330370903, 0.016136640682816505, 0.022747743874788284, 0.02059030346572399, -0.0014895482454448938, 0.0015392261557281017, 0.028387367725372314, -0.01606094092130661, 0.021233750507235527, 0.02477901801466942, -0.0030595273710787296, -0.005759481340646744, 0.01565721072256565, 0.006342999637126923, 0.010547484271228313, -0.0038985316641628742, -0.001010117121040821, 0.004160326439887285, -0.03532649949193001, 0.003318167757242918, -0.0813518837094307, 0.03308074548840523, -0.002554862992838025, 0.004387425258755684, 0.013865651562809944, -0.006611102260649204, 0.005223275627940893, 0.004696532152593136, -0.013739485293626785, 0.01590954139828682, 0.003460104577243328, 0.0036556620616465807, -0.01169559545814991, 0.02055245451629162, -0.019126776605844498, -0.006951750721782446, 0.009670630097389221, 0.01647728867828846, 0.04471325874328613, 0.025536013767123222, 0.007197774481028318, 0.008781159296631813, -0.014206300489604473, 0.0030201005283743143, 0.006434469949454069, 0.010831357911229134, -0.009740021079778671, 0.003018523333594203, -0.007557347882539034, 0.013512386940419674, 0.02114543505012989, -0.0005665645585395396, 0.0013428801903501153, 0.02339119091629982, -0.001819945638999343, -0.0324246808886528, 0.030834989622235298, -0.0071094585582613945, 0.010042819194495678, 0.03237421438097954, -0.023618290200829506, -0.020110871642827988, 0.009897728450596333, -0.020375821739435196, -0.014685731381177902, -0.0012151369592174888, -0.0019476887537166476, 0.0027456891257315874, 0.001547900028526783, 0.0026463335379958153, 0.0075951977632939816, 0.02448883466422558, 0.006150596309453249, 0.004400041885674, -0.015404878184199333, -0.019101543352007866, 0.004800619091838598, -0.0012301192618906498, -0.01801651529967785, -0.029749959707260132, -0.011821760796010494, -0.004453662317246199, -0.01372686866670847, 0.04027220979332924, 0.007771830074489117, -0.013853034935891628, -0.012130867689847946, 0.01295725628733635, 0.0021022423170506954, -0.07988835871219635, -0.024842100217938423, -0.009859878569841385, 0.016426822170615196, 0.000247206655330956, -0.006119054742157459, -0.005472453311085701, -0.01604832522571087, 0.016717005521059036, -0.022344011813402176, 0.004384271334856749, 0.03358541056513786, 0.011279246769845486, -0.019543124362826347, 0.004633449018001556, -0.012850014492869377, 0.030355557799339294, 0.0030689898412674665, -0.007368098944425583, 0.025271065533161163, -0.00619790842756629, -0.03257608041167259, 0.017726333811879158, -0.0017615938559174538, 0.0020959340035915375, -0.0036840494722127914, -0.011500038206577301, 0.00044749528751708567, 0.022066446021199226, 0.026595808565616608, 0.009411988779902458, 0.0012656034668907523, 0.005620698444545269, -0.006730960216373205, -0.015972625464200974, -0.029926592484116554, 0.005604927893728018, 0.0015392261557281017, -0.023630905896425247, -0.013335754163563251, -0.011455879546701908, -0.008617143146693707, 0.030355557799339294, 0.011727136559784412, 0.028261201456189156, -0.002999598393216729, 0.011929002590477467, 0.026696741580963135, -0.01544272806495428, -0.017234286293387413, 0.03772365674376488, 0.0025154361501336098, -0.007740288507193327, 0.002628985559567809, -0.021523931995034218, 0.025889279320836067, 0.006119054742157459, 0.008244953118264675, -0.02027488872408867, -0.006141133606433868, -0.019833307713270187, -0.00124194729141891, -0.011638820171356201, -0.03704236075282097, 0.008528826758265495, 0.00037790683563798666, 0.005327362567186356, 0.02563694678246975, 0.01409275084733963, 0.014736197888851166, 0.04423382505774498, 0.009292131289839745, -0.013714252039790154, 0.0017663250910118222, -0.00901456642895937, 0.02606591023504734, 0.014206300489604473, -0.01927817612886429, -0.032197583466768265, -0.032500382512807846, 0.007879070937633514, -0.019126776605844498, 0.014559565111994743, -0.01606094092130661, -0.006762501783668995, 0.0005093955551274121, -0.0022299853153526783, 0.02959856204688549, 0.019063694402575493, 0.017385685816407204, 0.021069735288619995, -0.013297904282808304, 0.004125630483031273, 0.004623986780643463, -0.0226594265550375, 0.01941695809364319, 0.03449380397796631, -0.013979201205074787, 0.012074093334376812, -0.04819544032216072, -0.00012587037053890526, 0.018357163295149803, 0.014017051085829735, -0.002323032822459936, 0.024438368156552315, -0.012408433482050896, 0.01801651529967785, 0.008648684248328209, 0.0025343610905110836, 0.0003855950781144202, -0.0182940810918808, 0.006141133606433868, -0.03461997210979462, -0.02732757106423378, 0.026570575311779976, 0.009557080455124378, -0.009336289949715137, -0.013272671028971672, 0.0051917340606451035]"
U5286,N16566 N45354 N5696 N19048 N3046 N16870 N63302 N18680 N11005 N60028 N5607 N44110 N55556 N39221 N13140 N50456 N49972 N60028 N43627 N13168,"[-0.012114416807889938, -0.021571144461631775, -0.0013127176789566875, -0.019184386357665062, -0.0019239216344431043, 0.013869008049368858, -0.0035607870668172836, 2.7440677513368428e-05, 0.0003945007047150284, -0.00670227874070406, -0.014333457686007023, 0.033466238528490067, -0.023519257083535194, 0.0064055463299155235, 0.007237686775624752, 0.015107542276382446, 0.024035312235355377, -0.004983166698366404, -0.01110810786485672, -0.01165641751140356, -0.011591910384595394, 0.007411855738610029, -0.014785007573664188, -0.016513794660568237, 0.002788315527141094, 0.02034551091492176, 0.017287880182266235, -0.02015199139714241, 0.016113851219415665, -0.007282841484993696, 0.013585176318883896, -0.002381921513006091, -0.035994913429021835, -0.04716752842068672, -0.024370748549699783, -0.03145362064242363, -0.0015747774159535766, -0.008463320322334766, 0.015378471463918686, -0.030937563627958298, 0.007237686775624752, 0.0030721465591341257, -0.004567096475511789, -0.02657688967883587, -0.02755739539861679, 0.0046122511848807335, 0.013456162996590137, -0.03411130979657173, -0.004344547167420387, -0.0028931396082043648, 0.02732517011463642, 0.024383651092648506, -0.010966191999614239, 0.003038280177861452, 0.0068441941402852535, -0.01695244200527668, -0.009282559156417847, 0.009695404209196568, -0.006915151607245207, -0.004657406359910965, -0.011785430833697319, -0.0019126329571008682, 0.001690083765424788, -0.0016481541097164154, 0.0032124491408467293, -0.021106693893671036, -0.005054124630987644, 0.01074041798710823, -0.017881343141198158, -0.001831999165005982, 0.022422637790441513, -0.011140361428260803, 0.025196438655257225, 0.003499505342915654, 0.0022174285259097815, -0.01074041798710823, -0.01036627683788538, 0.0058540115132927895, -0.016746019944548607, 0.01246920507401228, 0.012688529677689075, -0.026602691039443016, 0.0007377989240922034, 0.009579291567206383, 0.011191966943442822, -0.025312552228569984, -0.00018807825108524412, 2.6508350856602192e-05, -0.013340050354599953, -0.008276249282062054, 0.00244159041903913, 0.042884260416030884, -0.005647588986903429, 0.0006511176470667124, -0.0362529419362545, 0.01128227636218071, -0.001325619057752192, 0.029131365939974785, 0.015842922031879425, -0.019197287037968636, -0.00888906605541706, -0.015468781813979149, 0.01477210596203804, -0.008160136640071869, 0.019184386357665062, -0.022345228120684624, -0.0007277197437360883, -0.012095064856112003, 0.010675910860300064, -0.0009676051558926702, -0.015713907778263092, 0.04365834593772888, -0.002378696110099554, -0.04510330408811569, -0.04265203699469566, -0.0006281370297074318, 0.007579573895782232, -0.02322252467274666, 0.006360391620546579, 0.007237686775624752, 0.021854976192116737, 0.01949401944875717, 0.033388830721378326, -0.005512124393135309, 0.01073396671563387, 0.05480515584349632, -0.04420020431280136, 0.0030963364988565445, 0.013739993795752525, 0.006379743572324514, 0.05093473568558693, 0.018655428662896156, 0.011411290615797043, 0.016617005690932274, 0.00898582674562931, 0.02240973524749279, -0.014823711477220058, 0.004625152796506882, 0.005437941290438175, -0.02377728559076786, 0.005715321283787489, 0.024099819362163544, -0.021029286086559296, -0.016900837421417236, 0.01764911785721779, 0.010179206728935242, -0.0009385770536027849, -0.013049768283963203, 0.025157734751701355, 0.004041364416480064, 0.012701430357992649, -0.014617289416491985, 0.02381598949432373, 0.014307655394077301, 0.01110810786485672, 0.002731872024014592, -0.009521234780550003, -0.00106678472366184, 4.777550566359423e-05, 0.008134334348142147, 0.010179206728935242, 0.02533835358917713, -0.007779545616358519, 0.01901666633784771, -0.006766785401850939, 0.020022977143526077, 0.0013417458394542336, -0.0021980763413012028, -0.008360108360648155, -0.0049025327898561954, 0.008682643994688988, 0.015971936285495758, -0.034859590232372284, 0.0534634105861187, -0.024022411555051804, 0.00968250259757042, -0.03442094102501869, -0.026293057948350906, -0.025002917274832726, -0.012372445315122604, -0.036149729043245316, -0.002702843863517046, 0.006047532428056002, 0.03847198188304901, -0.02104218676686287, 0.012888501398265362, 0.0048154485411942005, -0.01531396433711052, 0.012727233581244946, 0.014655993320047855, 0.00826334860175848, 0.008998728357255459, 0.02809925377368927, -0.008237545378506184, -0.6539462804794312, -0.005773377604782581, 0.004221983719617128, -0.0015554253477603197, 0.006837743334472179, 0.027660606428980827, -0.002523836912587285, -0.0005229099770076573, -0.011643515899777412, -0.00012770372268278152, -0.020203595981001854, 0.015339767560362816, 0.008772953413426876, 0.0021206680685281754, 0.005495997611433268, -0.006215250585228205, -0.006663574371486902, -0.0011990241473540664, -0.009243855252861977, -0.0038542940746992826, -0.008979376405477524, 0.020177792757749557, -0.0011812846641987562, -0.0060217296704649925, -0.01527526043355465, -0.03522082790732384, 0.004270364064723253, -0.007760193664580584, -0.03524663299322128, 0.029673226177692413, -0.007792447227984667, 0.033853281289339066, -0.012559515424072742, 0.016784723848104477, 0.04275524616241455, -0.01252726186066866, -0.017868442460894585, 0.01683633029460907, -0.0034608012065291405, 0.018719935789704323, -0.00681194057688117, -5.528452675207518e-05, 0.005699194502085447, -0.004215533379465342, -0.02642207220196724, -0.0058733634650707245, 0.004876730032265186, 0.01453988067805767, -0.014049626886844635, 0.014385064132511616, -0.026318861171603203, 0.002867336617782712, -0.017468499019742012, -0.007579573895782232, -0.01179188210517168, -0.014823711477220058, 0.03963311016559601, -0.022345228120684624, 0.002896364778280258, -0.003686575684696436, 0.002381921513006091, 0.012269233353435993, 0.009837319143116474, -0.0028012169059365988, 0.018229681998491287, 0.031866464763879776, -0.013107825070619583, 0.021184103563427925, 0.016436386853456497, -0.003064083168283105, 0.02088737115263939, 0.02513193152844906, 0.012146670371294022, 0.0019481118069961667, -0.0026383367367088795, 0.02260325662791729, 0.0192875973880291, -0.000219727007788606, -0.016965344548225403, 0.0037414066027849913, -0.00477351900190115, -0.017094358801841736, -0.024370748549699783, -0.004180054180324078, 0.02884753607213497, 0.005002518650144339, -0.02073255367577076, -0.0005737092578783631, 0.03253733739256859, -0.026409171521663666, 0.01243050117045641, 0.036768995225429535, -0.037439871579408646, 0.009637347422540188, -0.020513229072093964, 0.007508616428822279, -0.001894893473945558, 0.02884753607213497, 0.04564516246318817, -0.04040719196200371, -0.006376517936587334, -0.014230246655642986, 0.01081782579421997, -0.0009595418232493103, 0.020010074600577354, 0.001291752909310162, -0.014462471939623356, 0.03184065967798233, 0.02580280415713787, -0.01730078086256981, 0.026757508516311646, 0.015172049403190613, 0.01256596576422453, 0.003305984428152442, -0.02638336829841137, -0.023441847413778305, -0.021016385406255722, 0.014139937236905098, 0.024099819362163544, -0.02884753607213497, -0.0035865898244082928, -0.009805065579712391, 0.009385770186781883, 0.0014868866419419646, 0.00019543609232641757, 0.016707316040992737, -0.007418306544423103, -0.04252302274107933, 0.021016385406255722, -0.006734532304108143, -0.007373151369392872, -0.0008188358624465764, 0.04481947049498558, -0.0012925592018291354, 0.017636217176914215, 0.021364722400903702, 0.012694980017840862, 0.004373575560748577, 0.0017174992244690657, -0.008360108360648155, -0.003615617984905839, 0.011333881877362728, -0.012107966467738152, -0.01141774095594883, -0.020526131615042686, -0.012862698175013065, -0.012114416807889938, -0.0038155897054821253, -0.03307919576764107, 0.02186787687242031, 0.02443525567650795, 0.012443402782082558, -0.019752047955989838, 0.0015812281053513288, 0.019971370697021484, 0.015172049403190613, -0.01714596338570118, 2.3282998881768435e-05, -0.0008434291812591255, -0.032795365899801254, 0.009759911336004734, -0.009688952937722206, -0.044019583612680435, -0.011004895903170109, 0.002219041110947728, -0.021067989990115166, 0.019829455763101578, 0.010708164423704147, -0.005379884969443083, -0.004544518887996674, 0.009701854549348354, -0.01824258267879486, -0.014655993320047855, 0.001282883225940168, 0.0064055463299155235, 0.03746567294001579, 0.008140784688293934, -0.01606224663555622, 0.002654463518410921, -0.010604952462017536, 0.00704416586086154, 0.01808776706457138, -0.01389481034129858, -0.018926357850432396, 0.014230246655642986, 0.014023824594914913, 0.028899140655994415, -5.150481592863798e-05, -0.008237545378506184, -0.005821757949888706, -0.026176946237683296, 0.004792870953679085, 0.017042752355337143, 0.013520670123398304, 0.004360673949122429, 0.013365852646529675, -0.011559656821191311, 0.008772953413426876, 0.02526094578206539, 0.020203595981001854, -0.00559275783598423, -0.03449834883213043, 0.011217769235372543, -0.008514925837516785, -0.000630152877420187, -0.02034551091492176, 0.0007660207920707762, -0.0007365894271060824, 0.017004048451781273, -0.006347490008920431, -0.01594613306224346, -0.008456869050860405, -0.01183058600872755, -0.007702137343585491, 0.0435035303235054, 0.037749502807855606, -0.006434574257582426, -0.008656840771436691, -0.024448158219456673, 0.0016658935928717256, 0.018190978094935417, -0.010275967419147491, 0.018113568425178528, 0.012482106685638428, 0.011540304869413376, 0.00447356142103672, -0.0006172514986246824, 0.01629447191953659, -0.027841227129101753, -0.006079785991460085, -0.017171766608953476, 0.021493736654520035, 0.0038413924630731344, 0.02526094578206539, 0.008585883304476738, -0.023570861667394638, 0.01393351424485445, -0.018036160618066788, 0.031789056956768036, -0.0011901543475687504, 0.002483519958332181, 0.017791034653782845, -0.008321404457092285, -0.006908700801432133, 0.04208437353372574, 0.022848384454846382, 0.0073021939024329185, 0.009018080309033394, 0.01644928753376007, -0.012424050830304623, -0.006482954602688551, -0.0024964213371276855, -0.007121574133634567, 0.021029286086559296, 0.01726207695901394, 0.0029253929387778044, 0.007644081022590399, -0.0061088139191269875, 0.013817401602864265, 0.003738181432709098, -0.001576390117406845, -0.0033011464402079582, 0.02923457883298397, -0.02306770719587803, 0.02871852181851864, -0.021132497116923332, -0.001351421931758523, -0.03367266058921814, -0.005473420023918152, -0.0038542940746992826, 0.0012925592018291354, 0.0024625551886856556, -0.004696110263466835, -0.0014659218722954392, -0.006215250585228205, 0.015533288940787315, 0.008256897330284119, 0.004921885207295418, 0.0008204485638998449, 0.014552782289683819, -0.02696393057703972, -0.029337789863348007, 0.012011205777525902, 0.006515208166092634, -0.012127318419516087, -0.030937563627958298, -0.016165457665920258, 0.0070248134434223175, -0.0048348004929721355, 0.01416573952883482, 0.013314247131347656, 0.0332082100212574, -0.02680911496281624, 0.0016933090519160032, -0.003573688445612788, -0.00888906605541706, 0.031505223363637924, -0.013327148742973804, 0.03777530789375305, -0.03865260258316994, 0.03465316817164421, 0.009521234780550003, -0.027221959084272385, -0.04758037254214287, 0.016849230974912643, 0.01566230319440365, -0.017274977639317513, 0.005747574847191572, -0.01999717392027378, 0.0010369502706453204, -0.0020077808294445276, -0.008456869050860405, -0.02443525567650795, 0.0033382379915565252, 0.017326584085822105, 0.00521216681227088, -0.018384497612714767, 0.009230953641235828, 0.02630596049129963, 0.0008329467964358628, -0.02431914396584034, -0.02724776230752468, -0.01991976611316204, 0.01745559833943844, 0.14078010618686676, 0.03173745051026344, -0.0007474750163964927, -0.01824258267879486, 0.0007583605474792421, -0.009572840295732021, -0.020126188173890114, -0.007502165623009205, 0.011675769463181496, 0.01389481034129858, 0.0023174143861979246, -0.008211743086576462, 0.013804500922560692, 0.0022803228348493576, 0.027660606428980827, 0.009301911108195782, 0.0022803228348493576, -0.01256596576422453, 0.006799038965255022, -0.01549458410590887, 0.010392080061137676, -0.030111873522400856, -0.016036443412303925, 0.023325735703110695, -0.01893925853073597, -0.03940088301897049, 0.014256049878895283, 0.022848384454846382, -0.009456727653741837, 0.009598643518984318, 0.006173321045935154, 0.04296167194843292, -0.01215957198292017, 0.002531900303438306, -0.01602354273200035, -0.00994053017348051, -0.0001213538198499009, 0.027970241382718086, 0.05784988775849342, -0.0010151790920644999, 0.024770691990852356, -0.007921461015939713, 0.014256049878895283, 0.007779545616358519, -0.0005128307384438813, -0.030653731897473335, -0.017829738557338715, 0.019945567473769188, -0.003934927750378847, -0.02190658077597618, 0.026241453364491463, 0.013675486668944359, -0.01124357245862484, -0.017274977639317513, 0.01749430224299431, 0.0025593156460672617, 0.002349667949602008, 0.0011087142629548907, -0.03292438015341759, 0.034240320324897766, -0.003041505580767989, -0.02709294483065605, 0.00154171756003052, -0.006637771613895893, -0.006089461967349052, -0.026912325993180275, -0.025364156812429428, -0.024848101660609245, -0.015352669171988964, -0.015804218128323555, 0.01074041798710823, 0.008179489523172379, 0.0012070874217897654, -0.003291470231488347, 0.031427815556526184, 0.00863103847950697, 0.022151708602905273, -0.031014971435070038, -0.012230529449880123, 0.003205998567864299, -0.0028883013874292374, 0.018539315089583397, -0.007437658496201038, -0.024332044646143913, -0.02459007315337658, 0.01984235644340515, 0.004838026128709316, -0.009740558452904224, -0.04017496854066849, 0.006524884141981602, 0.009876023977994919, 0.011708023026585579, 0.020319709554314613, -0.007785996422171593, -0.0009393833461217582, 0.008063376881182194, -0.02877012826502323, 0.012275684624910355, 0.009605093859136105, 0.0022158159408718348, 0.021996891126036644, -0.0013417458394542336, -0.034704770892858505, -0.010972642339766026, 0.006063659209758043, -0.007347348611801863, -0.008960024453699589, -0.0006749046151526272, -0.03083435259759426, -0.005647588986903429, 0.007366700563579798, -0.011482248082756996, 0.013727092184126377, -0.00630556046962738, 0.01675892248749733, 0.01766202040016651, 0.005673391744494438, 0.008160136640071869, -0.00012709897418972105, 0.009888924658298492, -0.01294010691344738, -0.008624587208032608, 0.022203313186764717, 0.032330915331840515, -0.012817542999982834, 0.011430642567574978, -0.008643940091133118, -0.004151026252657175, 0.012907853350043297, 0.001450601383112371, 0.017094358801841736, -0.0048154485411942005, -0.008579432964324951, 0.009243855252861977, -0.011101656593382359, 0.0013691612984985113, 0.0077730948105454445, 0.015055936761200428, -0.019984273239970207, 0.00369302649050951, 0.004750941414386034, 0.005841109901666641, 0.019235990941524506, 0.008192390203475952, 0.003644646145403385, -0.03114398568868637, -0.022422637790441513, 0.022706467658281326, 0.008914869278669357, 0.03421451896429062, -0.023880496621131897, -0.007128024939447641, -0.03689800947904587, -0.00031326216412708163, 0.005676616914570332, -0.0047606173902750015, 0.007063517812639475, 0.02213880605995655, 0.011959600262343884, 0.016010640189051628, 0.04087164252996445, -0.015688104555010796, 0.028976550325751305, -0.004925110377371311, -0.0032672800589352846, -0.017313681542873383, -0.00477351900190115, -0.00019694797811098397, -0.027041340246796608, 0.001373999402858317, 0.003291470231488347, 0.013301345519721508, 0.024602973833680153, 0.029492605477571487, -0.00972120650112629, 0.011546755209565163, -0.017326584085822105, -0.03137620911002159, -0.017094358801841736, -0.01968754082918167, 0.005683067720383406, -0.005573405884206295, -0.014655993320047855, 0.010940389707684517, -0.0011433868203312159, -0.004212307743728161, 0.02455136924982071, -0.004076843149960041, 0.01095329038798809, 0.000764004944358021, 0.009134192951023579, -0.011488698422908783, 0.0034930547699332237, -0.020293906331062317, 0.003928476944565773, -0.0026189847849309444, -0.003941378556191921, -0.011237121187150478, -0.0007430401747114956, 0.0009603481157682836, 0.026447875425219536, -0.0001232688664458692, -0.006382968742400408, 0.015133345499634743, -0.01165641751140356, 0.005837884731590748, -0.020913172513246536, -0.010566248558461666, 0.027892831712961197, -0.012340191751718521, 0.0035124067217111588, -0.027970241382718086, -0.03449834883213043, -0.04040719196200371, -0.0061700958758592606, -0.010508192703127861, -0.014217345044016838, 0.01118551567196846, 0.023364439606666565, -0.02505452372133732, -0.01527526043355465, 0.01606224663555622, 0.049128539860248566, 0.0070054614916443825, 0.015533288940787315, 0.017545906826853752, -0.011262924410402775, -0.02938939444720745, 0.030653731897473335, 0.013727092184126377, -0.008960024453699589, 0.009101939387619495, 0.024344947189092636, 0.003451125230640173, -0.008237545378506184, 0.019429512321949005, -0.02603502944111824, -0.011391938664019108, -0.033311422914266586, 0.03000866249203682, -0.017004048451781273, -0.002389984903857112, 0.012353092432022095, -0.011269374750554562, -0.013107825070619583, 0.007663432974368334, -0.034162912517786026, -0.013088473118841648, -0.02213880605995655, -0.0061636450700461864, -0.021390525624155998, -0.031505223363637924, -0.02817666344344616, 0.020474525168538094, 0.0011708022793754935, -0.024344947189092636, 0.0031769704073667526, 0.002438365016132593, -0.006773236207664013, 0.008140784688293934, -0.0030721465591341257, 0.01370128896087408, -0.03411130979657173, -0.01737818866968155, -0.006466827820986509, 0.002654463518410921, -0.014836613088846207, -0.006012053694576025, -0.004621927626430988, 0.02451266534626484, -0.01340455748140812, 0.0027431605849415064, -0.005918518174439669, -0.0003400729037821293, 0.006499081384390593, 0.002094865310937166, -0.00034652359317988157, -0.027273565530776978, -0.00904388353228569, 0.012901402078568935, 0.032330915331840515, 0.01297881081700325, 0.020397117361426353, 0.0057314480654895306, 0.0028866888023912907, -0.004767068196088076, -0.004850927274674177, -0.004057491198182106, -0.023093510419130325, -0.012320838868618011, -0.013082021847367287, -0.0046477303840219975, -0.007960164919495583, -0.016513794660568237, -0.011837036348879337, -0.005512124393135309, -0.01210151519626379, 0.010933938436210155, -0.03617553412914276, -0.014914020895957947, -0.021351821720600128, -0.003912350162863731, -0.04309068247675896, -0.030266690999269485, 0.022280722856521606, -0.01042433362454176, 0.0031060127075761557, 0.021300215274095535, -0.015455880202353, -0.03816234692931175, -0.012436951510608196, -0.00043663184624165297, -0.005573405884206295, -0.0016771822702139616, -0.023441847413778305, -0.0035349843092262745, 0.012314388528466225, -0.00853427778929472, -0.022964496165513992, 0.02354506030678749, -0.011211318895220757, -0.01183058600872755, 0.020900271832942963, -0.0023932100739330053, -0.015094640664756298, 0.01412703562527895, -0.0068635460920631886, -0.004605800844728947, -0.011714473366737366, -0.026280157268047333, -0.02393210120499134, 0.009759911336004734, -0.002901202766224742, -0.011740276589989662, -0.02560928463935852, -0.008334306068718433, -0.01936500519514084, 0.02295159548521042, 0.011166163720190525, -0.011217769235372543, 0.026241453364491463, 0.013817401602864265, 0.01617835834622383, -0.01766202040016651, -0.00881165824830532, -0.017120160162448883, -0.010288868099451065, -0.0034575758036226034, -0.020913172513246536, -0.03307919576764107, -0.026138240471482277, 0.006515208166092634, -0.015249458141624928, 0.007721489295363426, -0.029518408700823784, 0.0003255588235333562, -0.022706467658281326, -0.023196721449494362, 0.0048154485411942005, 0.003264054888859391, 0.005812081973999739, -0.011585459113121033, 0.010792023502290249, 0.009708304889500141, -0.0037994629237800837, 0.020410018041729927, -0.008347207680344582, -0.031711645424366, -0.003860744647681713, -0.007663432974368334, 0.01683633029460907, 0.012320838868618011, 0.005924968980252743, -0.019145680591464043, 0.009308361448347569, -0.002367407316341996, 0.006747433450073004, 0.01243050117045641, -0.010714614763855934, -0.041568320244550705, -0.007921461015939713, 0.0019610130693763494, -0.005266997497528791, 0.011675769463181496, 0.017687823623418808, -0.01804906129837036, -0.003996209241449833, -0.002691555069759488, -0.007018363103270531, -0.01294010691344738, 0.014720500446856022, 0.008456869050860405, 0.004847702104598284, 0.04213597998023033, -0.006882898043841124, -0.013275543227791786, -0.02693812921643257, -0.006089461967349052, 0.0023254777770489454, -0.021803369745612144, -0.0058185323141515255, 0.03395649045705795, 0.013365852646529675, -0.008379461243748665, 0.005679842550307512, 0.0010046967072412372, -0.02256455272436142, -0.024770691990852356, 0.00021992859547026455, -0.003023766214028001, 0.0063507151789963245, -0.02111959643661976, 0.018023259937763214, -0.020835764706134796, 0.01523655652999878, -0.004160702228546143, -0.013830303214490414, -0.020010074600577354, 0.022383933886885643, 0.012307938188314438, -0.03842037543654442, -0.013778697699308395, -0.02474489063024521, -0.009308361448347569, -0.036381956189870834, -0.012211177498102188, -0.015649400651454926, 0.004160702228546143, -0.018384497612714767, 0.011443544179201126, -0.023712778463959694, -0.017868442460894585, 0.0010933938901871443, 0.032872773706912994, 0.004931561183184385, 0.0045799980871379375, 0.21880778670310974, -0.011604811064898968, 0.012456304393708706, 0.03062792867422104, -0.011398389004170895, 0.007457010447978973, 0.026860719546675682, 0.007682784926146269, -0.0010772671084851027, -0.0010022777132689953, 0.0021529216319322586, 0.004070392344146967, -0.01797165349125862, 0.0008482672274112701, 0.01484951376914978, 0.010966191999614239, -0.015842922031879425, -0.01828128658235073, -0.009289009496569633, -0.026551086455583572, -0.02069384977221489, 0.0009772812481969595, 0.0008482672274112701, -0.0007486845133826137, 0.0016546049155294895, 0.012114416807889938, -0.004515490960329771, -0.0012143445201218128, 0.006928053218871355, 0.011772530153393745, -0.00972765777260065, -0.03160843625664711, -0.006079785991460085, -0.006792588159441948, -0.0007430401747114956, -0.02221621572971344, 0.023441847413778305, -0.013352951966226101, 0.014552782289683819, 0.013920613564550877, 0.01617835834622383, -0.002514160703867674, 0.017042752355337143, 0.019571427255868912, 0.01971334218978882, 0.02159694768488407, 0.006118489895015955, -0.027583198621869087, 0.02877012826502323, 0.007702137343585491, -0.018810244277119637, -0.009521234780550003, 0.007431207690387964, 0.00545729324221611, 0.021584047004580498, -0.025480270385742188, 0.015172049403190613, -0.015159147791564465, 0.017197569832205772, 0.01321103610098362, -0.0022577454801648855, -0.0008805207326076925, -0.007244137581437826, 0.017636217176914215, -0.022267820313572884, 0.005202490370720625, -0.024577172473073006, -0.0023690201342105865, 0.004828349687159061, -0.014797908253967762, -0.0030544069595634937, -0.024564269930124283, -0.002565766451880336, -0.004218758549541235, 0.007908559404313564, -0.020642243325710297, -0.003622068790718913, 0.01793294958770275, 0.01573971100151539, 0.03924606740474701, -0.00898582674562931, 0.0027560621965676546, 0.010243713855743408, -0.01762331649661064, -0.016965344548225403, -0.02163565158843994, 0.0093535166233778, -0.02171305939555168, 0.012056360952556133, -0.014436669647693634, -0.004118772689253092, -0.019429512321949005, 0.010121149942278862, -0.0043574487790465355, -0.0035124067217111588, 0.011811234056949615, 0.018694132566452026, 0.010475939139723778, -0.0038542940746992826, 0.01261112093925476, -0.012856247834861279, -0.015675203874707222, 0.03024088777601719, 0.004373575560748577, -0.026525283232331276, -0.004183279816061258, -0.022732270881533623, 0.015146246179938316, 0.0263446643948555, -0.003941378556191921, -0.001362710609100759, -0.022964496165513992, 0.0008264961070381105, 0.0037962377537041903, 0.01077267061918974, 0.026318861171603203, 0.008979376405477524, -0.036149729043245316, 0.012385345995426178, -0.023145116865634918, 0.00863103847950697, -0.013056219555437565, -0.007527968380600214, 0.0028463718481361866, 0.008379461243748665, -0.014681795611977577, -0.012359543703496456, 0.014062528498470783, 0.00972120650112629, -0.0343693345785141, -0.002127118641510606, 0.02096477895975113, 0.012740135192871094, -0.025583481416106224, -0.024074016138911247, 0.0002167032507713884, 0.021493736654520035, -0.050960540771484375, -0.011191966943442822, 0.005676616914570332, 0.00538956094533205, -0.0011764466762542725, -0.016152555122971535, 0.008443967439234257, 0.02108089067041874, -0.026680100709199905, 0.023828890174627304, 0.003086660522967577, -0.011056502349674702, -0.01252726186066866, -0.0454387404024601, 0.030137676745653152, 0.0014715662691742182, -0.018384497612714767, 0.01457858458161354, -0.019906863570213318, -0.004460659809410572, -0.018642526119947433, -0.004692885093390942, 0.022164609283208847, -0.04022657126188278, 0.002059386344626546, 0.01594613306224346, -0.013765796087682247, -0.011849937960505486, 0.015571992844343185, -0.16307373344898224, 0.03196967393159866, 0.020435821264982224, -0.0014747915556654334, 0.004231660161167383, 0.007308644708245993, 0.02190658077597618, -0.0025899566244333982, -0.020706750452518463, 0.019197287037968636, 0.016746019944548607, -0.001704597845673561, -0.03199547901749611, -0.01610095053911209, -0.010927488096058369, 0.007063517812639475, 0.003857519244775176, 0.008114982396364212, 0.011204867623746395, -0.008127883076667786, 0.022087201476097107, -0.017016949132084846, 0.002020682208240032, -0.0462128221988678, -0.00834075640887022, 0.023570861667394638, 0.0035124067217111588, -0.001149031100794673, -0.012307938188314438, -0.012178923934698105, -0.018423203378915787, -0.01186928991228342, 0.02732517011463642, 0.013972219079732895, 0.00352208293043077, -0.013778697699308395, 0.012353092432022095, -0.02688652276992798, -0.019468216225504875, 0.02611243911087513, 0.022693566977977753, 0.046470850706100464, 0.012856247834861279, -0.024538466706871986, -0.004447758663445711, 0.019932666793465614, 0.013469064608216286, 0.004992842674255371, -0.004409054294228554, 0.000452355423476547, 0.010353375226259232, -0.022474242374300957, 0.01843610405921936, 0.00902453064918518, 0.01573971100151539, 0.00048057723324745893, -0.010056642815470695, 0.007308644708245993, -0.0017110485350713134, -0.006463602650910616, 0.009308361448347569, -0.013985120691359043, -0.010895234532654285, -0.012004755437374115, -0.01793294958770275, -0.003944603726267815, -0.019339201971888542, -0.017842639237642288, -0.007353799417614937, 0.013727092184126377, -0.0013393268454819918, -0.015765514224767685, 0.006112039554864168, -0.01324974000453949, 0.013301345519721508, 0.011449994519352913, -0.010514643043279648, 0.026912325993180275, -0.00816658791154623, 0.0016739569837227464, -0.007779545616358519, 0.055321212857961655, 0.005502447951585054, 0.022435538470745087, 0.00488318083807826, 0.0017562033608555794, -0.019468216225504875, 0.002415787661448121, -0.019816555082798004, 0.005531476344913244, 0.0028237944934517145, -0.03847198188304901, -0.013649683445692062, -0.03733665868639946, -0.004828349687159061, 0.010205009020864964, 0.01874573715031147, 0.008992277085781097, 0.005834659095853567, -0.02007458172738552, 0.00881165824830532, -0.0020706751383841038, -0.00857298169285059, 0.019829455763101578, 0.01114681176841259, 0.011533853597939014, 0.010417882353067398, 0.002298062201589346, 0.014191542752087116, 0.008140784688293934, -0.007947264239192009, 0.02127441205084324, 0.012888501398265362, 0.030292492359876633, 0.009714756160974503, 0.034549955278635025, -0.0017836189363151789, -0.034859590232372284, 0.01215957198292017, 0.00308343512006104, 0.047915808856487274, 0.005283124279230833, -0.005102504510432482, 0.009205150417983532, -0.029724830761551857, -0.006682926323264837, -0.08788435161113739, -0.020977679640054703, -0.01586872525513172, 0.026705903932452202, -0.016939541324973106, 0.013610979542136192, 0.006382968742400408, -0.0021867877803742886, 0.0037768855690956116, 0.010392080061137676, -0.0013465838273987174, 0.007966616190969944, 0.0060346308164298534, -0.01042433362454176, -0.00045759661588817835, -0.01206281129270792, 0.007076419424265623, -0.02202269434928894, -0.016849230974912643, 0.016771823167800903, 0.018965061753988266, -0.0028834633994847536, -0.008598784916102886, -0.025067424401640892, 0.034085504710674286, -0.017081456258893013, -0.025325452908873558, 0.01762331649661064, 0.012482106685638428, 0.0145011767745018, -0.0006720824167132378, -0.0049089835956692696, 0.012217627838253975, -0.01284334622323513, -0.017274977639317513, 0.011275826022028923, 0.004360673949122429, -0.013178782537579536, 0.011766078881919384, -0.018719935789704323, 0.009372868575155735, 0.01594613306224346, -0.008908418007194996, -0.05188944190740585, 0.018036160618066788, 0.006186222657561302, -0.02778962068259716, 0.01757171005010605, -0.0019077948527410626, -0.004702561069279909, -0.005037997849285603, 0.013881908729672432, -0.028873339295387268, 0.00304956897161901, 0.04327130317687988, 0.00233837915584445, 0.012953007593750954, 0.019648835062980652, -0.015455880202353, -0.003786561544984579, 0.010159854777157307, 0.00488318083807826, -0.009263207204639912, 0.03367266058921814, 0.005537927150726318, 0.006818391382694244, 0.006408771499991417, -0.031943872570991516, 0.004186504986137152, -0.009114840999245644, -0.025325452908873558, 0.013223937712609768, -0.012417599558830261, 0.010921036824584007, -0.011572558432817459, 0.013765796087682247, -0.029595816507935524, -0.038755811750888824, -0.0015949358930811286, -0.003370491322129965, 0.008553629741072655, -0.029879648238420486, 0.026705903932452202, -0.010495291091501713, 0.011559656821191311, 0.005663715768605471, -0.010282417759299278, 0.041877951472997665, -0.004615476820617914, -0.016307372599840164, 0.011604811064898968, 0.02478359453380108, 0.014823711477220058, -0.01570100709795952, -0.008721347898244858, -0.015546189621090889, -0.02673170529305935, 0.0074828132055699825, 0.028047649189829826, 0.01753300614655018, -0.0034640266094356775, 0.0029463577084243298, -0.05908842384815216, 0.026989733800292015, -0.0034962801728397608, 0.005270222667604685, 9.449269418837503e-05, -0.01223697979003191, 0.014617289416491985, -0.009469629265367985, -0.0047960965894162655, 0.008992277085781097, -0.02568669244647026, 0.015920329838991165, 0.0040671671740710735, 0.004409054294228554, -0.04136189445853233, -0.017803935334086418, 0.006092687137424946, -0.017558809369802475, 0.0002648819063324481, 0.0006845806492492557, 0.013327148742973804, 0.002598020015284419, -0.017287880182266235, 0.02482229843735695, 0.00015935247938614339, 0.01917148381471634, -0.0035091815516352654, 0.00017406814731657505, -0.0290023535490036, 0.0020819639321416616, 0.004486462567001581, -0.02150663733482361, 0.02077125757932663, 0.026628494262695312, -0.01366258505731821, -0.015726810321211815, 0.009005178697407246, 0.02124861069023609, 0.0015401048585772514, -0.0057314480654895306, -0.003189871786162257, -0.02412562258541584, 0.019145680591464043, -0.0022319427225738764, -0.017520103603601456, -0.003331787185743451, -0.015055936761200428, -0.001621545059606433, 0.02564798854291439, 0.004318744409829378, 0.026628494262695312, 0.01816517487168312, -0.017584610730409622, -0.00552502553910017, 0.004767068196088076, -0.006663574371486902, 0.01944241300225258, -0.013391655869781971, 0.010708164423704147, -0.0027544493786990643, 0.013830303214490414, -0.008269798941910267, -0.004309068433940411, -0.0015610697446390986, 0.025867311283946037, 0.010075995698571205, -0.0011224220506846905, 0.0036059420090168715, 0.009611545130610466, -0.013288444839417934, -0.020719652995467186, -0.004586448427289724, 0.0067151798866689205, 0.00640232115983963, 0.017352385446429253, -0.00653778575360775, -0.0038865474052727222, 0.00685064448043704, -0.019300498068332672, -0.0007023200741969049, 0.028615310788154602, 9.449269782635383e-06, -0.024215932935476303, 0.012043459340929985, 0.01766202040016651, 0.0003279778466094285, 0.010604952462017536, 0.017055654898285866, 0.01777813211083412, 0.02007458172738552, -0.0038026883266866207, 0.020397117361426353, 0.022500045597553253, 0.015881625935435295, -0.01412703562527895, 0.02455136924982071, -0.016810527071356773, -0.01321103610098362, 0.021106693893671036, 0.018307089805603027, 0.013546472415328026, 0.013417458161711693, -0.0067151798866689205, -0.008127883076667786, -0.00527989910915494, 0.008779404684901237, -0.019545624032616615, -0.020668046548962593, -0.017352385446429253, 0.008334306068718433, 0.036072321236133575, -0.012449853122234344, 0.009979235008358955, 0.019700441509485245, -0.026705903932452202, 0.010314671322703362, 0.0002463361597619951, -0.004938011988997459, -0.015933232381939888, 0.027144551277160645, 0.005847560707479715, 0.014294753782451153, 0.040897443890571594, 4.724634709418751e-05, 0.021338919177651405, 0.012540163472294807, -0.031272999942302704, -0.023287031799554825, -0.0025722170248627663, -0.0015521999448537827, 0.02264196053147316, 0.0010264678858220577, -0.028125056996941566, 0.005096054170280695, -0.019352104514837265, 0.01500433124601841, 0.0015441365540027618, 0.04541293531656265, -0.016539597883820534, 0.03847198188304901, -0.0028689494356513023, -0.006231377366930246, 0.012436951510608196, -0.008747151121497154, 0.02264196053147316, 0.019648835062980652, 0.0010434009600430727, -0.007992418482899666, 0.019429512321949005, 0.005221842788159847, -0.017726527526974678, 0.004147801082581282, 0.02038421668112278, -0.016358979046344757, -0.004634828772395849, -0.0044703357852995396, 0.005547603126615286, 0.0012909466167911887, -0.004399378318339586, -0.0024770693853497505, 0.0038155897054821253, -0.008772953413426876, 0.02034551091492176, 0.01274658553302288, -0.01764911785721779, 0.002051322953775525, -0.03253733739256859, 0.00018737271602731198, -0.017094358801841736, 0.03540144860744476, 0.002875400008633733, -0.028357282280921936, -0.023493453860282898, 0.036459363996982574, 0.012643374502658844, 0.014630190096795559, -0.010972642339766026, -0.015223654918372631, 0.010940389707684517, -0.008127883076667786, -0.023919200524687767, -0.02339024282991886, 0.0050702509470283985, 0.010656557977199554, 0.01648799143731594, -0.01691373810172081, -0.0035640124697238207, -0.005437941290438175]"
U53231,N58936 N15919 N11917 N2153 N55312 N13008 N41420 N24889 N719 N47485 N35259 N34124 N37720 N29924 N39498 N64049 N45794 N16715 N26122 N45535 N20091 N391 N12576 N53436 N41244 N5887 N49179 N55897,"[-0.00792404729872942, -0.022197656333446503, 0.009059741161763668, -0.0428982637822628, -0.037813451141119, 0.005552640650421381, -0.008104725740849972, 0.003610345534980297, -0.0015277020866051316, -0.01912612095475197, 0.03967185690999031, 0.010892338119447231, -0.013886441476643085, -0.0013623489066958427, -0.008285404182970524, -0.025849945843219757, 0.02201697789132595, -0.004471795167773962, -0.017629068344831467, -0.02686948888003826, -0.030534682795405388, 0.028960198163986206, -0.04408557713031769, 0.004462116397917271, 0.009950228966772556, 0.018287256360054016, -0.0023004256654530764, -0.008266045711934566, 0.02348821796476841, -0.011324676685035229, -0.010369661264121532, 0.0025762831792235374, 0.0011389204300940037, 0.015138285234570503, -0.03154132142663002, -0.01469949446618557, 0.007304577622562647, -0.0012591039994731545, -0.004681511782109737, 0.018467934802174568, 0.02267516404390335, -0.012815275229513645, 0.006023695692420006, 0.0013413772685453296, -0.030405627563595772, 0.017887180671095848, 0.016532091423869133, -0.0276696365326643, -0.03259958326816559, 0.01815819926559925, 0.01971977949142456, 0.022029884159564972, -0.04377584531903267, -0.026792054995894432, -0.013912252150475979, 0.0049202656373381615, -0.00020729642710648477, 0.016377225518226624, -0.013318593613803387, -0.004958982113748789, -0.012763652950525284, -0.0023810858838260174, -0.033890143036842346, 0.027953561395406723, -0.0004339512961450964, 0.006878692656755447, -0.003768439404666424, 0.009214608930051327, -0.01322825439274311, -0.01170539204031229, 0.01396387442946434, 0.006627032998949289, 0.020907094702124596, -0.029760347679257393, 0.0004395974974613637, -0.01814529299736023, -0.016196545213460922, 0.011292412877082825, -0.019448760896921158, 0.022804221138358116, 0.025901567190885544, 0.003594213631004095, -0.0019310025963932276, 0.01872604712843895, -0.015202813781797886, 0.0005053354543633759, -0.014183269813656807, 0.0039297593757510185, 0.004436304792761803, 0.02537243813276291, -0.004726681392639875, -0.005723639857023954, -0.011647316627204418, 0.01018252968788147, -0.007582048419862986, 0.00940174050629139, -0.04354354366660118, 0.02759220264852047, 0.009021024219691753, -0.02544987201690674, 0.012989500537514687, 0.0009606616804376245, -0.024339988827705383, -0.001711607095785439, 0.014880173839628696, -0.020261814817786217, 0.0019390685483813286, -0.006533467210829258, -0.0002220168971689418, -0.012963689863681793, 0.02769544906914234, 0.003632930340245366, 0.02965710125863552, -0.040523629635572433, -0.02890857681632042, 0.011182715184986591, 0.0006747216684743762, -0.02152656391263008, 0.01961653307080269, -0.030250759795308113, 0.023359162732958794, 0.026314547285437584, 0.019268082454800606, 0.006730278022587299, 0.004604077897965908, 0.0020245681516826153, 0.025682171806693077, -0.014815645292401314, -0.001456721220165491, 0.005720413755625486, 0.024172216653823853, 0.005000925622880459, 0.037658583372831345, 0.013460556045174599, -0.005894639529287815, -0.006788352970033884, -0.01782265305519104, 0.033141616731882095, -0.020223097875714302, 0.0006485071498900652, -0.0025133683811873198, 0.005807526409626007, -0.02686948888003826, 0.0017374183516949415, -0.011034300550818443, 0.02011985331773758, 0.00034139383933506906, -0.0031199322547763586, 0.0010106709087267518, -0.0020003702957183123, 0.020920000970363617, -0.01417036447674036, -0.016816016286611557, -0.006104355677962303, -0.0062753548845648766, 0.030921852216124535, -0.011221432127058506, -0.002929574577137828, -0.014738211408257484, -0.020920000970363617, -0.009834078140556812, 0.01685473322868347, 0.019926268607378006, 0.020636077970266342, 0.019990796223282814, 0.018184009939432144, 0.007898235693573952, -0.014673683792352676, 0.002700499724596739, 0.005678470246493816, 0.0009517890866845846, -0.012157089076936245, 0.0012744293780997396, 0.01839050091803074, 0.023023616522550583, 0.023707613348960876, 0.001674503437243402, -0.03450961410999298, -0.0415818877518177, -0.003787797875702381, 0.000342200422892347, 0.0336836539208889, 0.009008118882775307, 0.020326342433691025, 0.010885885916650295, -0.0060527329333126545, 8.146669279085472e-05, 0.00883389264345169, 0.01079554669559002, -0.03949118033051491, -0.016403036192059517, -0.004736360628157854, -0.0002738409966696054, -0.016312696039676666, -0.6620063781738281, -0.012266786769032478, 0.00564943253993988, 0.006372147239744663, 0.008872609585523605, 0.001105849863961339, 0.012311955913901329, 0.016609525308012962, -0.02373342402279377, -0.0051138498820364475, 0.01005992665886879, -0.010776188224554062, -0.00047952422755770385, -2.0127212337683886e-05, 0.027385713532567024, -0.01783555932343006, -0.013125009834766388, -0.003295771311968565, -0.004575040191411972, 0.0440339557826519, -0.04137539863586426, 0.030534682795405388, 0.0189067255705595, 0.02587575651705265, 0.013486366719007492, 0.008937138132750988, -0.006504429504275322, -0.02235252410173416, -0.015202813781797886, -0.007704651914536953, 0.0055268295109272, 0.0006376180099323392, 0.0022923597134649754, 0.0040039666928350925, 0.049247823655605316, 0.01203448511660099, 0.0006327783921733499, 0.006310845259577036, -0.005036415997892618, 0.039387933909893036, 0.029424801468849182, 0.01211191900074482, 0.012963689863681793, -0.011311771348118782, 0.008227328769862652, -0.014221986755728722, 0.02159109339118004, 0.004271758254617453, 0.0037232697941362858, 0.014596249908208847, -0.0018035596003755927, 0.009640494361519814, -0.019771400839090347, 0.015512548387050629, -0.0110536590218544, 0.023591462522745132, 0.002640811260789633, -0.005584904458373785, 0.007452992256730795, 0.0007388464291580021, 0.004287890158593655, 0.0036361569073051214, -0.02579832263290882, -0.007814349606633186, -0.013125009834766388, 0.027256658300757408, -0.008349932730197906, 0.017125749960541725, 0.02537243813276291, -0.022146034985780716, -0.008149895817041397, 0.028469786047935486, -0.02301071025431156, 0.015654509887099266, 0.009988945908844471, 0.030844418331980705, 0.012279692105948925, -0.019823024049401283, -0.025849945843219757, 0.009079099632799625, -0.008737101219594479, -0.010021209716796875, -0.033296484500169754, 0.003691005753353238, 0.027488958090543747, 0.004720228258520365, -0.008827440440654755, -0.0039878347888588905, -0.011156903579831123, 0.012311955913901329, 0.01964234560728073, 0.024262554943561554, -0.006314071826636791, -0.004174966365098953, -0.004323380999267101, 0.0029731309041380882, -0.020468303933739662, -0.012860444374382496, 0.011079469695687294, 0.001989077776670456, 0.01690635457634926, 0.0050138309597969055, 0.006494750268757343, -0.015473831444978714, 0.005346150603145361, -0.011014942079782486, -0.017022505402565002, -0.004110438283532858, 0.021539470180869102, -0.00708518223837018, -0.011950599029660225, 0.008136989548802376, 0.018171105533838272, -0.0199520792812109, -0.02323010563850403, -0.023772140964865685, -0.007640123832970858, -0.007556237280368805, 0.004475021734833717, -0.02777288295328617, 0.022404147312045097, 0.0058881863951683044, 0.0259660966694355, -0.0109181497246027, -0.0031263851560652256, 0.016041679307818413, -0.010130907408893108, -0.03288350626826286, -0.00024923967430368066, 0.01602877303957939, 0.01840340532362461, 0.03154132142663002, 0.006891597993671894, 0.00018461077706888318, 0.011686033569276333, -0.010259963572025299, 0.01343474444001913, -0.004729907494038343, 0.021126490086317062, -0.018596990033984184, -0.01790008693933487, -0.01244101207703352, -0.003952344413846731, -0.0032425355166196823, 0.000377489224774763, -0.02769544906914234, -0.01676439307630062, -0.005149340257048607, -0.04214973747730255, 0.015344775281846523, -0.009266231209039688, 0.009033930487930775, -0.015254436060786247, -0.010066378861665726, 0.005549414083361626, -0.0014881786191836, 0.006923862267285585, -0.0020165021996945143, 0.005936582572758198, -0.017190277576446533, 0.0071174465119838715, 0.014712400734424591, -0.01145373284816742, -0.02021019160747528, -0.012266786769032478, -0.011156903579831123, 0.02299780398607254, -0.005833337549120188, -0.021823393180966377, -0.01707412861287594, 0.026921112090349197, -0.020352153107523918, 0.01691926084458828, 0.0023262370377779007, 0.018416311591863632, -0.001277655828744173, 0.010079285129904747, 0.00838219653815031, -0.013008859008550644, -0.01971977949142456, 0.0012445851461961865, 0.0020681247115135193, -0.011595694348216057, -0.011214978992938995, 0.013008859008550644, 0.024507761001586914, 0.04181418940424919, 0.03685843572020531, -0.01618364080786705, 0.03505164757370949, -0.008156348019838333, -0.010601961985230446, 0.008543516509234905, -0.011182715184986591, 0.0035684024915099144, 0.03293512761592865, 0.004481474403291941, -0.027385713532567024, -0.023539841175079346, 0.017758125439286232, -0.00139057997148484, 0.011679581366479397, 0.021733054891228676, 0.001921323360875249, -0.008879062719643116, -0.011550525203347206, -0.013628329150378704, -0.021294264122843742, 0.030199138447642326, 0.005139661021530628, 0.003862005192786455, -0.004084627144038677, -0.0039297593757510185, -0.00817570649087429, -0.0013429905520752072, 0.006685108412057161, -0.00891777966171503, -0.015254436060786247, -0.0016535317990928888, 0.01071165967732668, -0.009911512024700642, 0.017474202439188957, 0.027205035090446472, 0.020481210201978683, 0.0018584084464237094, -0.0007150517194531858, 0.00749170919880271, 0.0024940099101513624, -0.009608229622244835, 0.006188242230564356, 0.013770290650427341, 0.0036038928665220737, 0.00462020980194211, 0.028521407395601273, 0.006091449875384569, 0.004539549816399813, 0.004239494446665049, -0.008149895817041397, 0.02085547335445881, -0.03381270915269852, 0.0007779665756970644, 0.01831306703388691, 0.030173325911164284, -0.00642699608579278, 0.010537434369325638, -0.02561764419078827, 0.03381270915269852, 0.00189873855561018, 0.011266601271927357, 0.007433633785694838, 0.01783555932343006, 0.006401184946298599, -0.004823473282158375, -0.004258852917701006, -0.01371866837143898, -0.013705762103199959, 0.02957966737449169, 0.0051170759834349155, 0.003184460336342454, 0.038226429373025894, 0.010872980579733849, -0.013157273642718792, 0.00833057425916195, -0.028521407395601273, 0.0017438711365684867, 0.0227655041962862, 0.03192849084734917, 0.02079094387590885, -2.5584371542208828e-05, 0.023875387385487556, 0.007336841896176338, -0.017603257670998573, 0.008614497259259224, 0.011221432127058506, 0.029269933700561523, 0.01059550978243351, -0.013537989929318428, -0.014092930592596531, 0.02062317170202732, -0.00185356882866472, -0.011976409703493118, -0.04493734985589981, 0.004752492532134056, 0.020739322528243065, -0.022133128717541695, -0.025811228901147842, 0.022894559428095818, 0.013499272987246513, -0.015396397560834885, 0.009763097390532494, -0.024507761001586914, 0.017022505402565002, -0.04413720220327377, -0.0035006478428840637, -0.009879248216748238, -0.01880348101258278, 0.03120577521622181, -0.008775818161666393, 0.025023985654115677, -0.016570808365941048, -0.003884589998051524, -0.00865966733545065, -0.020003702491521835, -0.02604353055357933, 0.03285769373178482, 0.01782265305519104, -0.015667416155338287, -0.01219580601900816, 0.02175886556506157, 0.0008066009031608701, 0.005449395626783371, -0.008291857317090034, -0.03226403519511223, 0.022804221138358116, -0.004375003278255463, 0.0029941024258732796, -0.024288365617394447, 0.007891783490777016, 0.029347367584705353, 0.010014756582677364, -0.009956681169569492, -0.03719398006796837, -0.031257398426532745, -0.004249173682183027, 0.12441012263298035, -0.014118742197751999, -0.014002591371536255, 0.005139661021530628, 0.025436965748667717, -0.01191188208758831, -0.014312325976788998, 0.0011671514948830009, -0.014854362234473228, -0.025669267401099205, -0.02906344272196293, -0.004255626350641251, 0.030354004353284836, 0.020016608759760857, 0.034122444689273834, 0.020416682586073875, -0.01244101207703352, -0.011763467453420162, 0.010756829753518105, -0.005678470246493816, -0.027953561395406723, -0.014428476803004742, 0.007988574914634228, 0.004913812503218651, 0.02957966737449169, -0.013357310555875301, 0.02004241943359375, 0.017435485497117043, -0.009614682756364346, 0.007859518751502037, -0.002345595508813858, -0.0020519925747066736, 0.011034300550818443, 0.020894190296530724, 0.0167514868080616, -0.007020654156804085, 0.0049686613492667675, 0.00749170919880271, -0.004555681720376015, -0.01822272688150406, 0.004749265965074301, -0.01987464539706707, -0.024998174980282784, -0.008827440440654755, 0.0005375994951464236, -0.009672758169472218, -0.017964614555239677, 0.017048316076397896, -0.0059623937122523785, -0.019190648570656776, 0.024043159559369087, 0.0072852191515266895, -0.003839420387521386, -0.007123899180442095, 0.02774707041680813, 0.010563245043158531, -0.015512548387050629, -0.019332610070705414, -0.0011090761981904507, -0.006917409133166075, -0.03427731245756149, -0.012886255979537964, 0.008033744990825653, -0.0036006662994623184, -0.01717737317085266, -0.023436596617102623, -0.02612096443772316, -0.015473831444978714, -0.014712400734424591, -0.015667416155338287, 0.015628699213266373, -0.026430698111653328, 0.0004617790109477937, -0.001165538327768445, 0.027075979858636856, 0.018545368686318398, 0.0033619124442338943, -0.008556422777473927, 0.038716841489076614, 0.01236357819288969, 0.013667046092450619, -0.01317663211375475, -0.019500384107232094, -0.0011986088939011097, -0.003991061355918646, 0.03195429965853691, 0.0070012956857681274, -0.024920741096138954, -0.017061222344636917, 0.022546108812093735, -0.005723639857023954, -0.005410678684711456, 0.019332610070705414, -0.01757744699716568, -0.000709808780811727, -0.005181604065001011, 0.004807341378182173, 0.005713960621505976, -0.0010993970790877938, 0.006627032998949289, 0.015589982271194458, -0.005342924501746893, 0.0072529553435742855, 0.006404411047697067, 0.00944690965116024, -0.017125749960541725, -0.010111548937857151, 0.008124084211885929, -0.009466268122196198, 0.008640308864414692, -0.005536508746445179, -0.005701055284589529, -0.007033559959381819, -0.007962764240801334, 0.01338312216103077, -0.004704096354544163, -0.0023149445187300444, 0.011937693692743778, 0.004207230173051357, 0.014673683792352676, 0.022442864254117012, -0.01137629896402359, 0.015215719118714333, 0.04478248208761215, 0.0012962076580151916, 0.0006364081054925919, 0.007872425019741058, -0.02544987201690674, -0.0218362994492054, 0.009763097390532494, 0.0010969772702082992, 0.022546108812093735, -0.011318223550915718, -0.02849559672176838, -0.02159109339118004, -0.01191188208758831, -0.01618364080786705, 0.0015083437319844961, -0.017345145344734192, 0.0033457805402576923, -0.01913902536034584, 0.009846983477473259, 0.014893079176545143, -0.005713960621505976, -0.0073432945646345615, -0.018016237765550613, 0.0015196361346170306, 0.010356755927205086, -0.008149895817041397, 0.013563800603151321, 0.012337767519056797, -0.009182344190776348, -0.017525823786854744, -0.0073432945646345615, -0.026740433648228645, -0.017783936113119125, -0.012795916758477688, -0.005091264843940735, 0.007278766483068466, 0.00998249277472496, 0.042020682245492935, 0.001284915255382657, 0.014544627629220486, 0.010201888158917427, 0.0008493507630191743, 0.01791299320757389, -0.014118742197751999, 0.008769365027546883, 0.021745961159467697, 0.01808076538145542, 0.03776182606816292, 0.003042498603463173, 0.024365799501538277, -0.004971887916326523, -0.016622431576251984, -0.005926903337240219, -0.014570438303053379, -0.022855842486023903, -0.011105281300842762, 0.014725306071341038, -0.008885515853762627, -0.02013275772333145, -0.015164096839725971, 0.018674423918128014, -0.044395312666893005, -0.01211837213486433, 0.02120392397046089, -0.010279322043061256, 0.000788452394772321, -0.0008929072064347565, 0.032470524311065674, -0.0001336941058980301, -0.007956311106681824, 0.004036230966448784, -0.00838219653815031, 0.002668235683813691, -0.016144923865795135, -0.013473461382091045, -0.007827254943549633, 0.018545368686318398, 0.012066749855875969, 0.01445428840816021, -0.03319324180483818, 0.021578187122941017, -0.006614127196371555, 0.029037632048130035, -0.003820061916485429, 0.00370713765732944, 0.0021987941581755877, -0.022068601101636887, -0.008317668922245502, -0.04047200828790665, -0.004665379412472248, -0.03845873102545738, -0.008756459690630436, 0.02292037196457386, 0.015654509887099266, 0.0073432945646345615, -0.0336836539208889, -0.0003607522521633655, 0.01592552848160267, -0.014080025255680084, 0.007504614535719156, -0.017216090112924576, 0.011944145895540714, 0.017629068344831467, 0.01038901973515749, -0.014286515302956104, 0.012202258221805096, -0.0028279428370296955, 0.004145928658545017, 0.011118186637759209, 0.04485991597175598, -0.0017083807615563273, -0.01010509580373764, 0.005897865630686283, 0.011189167387783527, -0.012202258221805096, -0.017641974613070488, 0.02504979819059372, 0.016622431576251984, 0.011221432127058506, -0.025398248806595802, -0.028211673721671104, -0.028624651953577995, -0.006607674527913332, 0.007904688827693462, 0.016725676134228706, 0.013092746026813984, -0.040110647678375244, -0.00824668724089861, 0.02563055045902729, -0.0018745404668152332, 0.006994843017309904, 0.009085552766919136, 0.00572686642408371, 0.028108427301049232, -0.017758125439286232, -0.008014386519789696, -0.016609525308012962, 0.0020729643292725086, 0.012395842932164669, -0.002427868777886033, 0.025566022843122482, -0.0026730753015726805, 0.014854362234473228, -0.03179943561553955, 0.002853753976523876, 0.019848834723234177, 0.015602887608110905, -0.03358040750026703, -0.012473275884985924, 0.003065083408728242, 0.0023585010785609484, 0.008724194951355457, 0.004607304465025663, -0.009763097390532494, -0.027798693627119064, 8.388649439439178e-05, 0.0032489884179085493, 0.00784661341458559, -0.0010953639866784215, -0.008472535759210587, 0.00152447575237602, 0.0011042365804314613, -0.010982678271830082, -0.013460556045174599, -0.0009243646054528654, 0.018338877707719803, 0.013757385313510895, -0.02143622562289238, -0.020261814817786217, -0.00019721391436178237, 0.0041201175190508366, -0.02077803947031498, 0.007575595751404762, -0.005152566358447075, 0.005875281058251858, -0.011305318213999271, 0.027385713532567024, -0.039052389562129974, -0.012550709769129753, -0.013331499882042408, 0.01424779836088419, -0.01383481826633215, 0.000994538888335228, 0.028521407395601273, -0.028392352163791656, -0.014144553802907467, -0.011937693692743778, -0.0009292042232118547, -0.007814349606633186, -0.0029650649521499872, -0.014996323734521866, 0.0010300293797627091, -0.0003067099896725267, -0.0021407187450677156, 0.0032780261244624853, 0.012073202058672905, 0.037245601415634155, -0.04129796475172043, -0.004820247180759907, 0.02579832263290882, 0.004626662936061621, -0.03303837403655052, -0.010066378861665726, 0.019939174875617027, 0.0027456695679575205, -0.017771031707525253, 0.012892709113657475, -0.0019939173944294453, 0.030173325911164284, -0.020726416260004044, -0.01708703301846981, -0.011673128232359886, 0.007272313814610243, -0.019242271780967712, 0.007549784611910582, 0.0002950142661575228, -0.0021197472233325243, 0.02694692276418209, 0.024017348885536194, 0.02826329506933689, -0.014144553802907467, 0.007782085333019495, -0.0028440747410058975, 0.025720888748764992, -0.0032796391751617193, -0.01162795815616846, -0.01627397909760475, -0.030844418331980705, 0.024094782769680023, -0.008511252701282501, -0.026379074901342392, -0.008298310451209545, -0.010821357369422913, -0.03737466037273407, -0.011982862837612629, -0.0359550416469574, 0.012628143653273582, 0.022959088906645775, 0.026004813611507416, 0.022855842486023903, 0.022778408601880074, 0.02471425198018551, 0.0003835387178696692, -0.024249648675322533, -0.001084071584045887, 0.0192938931286335, -0.044730860739946365, -0.012763652950525284, 0.0021794356871396303, -0.02169433794915676, 0.013757385313510895, -0.021294264122843742, -0.013473461382091045, -0.013602517545223236, 4.690888454206288e-05, -0.016712769865989685, -0.015228625386953354, 0.0008469309541396797, 0.024172216653823853, -0.0016809562221169472, -0.0036006662994623184, 0.021500753238797188, -0.026095151901245117, -0.005904318764805794, 0.005817205645143986, -0.0014026790158823133, -0.007982122711837292, 0.027566391974687576, 0.01748710684478283, 0.018622800707817078, -7.637502130819485e-05, 0.0004379843012429774, -0.023927008733153343, 0.030095892027020454, -0.03203173354268074, 0.027385713532567024, 0.006533467210829258, 0.0005718800239264965, 0.009434004314243793, 0.011937693692743778, 0.00932430662214756, -0.01063422579318285, -0.0007138418150134385, 0.007685293443500996, 0.002242350485175848, 0.018016237765550613, -0.008278951980173588, -0.004707322921603918, -0.005171924829483032, 0.014854362234473228, -0.003974929451942444, 0.00879517663270235, 0.004813794046640396, -0.014118742197751999, -0.005378414876759052, 0.008027291856706142, -0.005317112896591425, -0.036187343299388885, 0.002831169171258807, 0.015138285234570503, -0.005791394505649805, 0.0019406817154958844, -0.009963134303689003, -0.013150821439921856, -0.03311580792069435, -0.009408192709088326, 0.02323010563850403, -0.00505254790186882, -0.010582603514194489, 0.009008118882775307, -0.00011615052790148184, -0.014312325976788998, 0.015383492223918438, 0.20452818274497986, -0.003118318971246481, 0.006343109533190727, 0.036342211067676544, -0.003394176485016942, -0.0020148891489952803, 0.023049427196383476, 0.016286885365843773, -0.001629333826713264, 0.00435241824015975, -0.020313436165452003, 0.02079094387590885, -0.010085737332701683, -0.01071165967732668, -0.002860206877812743, 0.0014551080530509353, -0.03285769373178482, -0.03791669383645058, 0.0009275910560972989, 0.01987464539706707, -0.021655621007084846, -0.009085552766919136, -0.0047879829071462154, -0.005636527203023434, 0.016325602307915688, 0.0006138233002275229, 0.00472345482558012, 0.013034670613706112, -0.006255996413528919, -0.006794806104153395, 0.011427921243011951, -0.028030995279550552, -0.003997514024376869, -0.004475021734833717, -0.007511067669838667, -0.01808076538145542, -0.019280988723039627, -0.010227699764072895, 0.00998249277472496, 0.022313807159662247, 0.004236267879605293, 0.016816016286611557, 0.0276696365326643, -0.02950223535299301, -0.020481210201978683, 0.028289107605814934, 0.006665749941021204, -0.00879517663270235, 0.01396387442946434, 0.0031667151488363743, -0.024520667269825935, 0.01051807589828968, 0.0012518445728346705, 0.019577816128730774, -0.01371866837143898, 0.004200777504593134, 0.009201702661812305, -0.00924041960388422, -0.01668695919215679, 0.002861819928511977, 0.01310565136373043, 0.008304762654006481, -0.013731573708355427, 0.005036415997892618, -0.03365784138441086, -0.010801998898386955, -0.009175891987979412, 0.04173675552010536, 0.010350302793085575, -0.010582603514194489, -0.016390129923820496, 0.001367995166219771, -0.011563430540263653, 0.009911512024700642, 0.007382011506706476, -0.0246497243642807, 0.005701055284589529, 0.015525453723967075, 0.005029963329434395, 0.017190277576446533, -0.000646490603685379, -0.01871314086019993, 0.0003387723700143397, -0.006781900301575661, 0.0021181339398026466, -0.01964234560728073, 0.019410043954849243, 0.018054954707622528, -0.0010921376524493098, -0.02463681809604168, 0.0008549969643354416, -0.05632010102272034, -0.014893079176545143, -0.016867637634277344, 0.014092930592596531, 0.02388829179108143, 0.04821537435054779, 0.017280617728829384, -0.01277655828744173, 0.004139475990086794, -0.028727898374199867, 0.001919710193760693, 0.004300795961171389, -0.024946551769971848, 0.0022213789634406567, 0.006072091404348612, 0.000714245077688247, 0.023630179464817047, 0.003729722462594509, -0.021384602412581444, 0.0002627502544783056, -0.03172200173139572, 0.007382011506706476, -0.007749821525067091, -0.020558644086122513, 0.004349192138761282, 0.017267711460590363, -0.020932907238602638, 0.02120392397046089, -0.006943220738321543, 0.012595879845321178, -0.0400848388671875, -0.0032715732231736183, -0.010563245043158531, 0.005317112896591425, -0.011621505953371525, -0.00824668724089861, 0.009556607343256474, 0.017861369997262955, -0.025256287306547165, -0.007698198780417442, -0.0077175572514534, 0.02849559672176838, -0.022481579333543777, -0.030431438237428665, -0.009169438853859901, 0.016067489981651306, -0.014441382139921188, 0.006639938801527023, -0.026998545974493027, -0.003729722462594509, -0.002785999560728669, 0.0016196545911952853, -0.019268082454800606, 0.0031296114902943373, -0.013066934421658516, 0.02676624432206154, 0.0020068229641765356, -0.025682171806693077, -0.02867627516388893, -0.018042048439383507, -0.0005892219487577677, 0.002661783015355468, -0.020236004143953323, 0.022378334775567055, -0.016880543902516365, -0.009279136545956135, -0.0004621823027264327, 0.02102324552834034, 0.018751857802271843, -0.02751477062702179, -0.00784016028046608, -0.0021778224036097527, -0.041685134172439575, -0.015280247665941715, -0.0004827506490983069, -0.16240425407886505, 0.027798693627119064, -0.016222357749938965, 0.007756274193525314, 0.009563060477375984, 0.0071174465119838715, 0.018467934802174568, -0.0070722769014537334, -0.002618226455524564, -0.02137169800698757, 0.01832597330212593, -0.015202813781797886, -0.003849099390208721, -0.005833337549120188, 0.008014386519789696, -0.002826329553499818, -0.03554206341505051, 0.0072529553435742855, 0.020571548491716385, -0.009666305035352707, 0.045453574508428574, -0.010208341293036938, 0.02152656391263008, -0.02594028413295746, -0.0026117737870663404, 0.015667416155338287, -0.013163726776838303, -0.017409672960639, -0.03319324180483818, -0.012279692105948925, -0.0037103642243891954, 0.01358961220830679, 0.036677755415439606, 0.03853616490960121, 0.0346386693418026, 0.025837039574980736, -0.012789463624358177, 0.002273001242429018, -0.008401555009186268, 0.000527113676071167, 0.013679951429367065, 0.01136984582990408, 0.007769179996103048, 0.013809007592499256, -0.001419617561623454, 0.011092375963926315, 0.017125749960541725, 0.0035909872967749834, 0.0023117181845009327, -0.01343474444001913, 0.021242640912532806, -0.04963499307632446, -0.005313886795192957, 0.0015156030422076583, -0.003974929451942444, 0.035516250878572464, -0.0003085248463321477, -0.01937132701277733, 0.001890672487206757, -0.030999286100268364, -0.006585089955478907, -0.017512919381260872, 0.01716446690261364, -0.013783195987343788, 0.0032780261244624853, -0.02406897023320198, 0.013357310555875301, 0.0038297411520034075, -0.030508872121572495, 0.008195064961910248, -0.02612096443772316, -0.003252214752137661, -0.005371962208300829, -0.0011695713037624955, 0.01938423328101635, 0.012615238316357136, 0.003168328432366252, 0.009363023564219475, 0.010130907408893108, -0.00626244954764843, -0.045376140624284744, 0.058436620980501175, -0.008653214201331139, 0.006414090283215046, -0.006943220738321543, 0.010524528101086617, -0.0214491318911314, -0.007181974593549967, 0.0026343585923314095, 0.00042870838660746813, 0.030612116679549217, -0.009634041227400303, -0.015396397560834885, -0.016970882192254066, 0.009827625006437302, 0.005171924829483032, 0.011208525858819485, -0.007394916843622923, -0.0014075185172259808, -0.021139396354556084, -0.00433306023478508, 0.008240235038101673, -0.03825224190950394, -0.009343665093183517, -0.006362468004226685, 0.02201697789132595, 0.02676624432206154, 0.01937132701277733, 0.025643454864621162, -0.024030253291130066, -0.010298680514097214, 0.015370586887001991, 0.011118186637759209, 0.03293512761592865, 0.0192938931286335, 0.008337026461958885, -0.0071948799304664135, -0.006423769518733025, 0.017551636323332787, -0.008827440440654755, 0.05735255032777786, 0.006833523046225309, -0.014273609966039658, 0.003820061916485429, 0.013421839103102684, 0.027824504300951958, -0.10943961143493652, -0.015022135339677334, 0.0027456695679575205, 0.022275090217590332, -0.008446724154055119, 0.015835188329219818, 0.002279454143717885, 0.0515708364546299, -0.024752968922257423, 0.02373342402279377, -0.008891968056559563, -0.027075979858636856, -0.008136989548802376, -0.014531721360981464, 0.036832623183727264, 0.016532091423869133, 0.0003468383802101016, 0.0071948799304664135, 0.004597625229507685, 0.026559755206108093, 0.010879432782530785, -0.005330018699169159, 0.010427736677229404, -0.029708724468946457, 0.001987464725971222, 0.0005771229625679553, -0.012021579779684544, 0.03892333433032036, 0.02119101956486702, 0.0011098828399553895, 0.016119113191962242, 0.014815645292401314, -0.006717372220009565, -0.023049427196383476, -0.000706179067492485, -0.003981382120400667, -0.006352788768708706, 0.019577816128730774, 0.03262539207935333, -0.02356565184891224, -0.005104170646518469, 0.011079469695687294, -0.012163541279733181, -0.036187343299388885, 0.03915563225746155, 0.0051912833005189896, -0.009937322698533535, -0.005626847967505455, -0.008401555009186268, -0.009911512024700642, -0.010911696590483189, -0.008717742748558521, -0.026017718017101288, -0.0012373258359730244, 0.01618364080786705, 0.01964234560728073, 0.016945071518421173, 0.026508131995797157, 0.00605595950037241, -0.025527305901050568, 0.004397588316351175, 0.016467563807964325, -0.018455028533935547, 0.02200407162308693, -0.002137492410838604, -0.030457250773906708, -0.017448389902710915, 0.010401925072073936, -0.0019326157635077834, 0.0032554413191974163, -0.02364308573305607, 0.019151931628584862, -0.024469044059515, -0.007917594164609909, -0.02316557802259922, -0.007685293443500996, -0.026921112090349197, -0.02957966737449169, 0.008298310451209545, -0.010505170561373234, -0.012299050576984882, -0.027050167322158813, -0.0007372332038357854, -0.011621505953371525, 0.00952434353530407, 0.008969401940703392, 0.013602517545223236, 0.008556422777473927, -0.02686948888003826, -0.004068494774401188, -0.015486737713217735, 0.02374633029103279, -0.014209081418812275, 0.004213683307170868, -0.001606749021448195, 0.009285589680075645, -0.024365799501538277, -0.013499272987246513, -0.005894639529287815, -0.008304762654006481, -0.004036230966448784, -0.0051622455939650536, -0.06256642192602158, -0.008337026461958885, 0.024688439443707466, 0.0036522888112813234, 0.0035361384507268667, -0.02053283341228962, 0.007898235693573952, 0.015615792945027351, 0.0199520792812109, 7.5807879511557985e-06, -0.004552455618977547, 0.02939898893237114, 0.02224927954375744, -0.006162431091070175, -0.006072091404348612, 0.018855102360248566, 0.026585565879940987, 0.019913362339138985, 0.007891783490777016, 0.00985988974571228, -0.014867267571389675, 0.0013268585316836834, 0.025153042748570442, -0.007678840775042772, 0.02357855811715126, -0.005168698728084564, -0.015215719118714333, 0.022455768659710884, -0.006685108412057161, 0.002826329553499818, -0.00015154013817664236, 0.0002663799386937171, -0.022391241043806076, -0.016209451481699944, -0.012002221308648586, -0.01848083920776844, 0.01071811281144619, -0.012247428297996521, 0.006949673406779766, -0.003474836703389883, 0.0020068229641765356, -0.02875370904803276, 0.01742257922887802, -0.006527014542371035, 0.012699124403297901, -0.022688070312142372, 0.02950223535299301, 0.005875281058251858, 0.01822272688150406, -0.028366539627313614, 0.015577076934278011, -0.005020284093916416, 0.012957236729562283, -0.036264777183532715, 0.004429852124303579, -0.007982122711837292, 0.02388829179108143, -0.014802739955484867, -0.011679581366479397, -0.021616904065012932, 0.0050267367623746395, 0.005843016784638166, 0.02192663960158825, -0.0020374739542603493, -0.006397958379238844, 3.271774767199531e-05, -0.01961653307080269, -0.008337026461958885, 0.008182159624993801, -0.029786158353090286, -0.007336841896176338, -0.00472345482558012, -0.012460370548069477, 0.004578266758471727, 0.004149155225604773, 0.010756829753518105, -0.0049944729544222355, 0.024120593443512917, -0.013783195987343788, 0.009711475111544132, 0.018700234591960907, -0.008169254288077354, -0.033890143036842346, 0.014893079176545143, 0.027256658300757408, 0.020248908549547195, -0.014299420639872551, -0.003207045141607523, -0.014634966850280762, 0.012137730605900288, -0.02440451644361019, 0.006588316056877375, -0.012608785182237625, -0.026391981169581413, 0.016002962365746498, 0.004239494446665049, -0.00022564659593626857, -0.004571814090013504, 0.025178853422403336, 0.020739322528243065, 0.019255176186561584, 0.006581863388419151, -0.012963689863681793, -0.03370946645736694, -0.02159109339118004, -0.0017600031569600105, -0.03275445103645325, -0.027463147416710854, -0.002886018017306924, 0.013125009834766388, 0.00858223345130682, 0.026817867532372475, -0.0017616163240745664, 0.006917409133166075, -0.01133112981915474, 0.020842567086219788, 0.014325232245028019, -0.025979001075029373, -0.014092930592596531, 0.016312696039676666, -0.01383481826633215, 0.03234146907925606, 0.010860074311494827, -0.018842196092009544, 0.026430698111653328, -0.009543702006340027, -6.533467239933088e-05, -0.022300900891423225, 0.0015704520046710968, -0.012086108326911926, 0.004623436369001865, 0.013157273642718792, -0.038226429373025894, -0.027385713532567024, -0.026224208995699883, 0.019693966954946518, -0.018829291686415672, -0.001331698033027351, -0.00850479956716299, 0.024198027327656746, 0.0012268399586901069, 0.006504429504275322, 0.015460926108062267, -0.006285034120082855, 0.015331869944930077, 0.011847354471683502, 0.016609525308012962, -0.018751857802271843, 0.005846243351697922, 0.006943220738321543, 0.0009033930255100131, 0.016777299344539642, -0.021139396354556084, 0.008872609585523605, -0.01104075275361538, 0.005539734847843647, -0.0025585379917174578, -0.017035411670804024, 0.006594768725335598, 0.00027464760933071375, -0.002548858756199479, 0.02965710125863552, 0.016454657539725304, -0.00321349804289639, 0.004123343620449305, 0.008478988893330097, -0.007498161867260933, -0.00509449141100049, -0.01617073453962803, 0.012350672855973244, 0.016325602307915688, -0.01322825439274311, -0.011653769761323929, 0.024701345711946487, -0.0019697193056344986, 0.0048460583202540874, -0.009814719669520855, 0.018455028533935547, 0.03007008135318756, -0.029941026121377945, 0.025604739785194397, -0.012795916758477688, -0.012131277471780777, 0.009763097390532494, 0.00034744333242997527, -0.007982122711837292, -0.017964614555239677, -0.005672017578035593]"
U53276,N55189 N16233 N51706 N15034 N10865 N60000 N501 N27408 N30434 N40716 N16715 N16715 N13374 N42620 N22997 N8148 N29857 N39979,"[-0.020762629806995392, -0.02040235325694084, 0.0058511653915047646, -0.0020549132023006678, -0.015972280874848366, 0.0023367966059595346, 0.0011075182119384408, -0.006605078466236591, -0.033625852316617966, -0.00531742163002491, 0.025099297985434532, 0.036668192595243454, -0.0073389760218560696, 0.013850648887455463, 0.005637668073177338, 0.030770324170589447, 0.01944161392748356, 0.010861684568226337, 0.0037128545809537172, -0.05673695728182793, -0.035253770649433136, -0.014691295102238655, -0.01962842419743538, -0.016159091144800186, -0.014024116098880768, -0.01570540852844715, 0.014557859860360622, -0.010441360995173454, 0.005751088261604309, -0.0004449254192877561, -0.0022350517101585865, -0.007178852800279856, 0.0043800342828035355, -0.027087492868304253, -0.03549395501613617, -0.02540620043873787, 0.001576211885549128, -0.008152934722602367, 0.03696175292134285, 0.001183409825898707, 0.017453419044613838, -0.01008775644004345, -0.010361299850046635, -0.010267894715070724, -0.02432536892592907, 0.011929172091186047, -0.014331018552184105, -0.030530139803886414, -0.012302792631089687, 0.04115163907408714, 0.03626788407564163, 0.0020549132023006678, -0.021042846143245697, 0.002393506933003664, 0.04248599708080292, -0.014130864292383194, 0.007459068205207586, 0.0009290476446039975, -0.004303308669477701, -0.005707721691578627, -0.00865331944078207, -0.003287527710199356, 0.004807029385119677, 0.01362380851060152, -0.0275945495814085, -0.01379727479070425, 0.005964586045593023, -0.005771103780716658, -0.027140866965055466, 0.022844230756163597, 0.014437766745686531, 0.007599175907671452, -0.015798812732100487, -0.016506023705005646, 0.006474978290498257, -0.0273810513317585, -0.01781369559466839, -0.008986909873783588, 0.0029639455024152994, 0.005120603833347559, 0.0070854476653039455, -0.012596351094543934, -0.014504484832286835, 0.0265137180685997, 0.005103924311697483, 0.009060299023985863, 0.0008781751967035234, 0.04566177353262901, -0.0458218976855278, -0.008459838107228279, -0.006431611720472574, 0.011862454004585743, -0.011895813047885895, 0.020415697246789932, -0.012349494732916355, 0.028928909450769424, -0.021122906357049942, 0.010654858313500881, 0.013563761487603188, -0.04635564237833023, 0.013570433482527733, 0.021950209513306618, -0.010408001951873302, -0.019414927810430527, 0.022964322939515114, -0.00930048432201147, -0.005307414103299379, -0.0069119809195399284, 0.010147802531719208, 0.008306385949254036, -0.011101868934929371, 0.003232485381886363, 0.012469586916267872, -0.008680007420480251, 0.0047036162577569485, -0.013543746434152126, 0.01841415837407112, -0.023751594126224518, -0.02199024148285389, -0.026206815615296364, 0.0038529622834175825, -5.9055822930531576e-05, -0.006414932198822498, 0.0029255826957523823, 0.012903254479169846, 0.015185008756816387, -0.0314108170568943, -0.01589221879839897, 0.015358475036919117, 0.013743900693953037, 0.00882011465728283, 0.022657420486211777, 0.006938667967915535, -0.030716950073838234, -0.025552980601787567, -0.013250187039375305, -0.03770899400115013, -0.015798812732100487, -0.008626632392406464, -0.00900692492723465, 0.00510058831423521, 0.007572488859295845, -0.008306385949254036, 0.0011683983029797673, 0.012596351094543934, 0.024472149088978767, 0.012583008036017418, -0.0009165380033664405, 0.005600973032414913, -0.005420834291726351, 0.01541184913367033, 0.008693350479006767, 0.024792395532131195, 0.007979468442499638, 0.029169093817472458, 0.018681028857827187, -0.0036061059217900038, 0.016986394301056862, -0.0024785723071545362, -0.010127786546945572, 0.0044434163719415665, 0.012576336041092873, 0.016465993598103523, -0.00227508251555264, -0.0005616818671114743, 0.00603130366653204, -0.003299203235656023, 0.011822422966361046, 0.0182273481041193, -0.01091505866497755, 0.006898637395352125, -0.0038863213267177343, -0.05529584735631943, 0.034693341702222824, 0.011135227978229523, -0.0037729009054601192, 0.022030271589756012, -0.004947137087583542, -0.026980744674801826, -0.006925324443727732, -0.020135480910539627, 0.004296636674553156, 0.00518398592248559, 0.03546727076172829, 0.0007976966444402933, -0.02684730850160122, -0.008720037527382374, -0.014304331503808498, -0.011682315729558468, -3.320261021144688e-05, -0.007912750355899334, 0.037415433675050735, -0.006588398944586515, -0.008359760977327824, -0.6473243832588196, -0.0141575513407588, 0.02520604617893696, 0.011168587021529675, -0.00930048432201147, 0.00013562511594500393, -0.00892686378210783, -0.00793943740427494, -0.036694880574941635, 0.020669225603342056, -0.0031457520090043545, 0.034506529569625854, -0.002084936248138547, 0.008673335425555706, 0.011215289123356342, -0.009974335320293903, 0.020789317786693573, -0.025112641975283623, -0.004203231539577246, -0.000990761793218553, 0.0033208865206688643, 0.026113411411643028, 0.011475489474833012, 0.00030481768772006035, 0.02900896966457367, -0.0022684107534587383, -0.006978699006140232, -0.015385162085294724, -0.015011541545391083, -0.020962784066796303, 0.0001533470640424639, 0.03608107566833496, 0.004743647295981646, -0.019027963280677795, 0.05919217690825462, -0.0008364764507859945, -0.005717729218304157, 0.041578635573387146, 0.01945495791733265, 0.02235051803290844, -0.00866666343063116, -0.017053110525012016, 0.002431869739666581, -0.010114443488419056, -0.007185524795204401, 0.024939173832535744, -0.005287398584187031, 0.013216828927397728, 0.011115212924778461, -0.006024632137268782, 0.015571972355246544, 0.022283799946308136, -0.027701297774910927, -0.003425967413932085, 0.005137283354997635, -0.009634073823690414, 0.020469071343541145, -0.026727216318249702, 0.03194456174969673, 0.005964586045593023, -0.02162996307015419, 0.007025401573628187, 0.003862970042973757, 0.014971510507166386, 0.007332304026931524, 0.004473439417779446, -0.006765201222151518, 0.014371049590408802, 0.01134872529655695, 0.01269642822444439, -0.0034493186976760626, 0.0178670696914196, -0.005784447304904461, 0.014851418323814869, 0.031837813556194305, -0.00572106521576643, 0.028048232197761536, 0.011969202198088169, -0.012055936269462109, -0.0028471890836954117, -0.012269433587789536, -0.0044667674228549, -0.019174743443727493, 0.01398408506065607, -0.0006901139277033508, -0.0032758519519120455, -0.025886569172143936, 0.03210468217730522, 0.01821400411427021, -0.01378393080085516, 0.027994858101010323, 0.021603276953101158, -0.004920449573546648, -0.025673072785139084, 0.010941745713353157, 0.016359245404601097, -0.002558633917942643, 0.009500637650489807, 0.0010508078848943114, -0.039416972547769547, 0.011295351199805737, -0.0061914268881082535, 0.017773665487766266, 0.01342365425080061, 0.01583884470164776, 0.011482161469757557, -0.012489602901041508, -0.00595124252140522, 0.007772642653435469, -0.009513981640338898, 0.0065083373337984085, 0.0048237089067697525, -0.02922246791422367, -0.015011541545391083, -0.045501649379730225, -0.029275842010974884, 0.021309716627001762, 0.004533485509455204, 0.00572106521576643, -0.009327171370387077, 0.024098528549075127, 0.011001791805028915, -0.009080315008759499, -0.009960992261767387, -0.017186546698212624, 0.016706177964806557, -0.0008323065703734756, -0.019388239830732346, -0.014130864292383194, 0.01641261950135231, 0.0035594033543020487, -0.013770587742328644, 0.026927370578050613, -0.018974589183926582, -0.008439822122454643, 0.005153962876647711, 0.027994858101010323, -0.0200287327170372, -0.003134076250717044, -0.005173977930098772, -0.0039196801371872425, 0.007892735302448273, 0.0011025143321603537, 0.009173720143735409, 0.003616113681346178, -0.021416466683149338, 0.021122906357049942, 0.017199890688061714, -0.03245161846280098, -0.022310486063361168, 0.033972788602113724, -0.0023968429304659367, 0.005250703543424606, 0.001108352211304009, 0.010921730659902096, -0.002241723472252488, 0.0069520119577646255, -0.02975621074438095, -0.03101050853729248, -0.028074918314814568, 0.0036728237755596638, 0.0030373353511095047, -0.015918906778097153, 0.007192196324467659, 0.029169093817472458, -0.005624324083328247, -0.010027709417045116, -0.004396713804453611, -0.009780853055417538, -0.013663838617503643, 0.017199890688061714, -0.0053541166707873344, -0.007866048254072666, 0.017400044947862625, -0.025673072785139084, 0.01585218869149685, 0.009607386775314808, -0.0019164734985679388, -0.01398408506065607, -0.0008106232271529734, -0.018974589183926582, 0.00972080696374178, -0.017560167238116264, -0.006431611720472574, 0.00855324324220419, -0.008246339857578278, -0.0014969842741265893, 0.0265137180685997, -0.017947131767868996, -0.014210926368832588, -0.017386700958013535, 0.021683337166905403, -0.0033175507560372353, -0.008259683847427368, -0.015812156721949577, 0.014290987513959408, 0.018520906567573547, 0.009674104861915112, 0.014838075265288353, 0.012242746539413929, 0.008266355842351913, 0.005330765154212713, 0.025819851085543633, 0.014544515870511532, 0.012362838722765446, -0.028928909450769424, -0.0026820620987564325, -0.0244988352060318, 0.049824975430965424, 0.003729534102603793, 0.019775204360485077, -0.023698220029473305, -0.0033609173260629177, -0.0004415895091369748, 0.023724908009171486, 0.011475489474833012, -0.01180907990783453, 0.015278413891792297, 0.006161403842270374, 0.00030857056844979525, -0.010247878730297089, 0.006615085992962122, 0.013090064749121666, 0.015278413891792297, -0.005704385694116354, 0.010534766130149364, -0.002822169801220298, 0.002642031293362379, 0.011135227978229523, -0.011635612696409225, 0.028021544218063354, 0.012916597537696362, -0.00110418233089149, 0.008966893889009953, -0.019588394090533257, -0.0619676448404789, -0.009260453283786774, -0.009093658067286015, 0.03442646935582161, -0.022670764476060867, -0.005537590943276882, 0.017560167238116264, 0.020135480910539627, -0.026820620521903038, 0.013096735812723637, 0.015104946680366993, 0.0033275585155934095, 0.008379776030778885, -0.01542519312351942, 0.0020082106348127127, -0.006244801450520754, 0.02847522683441639, -0.012723115272819996, -0.013303562067449093, -0.0003909255610778928, -0.016305869445204735, -0.02287091687321663, 0.0014544515870511532, 0.012462915852665901, 0.021229656413197517, 0.018240690231323242, 0.02560635469853878, -0.007999483495950699, -0.004600203596055508, 0.016812926158308983, -0.0014869766309857368, 0.00297562126070261, -0.01308339275419712, -0.008286370895802975, -0.001799717079848051, -0.0006254808977246284, -0.027514487504959106, 0.022430578246712685, -0.005490888375788927, 0.011749032884836197, 0.005120603833347559, -0.024592241272330284, -0.0013310234062373638, 0.014998198486864567, -0.00025811512023210526, -0.02828841656446457, -0.033839352428913116, 0.038322798907756805, 0.008046186529099941, -0.02292429283261299, -0.008633304387331009, 0.022390548139810562, 0.01227610558271408, -0.00317744305357337, 0.012422884814441204, 0.00395971117541194, 0.01162894070148468, 0.013436997309327126, -0.00028459381428547204, 0.036321260035037994, -0.013483700342476368, 0.02233717404305935, 0.0069119809195399284, 0.0008648316143080592, -0.002420194214209914, 0.01856093667447567, -0.006344878114759922, -0.010307925753295422, -0.025312794372439384, 0.010434689000248909, -0.005747752729803324, 0.0013043361250311136, -0.033092111349105835, 0.00910033006221056, -0.039577096700668335, 0.007732612080872059, -3.8154335925355554e-05, -0.033972788602113724, -0.009594042785465717, -0.00847985316067934, 0.0007389014353975654, 0.008059529587626457, 0.0011050162138417363, -0.01928149163722992, 0.02539285644888878, -0.0005137283005751669, 0.01036797184497118, -0.04448753595352173, 0.004700280725955963, 0.1487009972333908, 0.03319885954260826, -0.0012017573462799191, 0.015612003393471241, -0.014010772109031677, 0.009033611975610256, -0.008733381517231464, -0.04205900430679321, 0.02381831221282482, -0.0018247362459078431, 0.018987933173775673, 0.0061213732697069645, 0.012422884814441204, 0.008806770667433739, 0.013477028347551823, 0.0022867582738399506, 0.01930817775428295, -0.0022233761847019196, 0.024071840569376945, -0.005010519176721573, -0.01838747039437294, -0.014077490195631981, -0.019027963280677795, 0.017186546698212624, -0.008800099603831768, -0.019801892340183258, 0.015345131047070026, 0.017186546698212624, 0.013363608159124851, -0.011875797063112259, -0.013497044332325459, 0.004526813980191946, 0.007652550470083952, 0.0317043773829937, 0.007872719317674637, 0.006938667967915535, -0.0005370795843191445, 0.01227610558271408, 0.02903565764427185, -0.010828325524926186, 0.017213234677910805, -0.007372335065156221, -0.0006876119878143072, -0.020669225603342056, 0.02000204473733902, -0.0094739506021142, 0.008399791084229946, 0.02541954442858696, 0.007745955605059862, -0.025846539065241814, 0.03455990552902222, -0.00306902639567852, -0.006228121928870678, 0.00847985316067934, 0.01804053783416748, -0.002953937742859125, -0.0086466483771801, -0.011615597642958164, -0.0035327160730957985, 0.034346409142017365, -0.009227094240486622, -0.022217081859707832, 0.0003319218521937728, -0.003017319831997156, -0.002887219889089465, -0.017440075054764748, -0.042459312826395035, -0.001993199111893773, 0.0034026161301881075, 0.0016537714982405305, 0.020842691883444786, -0.03066357597708702, -0.011949187144637108, -0.004927121568471193, 0.02233717404305935, -0.015625346451997757, -0.0027821389958262444, -0.02903565764427185, 0.0035827546380460262, -0.004880419000983238, 0.008953550830483437, -0.0058111343532800674, 0.0009957655565813184, -0.017520137131214142, -0.006324863061308861, 0.00791942235082388, 0.025005891919136047, 0.0019481645431369543, -0.01018116157501936, 0.018654342740774155, -0.01010777149349451, 0.013997429050505161, 0.016519367694854736, -0.008413135074079037, 0.023484723642468452, 0.0022400557063519955, 0.002026558155193925, -0.006304847542196512, 0.014357705600559711, 0.009700791910290718, 0.004259942099452019, -0.04309980571269989, 0.013196812942624092, 0.010841668583452702, 0.015998966991901398, 0.01125532016158104, 0.007045417092740536, -0.01856093667447567, 0.011989218182861805, -0.04309980571269989, -0.008499868214130402, -0.001352706691250205, -0.004900434520095587, -0.007158837281167507, 0.011308695189654827, 0.015465224161744118, 0.011702330783009529, 0.02595328725874424, 0.0067051551304757595, 0.0012192707508802414, 0.0010141130769625306, -0.0378958024084568, 0.02344469167292118, 0.004853731952607632, -0.010581469163298607, -0.007105463184416294, 0.007705924566835165, -0.05318756029009819, -0.0066984836012125015, -0.01856093667447567, 0.01260302308946848, -0.01153553556650877, 0.02161662094295025, -0.02020219899713993, -0.023538097739219666, -0.009594042785465717, 0.005384139716625214, -0.0042365905828773975, -0.023564783856272697, 0.015638690441846848, -0.024285338819026947, -0.029809586703777313, 0.014637921005487442, 0.01965511217713356, 0.015104946680366993, -0.026086723431944847, -0.0178670696914196, 0.004176544491201639, 0.0023267888464033604, 0.025326138362288475, -0.02397843636572361, -0.014731326140463352, -0.020669225603342056, 0.008793427608907223, 0.0023918389342725277, -0.023204507306218147, -0.0005641837487928569, 0.005560941994190216, 0.027327677235007286, -0.0014803047524765134, 0.05409492552280426, -0.007899406366050243, 0.005824478343129158, -0.012176028452813625, 0.03063688799738884, -0.012349494732916355, -0.029169093817472458, -0.034506529569625854, -0.030183207243680954, 0.005981265567243099, 0.0007655886001884937, 0.006561711896210909, 0.019788548350334167, -0.000640492420643568, -0.007272257935255766, 0.03728199750185013, -0.01930817775428295, 0.00038571321056224406, -0.017586855217814445, -0.015078259631991386, -0.012029248289763927, -0.017613541334867477, -0.016719521954655647, 0.0016295862151309848, -0.02556632272899151, 0.004813700914382935, -0.009513981640338898, 0.015998966991901398, -0.006521680857986212, 0.0035660751163959503, 0.02054913341999054, -0.01856093667447567, 0.01550525426864624, -0.0005116433603689075, 0.00022538162011187524, -0.008326401934027672, -0.029435966163873672, -0.014464454725384712, -0.00024831591872498393, 0.013510387390851974, -0.002098280005156994, 0.01071490440517664, -0.022750824689865112, -0.002760455710813403, -0.025286108255386353, 0.016292527318000793, -0.03303873538970947, -0.020429039373993874, 0.014758013188838959, -0.012796505354344845, -0.007312288973480463, -0.022443922236561775, -0.03786911442875862, -0.03520039841532707, -0.007892735302448273, 0.00513061136007309, 0.001954836305230856, 0.002355144126340747, 0.003996406216174364, -0.039203476160764694, -0.03167768940329552, -0.029996396973729134, 0.020856035873293877, 0.01910802535712719, 0.048063620924949646, 0.015945592895150185, -0.03770899400115013, -0.02812829241156578, 0.020669225603342056, 0.02073594368994236, 0.008066201582551003, 0.005340773146599531, 0.021669995039701462, -0.015451880171895027, -0.0006947008077986538, -0.007158837281167507, -0.014357705600559711, -0.014998198486864567, -0.013376951217651367, 0.009140361100435257, -0.0033575815614312887, 0.0036561444867402315, -0.003287527710199356, -1.421666001988342e-05, -0.009767509996891022, 0.02467230334877968, 0.0014361041830852628, 0.0026653825771063566, -0.018347440287470818, 0.004837052430957556, -0.011835766956210136, 0.001689632423222065, 0.02505926601588726, 0.03373260051012039, 0.019334865733981133, -0.014331018552184105, 0.006244801450520754, -0.0017663580365478992, 0.0018514235271140933, 0.016679489985108376, -0.003846290521323681, 0.02255067229270935, -0.023885030299425125, 0.00936053041368723, -0.0045768520794808865, 0.010594812221825123, 0.0019164734985679388, -0.007105463184416294, -0.01100846379995346, 0.01910802535712719, 0.006421603728085756, 0.018320752307772636, -0.004720295779407024, -0.01298998761922121, 0.01233615167438984, 0.007439052686095238, 0.0026720543392002583, -0.01731998287141323, 0.0009015264804475009, 0.0041732084937393665, 0.01929483562707901, 0.011288679204881191, -0.0007176350918598473, -0.004013085272163153, -0.006054655183106661, -0.013190140947699547, -0.011668971739709377, -0.022457266226410866, 0.015905562788248062, -0.012396197766065598, -0.01821400411427021, -0.04926454275846481, 0.007152165751904249, -0.010054397396743298, -0.0033092109952121973, -0.001310174004174769, 0.018480876460671425, 0.009647417813539505, -0.010514751076698303, -0.006007952615618706, -0.02179008722305298, 0.01929483562707901, -0.029462652280926704, -0.008139591664075851, -0.003070694161579013, -0.0034860135056078434, 0.027727985754609108, 0.002617012010887265, 0.0008948546601459384, -0.011942515149712563, 0.004006413742899895, 0.016079029068350792, -0.011088525876402855, 0.002680394100025296, -0.003939695656299591, 0.0045134699903428555, 0.023204507306218147, -0.011688986793160439, -0.0043800342828035355, 0.00928714033216238, -0.015732096508145332, -0.016465993598103523, 0.005917883478105068, 0.006081342231482267, -0.009794197045266628, 0.02938259020447731, 0.0169330183416605, -0.002300101798027754, -0.040324337780475616, -0.02232383005321026, -0.004133177921175957, -0.00866666343063116, -0.011108540929853916, -0.0378958024084568, -0.0026436992920935154, -0.013096735812723637, -0.010748263448476791, 0.023404661566019058, -0.010881699621677399, -0.016879644244909286, 0.0311973188072443, 0.02292429283261299, 8.14167651697062e-05, 0.012242746539413929, 0.010241207666695118, -0.0069053093902766705, -0.02559301070868969, -0.019374895840883255, -0.01134872529655695, -0.001374390092678368, -0.00930048432201147, 0.02271079458296299, 0.01100846379995346, -0.021603276953101158, -0.007158837281167507, -0.0022267119493335485, -0.011555551551282406, 0.002667050575837493, -0.001638759975321591, 0.01727995276451111, 0.043873731046915054, -0.014798044227063656, 0.00819963775575161, 0.011288679204881191, 0.018427500501275063, 0.03117063269019127, 0.0008356425096280873, -0.024578897282481194, 0.023898374289274216, -0.007399022113531828, 0.01782703958451748, -0.008873488754034042, -0.02180343121290207, -0.00616807583719492, -0.005580957513302565, -0.012849879451096058, 0.0031374122481793165, -0.010027709417045116, 0.0024835760705173016, -0.04248599708080292, 0.009313827380537987, -0.002034897916018963, 0.019161399453878403, 0.009927633218467236, 0.018334096297621727, -0.02344469167292118, 0.001858095289207995, -0.012256089597940445, 0.006885293871164322, -0.022230425849556923, 0.006691811606287956, -0.0013935714960098267, -0.010474720038473606, -0.009053627960383892, 0.0030606866348534822, -0.006398252677172422, -0.01750679314136505, -0.003522708546370268, 0.014731326140463352, 0.00044617638923227787, 0.007392350118607283, 0.037388745695352554, 0.01782703958451748, -0.012549648992717266, 0.011035150848329067, 0.004319988191127777, -0.02053578943014145, -0.0035460598301142454, -0.0009974335553124547, -0.01619912125170231, 0.0022050286643207073, 0.004756990820169449, 0.027154210954904556, -0.007672565523535013, -0.026793934404850006, -0.02038900926709175, 0.011155243031680584, -0.03770899400115013, 0.03333229571580887, 0.01389067992568016, -0.009707463905215263, -0.006131380796432495, -0.006238129455596209, -0.025005891919136047, 0.0010082751978188753, -0.03197124972939491, 0.01873440481722355, -0.022257111966609955, -0.01000102236866951, 0.013370280154049397, -0.004193224012851715, -0.041178327053785324, -0.007145493756979704, 0.007025401573628187, -0.009327171370387077, 0.015798812732100487, 0.22588033974170685, -0.03338566794991493, 0.0007680905400775373, 0.018881183117628098, -0.0200287327170372, 0.011635612696409225, 0.026820620521903038, -0.00308403791859746, -0.02020219899713993, -0.005387475714087486, 0.0004987167776562274, -0.011502176523208618, 0.0025169351138174534, 0.007959453389048576, -0.0056610191240906715, -0.01821400411427021, -0.028235042467713356, -0.025179360061883926, -0.01126866415143013, -0.023404661566019058, 0.012876566499471664, -0.003117396729066968, 0.016519367694854736, -0.013090064749121666, 0.036134447902441025, 0.018334096297621727, 0.009634073823690414, -0.01658608578145504, 0.018173974007368088, 0.0182273481041193, -0.011602253653109074, -0.021336404606699944, -0.0023067735601216555, 0.015451880171895027, 0.004973824135959148, 0.006688475608825684, -0.002877212129533291, 0.005170641932636499, 0.014077490195631981, 0.025552980601787567, -0.0015153316780924797, -0.012623039074242115, -0.027808047831058502, -0.00013374866102822125, 0.0033008712343871593, -0.009660760872066021, 0.00173633499071002, -0.011962531134486198, 0.0024418774992227554, -0.009033611975610256, -0.016492679715156555, -0.020469071343541145, 0.05265381559729576, 0.011468817479908466, -0.005430842284113169, 0.0028455210849642754, 0.031117258593440056, 0.017186546698212624, -0.01925480365753174, -0.0010499738855287433, -0.0017813695594668388, 0.01858762465417385, -0.023324599489569664, 0.05113264545798302, -0.007859376259148121, 0.02184346131980419, 0.004049780312925577, -0.034693341702222824, 0.013190140947699547, -0.015278413891792297, 0.006638437509536743, 0.0035393878351897, -0.010347955860197544, -0.009086987003684044, -0.01877443492412567, -0.03754886984825134, 0.014290987513959408, -0.007018729578703642, -0.000623812957201153, 0.01962842419743538, -0.010514751076698303, -0.010167817585170269, -0.01674620807170868, -0.019975358620285988, -0.03101050853729248, -0.043179865926504135, 0.018240690231323242, -0.004326659720391035, 0.002283422276377678, -0.013603792525827885, -0.004516805987805128, -0.0005070565384812653, -0.006468306295573711, -0.003522708546370268, 0.001369386212900281, 0.02412521466612816, 0.011608925648033619, 0.03157094120979309, -0.0002658293815329671, 0.0032641764264553785, -0.01362380851060152, -0.011709002777934074, 0.03562739118933678, -0.014477797783911228, -0.025673072785139084, -0.004853731952607632, 0.027888108044862747, 0.026366939768195152, 0.0357341393828392, -0.03351910412311554, -0.014197582378983498, -0.014904793351888657, 0.003315882757306099, -0.009767509996891022, 0.024405431002378464, 0.014197582378983498, 0.013170125894248486, -0.009527324698865414, -0.016279183328151703, -0.001015780959278345, 0.008453166112303734, -0.030530139803886414, 0.01144213043153286, 0.006998714525252581, -0.010981776751577854, 0.0033142147585749626, -0.04995841160416603, 0.026246847584843636, -0.0190946813672781, -0.012676413170993328, -0.02472567744553089, -0.005854501388967037, -0.01782703958451748, -0.02345803566277027, 0.004079803358763456, 0.0244988352060318, 0.014184239320456982, -0.014237613417208195, -0.0014085830189287663, 0.006474978290498257, -0.00022329667990561575, 0.0021800093818455935, -0.016292527318000793, -0.006691811606287956, 0.015438537113368511, -0.029702836647629738, 0.020896065980196, -0.02647368796169758, 0.004983831662684679, -0.020775973796844482, -0.02018885500729084, 0.018280722200870514, -0.00658172694966197, -0.006681804079562426, -0.005314085632562637, -0.019348209723830223, -0.0169330183416605, -0.04451422393321991, -0.0030440071132034063, 0.0069520119577646255, -0.026380281895399094, 0.01746676303446293, 0.037949178367853165, -0.010975104756653309, -0.010588141158223152, -0.014344361610710621, -0.1696237474679947, 0.02903565764427185, 0.00910033006221056, -0.005350780673325062, 0.03640132024884224, -0.014584546908736229, 0.03765561804175377, 0.019601738080382347, -0.034293033182621, 0.017893757671117783, 0.006618421990424395, 0.0042299190536141396, 0.0013310234062373638, 0.004983831662684679, -0.017440075054764748, 0.015998966991901398, -0.025913257151842117, 0.024218620732426643, 0.0015828836476430297, 0.005143954884260893, 0.01802719384431839, -0.011915828101336956, 0.008593273349106312, 0.0008740053162910044, 0.005600973032414913, 0.02124299854040146, 0.01533178798854351, 0.0013001663610339165, 0.021736713126301765, -0.012516289949417114, -0.022297143936157227, -0.013063376769423485, 0.01164228469133377, 0.008246339857578278, 0.002987296786159277, -0.003872977802529931, 0.008346416987478733, -0.0054708728566765785, -0.0022900940384715796, 0.01639927551150322, 0.011108540929853916, 0.0035393878351897, -0.0029005634132772684, 0.0034026161301881075, -0.0028838838916271925, 0.030183207243680954, -0.0317043773829937, 0.005330765154212713, -0.015652034431695938, 0.0029139069374650717, 0.00685193482786417, -0.01961508020758629, 0.03028995543718338, 0.01344366930425167, 0.0042465985752642155, 0.008172950707376003, -0.02520604617893696, 0.0054074907675385475, -0.004006413742899895, 0.013203484937548637, -0.024979205802083015, 0.012623039074242115, 0.006815239787101746, -0.001613740692846477, -0.0014394400641322136, -0.018173974007368088, -0.007792658172547817, -0.02525942027568817, -0.006765201222151518, 0.015958936884999275, 0.02249729633331299, -0.0009348854655399919, 0.02162996307015419, -0.0059946090914309025, 0.00829304289072752, 0.0018530914094299078, -0.026286877691745758, 0.006244801450520754, 0.015812156721949577, -0.00409314688295126, -0.0328519232571125, 0.007178852800279856, 0.006558375898748636, -0.015158320777118206, -0.00847985316067934, 0.010814981535077095, 0.01027456670999527, 0.00972080696374178, -0.0028471890836954117, -0.01153553556650877, 0.015211695805191994, -0.029355904087424278, -0.022830886766314507, -0.014397736638784409, -0.0016712850192561746, 0.024298682808876038, 0.014691295102238655, 0.0229109488427639, 0.024992549791932106, -0.02975621074438095, -0.00406312383711338, 0.007705924566835165, -0.006088014226406813, 0.036347948014736176, -0.0005675196880474687, -0.006628429517149925, 0.005230688489973545, 0.009594042785465717, 0.016452649608254433, 0.01750679314136505, -0.023204507306218147, 0.014758013188838959, 0.028341790661215782, 0.01605234108865261, 0.00771259656175971, 0.016612771898508072, -0.010888371616601944, -0.015985624864697456, 0.00803284253925085, 0.006074670702219009, 0.04558171331882477, -0.003892993088811636, 0.0011717341840267181, -0.002550294157117605, -0.002617012010887265, 0.007178852800279856, -0.10440026968717575, -0.031624313443899155, -0.008693350479006767, -0.0007363994955085218, 0.0034826777409762144, 0.029435966163873672, 0.011282007209956646, 0.016319213435053825, -0.02162996307015419, 0.020802661776542664, 0.014477797783911228, -0.01908133737742901, 0.0009398892871104181, 0.017893757671117783, 0.03338566794991493, -0.02561969868838787, 0.009320499375462532, 0.0012567996745929122, -0.04384704679250717, -0.002650371054187417, -0.006731842644512653, -0.009046955965459347, 0.002591992961242795, -0.009273797273635864, -0.02001538872718811, -0.02251064032316208, -0.008493197150528431, 0.026900682598352432, -0.011635612696409225, 0.005844493396580219, -0.0023951749317348003, 0.004683601204305887, 0.015998966991901398, -0.010955089703202248, 0.012442899867892265, -0.008333073928952217, 0.0008348085102625191, 0.01227610558271408, 0.028608663007616997, -0.031117258593440056, -0.0010816649300977588, -0.0010141130769625306, 0.00254529039375484, -0.03101050853729248, 0.011028478853404522, 0.006658452562987804, -0.037388745695352554, 0.03258505463600159, 0.004897098522633314, -0.004133177921175957, -0.00378290843218565, 0.00020265580678824335, -0.02938259020447731, 0.0005746084498241544, 0.020455727353692055, 0.0054875523783266544, 0.02397843636572361, 0.010548110119998455, 0.013276875019073486, -0.0005850331508554518, -0.004870411474257708, 0.006992042530328035, -0.016892988234758377, -0.003636128967627883, 0.003862970042973757, 0.02900896966457367, 0.009647417813539505, 0.0018130606040358543, 0.004556837026029825, -0.015171664766967297, -0.024005122482776642, -0.0056776986457407475, -0.011028478853404522, 0.04592864587903023, -0.0042532701045274734, 0.010448032990098, 0.0010107771959155798, -0.03480008989572525, 0.004473439417779446, 0.00681190425530076, -0.015758782625198364, -0.007592504378408194, 0.02237720414996147, -0.010661530308425426, 0.03303873538970947, -0.015198351815342903, -0.0030440071132034063, 0.010641515254974365, 0.005841157864779234, -0.01587887480854988, 0.00812624767422676, 0.014504484832286835, 0.0171465165913105, -0.009600714780390263, -0.0021149595268070698, 0.0003104470088146627, -0.026780590415000916, -0.01658608578145504, 0.02743442729115486, 0.011375412344932556, -0.011448802426457405, -0.010421345941722393, -0.07627197355031967, 0.02919577993452549, 0.00902026891708374, -0.005160634405910969, 0.00654169637709856, -0.013590449467301369, -0.014918136410415173, 0.0008856809581629932, -0.022390548139810562, -0.008586602285504341, 0.0008598277345299721, 0.02940927818417549, -0.014891449362039566, 0.007819345220923424, -0.014144208282232285, -0.0004390875983517617, 0.018280722200870514, -0.024765707552433014, 0.002203360665589571, 0.018534250557422638, 0.01892121508717537, 2.4054952518781647e-05, 0.014077490195631981, 0.0027788032311946154, 0.01746676303446293, -0.009740822948515415, 0.002038233680650592, 0.022977666929364204, 0.0019581723026931286, -0.022030271589756012, 0.021109564229846, -0.01984192244708538, 0.002355144126340747, 0.013823961839079857, -0.010341283865272999, 0.0022867582738399506, -0.01190915610641241, -0.0024435454979538918, 0.00045493312063626945, 0.02922246791422367, -0.02559301070868969, -0.014050803147256374, 0.02991633489727974, -0.003307542996481061, -0.013230171985924244, 0.006074670702219009, -0.0034192956518381834, -0.001453617587685585, 0.023324599489569664, 0.002575313439592719, -0.0013802278554067016, 0.021763399243354797, -0.005334101151674986, 0.0003694507176987827, -0.004863739479333162, 0.015078259631991386, 0.010247878730297089, -0.012956628575921059, -0.0032675121910870075, -0.04544827714562416, 0.039577096700668335, 0.004013085272163153, 0.023044385015964508, 0.0062548089772462845, 0.010301253758370876, -0.00837310403585434, -0.003536052070558071, 0.005000511184334755, 0.001260135555639863, -0.0061914268881082535, -0.018654342740774155, 0.008826786652207375, -0.0050071831792593, 0.04168538376688957, -0.007685909513384104, 0.026113411411643028, -0.0073456475511193275, -0.0019998708739876747, -0.032878611236810684, 0.0019698478281497955, 0.010941745713353157, 0.005224016495049, -0.029862960800528526, 0.011682315729558468, 0.014411079697310925, 0.0018764426931738853, -0.008886832743883133, 0.010975104756653309, 0.01912136748433113, 0.009000252932310104, 0.010801638476550579, -0.011528863571584225, -0.0074724117293953896, 0.013944054022431374, 0.014411079697310925, 0.018307408317923546, -0.01601231098175049, -0.008159606717526913, -0.0022016926668584347, 0.0015603663632646203, -0.013904023915529251, -0.005284062586724758, -0.006408260203897953, -0.016492679715156555, -0.033839352428913116, -0.004006413742899895, -0.003207466099411249, -0.03295867517590523, -0.002805490279570222, -0.002540286397561431, 0.018707716837525368, 0.019881952553987503, -0.003956375177949667, 0.01782703958451748, -0.016719521954655647, -0.022657420486211777, -0.0010299585992470384, -0.0061280447989702225, -0.01781369559466839, 0.006918652914464474, 0.035093650221824646, 0.011128555983304977, 0.03923016041517258, -0.016826270148158073, 0.004897098522633314, 0.01082165353000164, 0.0018814465729519725, -0.004586860071867704, -0.007692581042647362, -0.024592241272330284, -0.008873488754034042, -0.01677289605140686, -0.016612771898508072, 0.00317744305357337, 0.004089811351150274, 0.007045417092740536, -0.004563508555293083, 0.03103719651699066, -0.0010399662423878908, 0.048757486045360565, 0.0008631636737845838, -0.014357705600559711, 0.030209893360733986, -0.0100143663585186, 0.00040385217289440334, 0.02719424106180668, -0.013637151569128036, 0.013997429050505161, 0.005384139716625214, -0.004179880488663912, -0.008700022473931313, 0.02165665104985237, -0.03394610062241554, -0.009794197045266628, 0.0032308173831552267, 0.015985624864697456, 0.015825500711798668, -0.0004407555388752371, -0.016892988234758377, -7.109632861102e-05, 0.004810364916920662, 0.012329479679465294, 0.011115212924778461, -0.0010749931680038571, -0.020228886976838112, -0.008079545572400093, 4.2037529055960476e-05, -0.008686678484082222, -0.02040235325694084, 0.0017763657961040735, 3.463600660325028e-05, 0.0005883690319024026, -0.009013596922159195, 0.03151756525039673, -0.024045154452323914, -0.019027963280677795, 0.004193224012851715, 0.0018614311702549458, 0.007452396675944328, -0.012776490300893784, -0.007685909513384104, -0.024792395532131195, -0.021750055253505707, 0.01190248504281044, -0.008052858524024487, -0.00313574424944818, -0.030049771070480347, -0.02215036377310753]"
U54128,N36517 N19644 N58067 N28952 N37844 N17211 N23979 N1954 N23912 N19644 N30738 N36722 N25003 N59090 N51057 N39816 N1150 N35009 N13505 N10099 N59090 N13233 N53125 N54253 N31737 N59506 N22990 N43265 N38176 N21510 N22990 N6233 N63260 N60949 N33617 N33458 N6233 N51706 N40874 N57537 N15218 N23620 N23986 N63405 N51167 N50538 N20121 N18242 N32098 N44547 N53538 N6835 N8619 N24691 N23136 N50455 N54267 N4804 N15444 N51136 N4355 N49531 N50455 N5861 N49223 N19638 N15848 N35395 N33200 N63314 N26398 N24294 N22052 N50578 N21559 N58891 N28236 N9899 N35519 N12575 N59026 N8275 N61534 N7738 N13508 N56566 N9641 N32867 N11042 N38298 N1267 N28538 N15337 N48553 N30114 N46280 N17102 N2258 N56514 N43761 N39235 N61005 N49731 N23163 N51712 N12859 N12096 N59763 N64775 N14548 N23887 N14514 N61114 N16225 N43524 N45794 N55051 N55727 N56922 N23653 N36230 N1208 N53973 N58783 N11477 N32971 N12755 N64819 N14580 N40493 N2576 N20259 N13362 N34904 N41439 N45093 N10749 N48325 N13569 N29453 N7780 N48888 N47020 N40692 N27491 N33764 N35409 N22787 N38546 N3149 N41156 N35624 N29955 N62875 N57278 N17811 N43673 N42291 N56753 N26683 N13374 N60184 N52506 N38155 N63167 N9441 N63469 N39101 N46011 N9441 N41589 N23614 N34152 N45330 N40944 N37131 N20547 N19386 N63582 N62231 N2679 N11231 N47655 N64163 N9114 N10156 N34113 N53049 N28812 N48742 N42986 N11345 N8148 N20607 N5418 N24830 N16308 N44357 N58731 N35305 N35671 N28320 N9537 N62268 N14512 N3900 N57238 N60670 N20020 N8170 N28858 N11831 N37764 N14296 N39289 N3491,"[-0.00792404729872942, -0.022197656333446503, 0.009059741161763668, -0.0428982637822628, -0.037813451141119, 0.005552640650421381, -0.008104725740849972, 0.003610345534980297, -0.0015277020866051316, -0.01912612095475197, 0.03967185690999031, 0.010892338119447231, -0.013886441476643085, -0.0013623489066958427, -0.008285404182970524, -0.025849945843219757, 0.02201697789132595, -0.004471795167773962, -0.017629068344831467, -0.02686948888003826, -0.030534682795405388, 0.028960198163986206, -0.04408557713031769, 0.004462116397917271, 0.009950228966772556, 0.018287256360054016, -0.0023004256654530764, -0.008266045711934566, 0.02348821796476841, -0.011324676685035229, -0.010369661264121532, 0.0025762831792235374, 0.0011389204300940037, 0.015138285234570503, -0.03154132142663002, -0.01469949446618557, 0.007304577622562647, -0.0012591039994731545, -0.004681511782109737, 0.018467934802174568, 0.02267516404390335, -0.012815275229513645, 0.006023695692420006, 0.0013413772685453296, -0.030405627563595772, 0.017887180671095848, 0.016532091423869133, -0.0276696365326643, -0.03259958326816559, 0.01815819926559925, 0.01971977949142456, 0.022029884159564972, -0.04377584531903267, -0.026792054995894432, -0.013912252150475979, 0.0049202656373381615, -0.00020729642710648477, 0.016377225518226624, -0.013318593613803387, -0.004958982113748789, -0.012763652950525284, -0.0023810858838260174, -0.033890143036842346, 0.027953561395406723, -0.0004339512961450964, 0.006878692656755447, -0.003768439404666424, 0.009214608930051327, -0.01322825439274311, -0.01170539204031229, 0.01396387442946434, 0.006627032998949289, 0.020907094702124596, -0.029760347679257393, 0.0004395974974613637, -0.01814529299736023, -0.016196545213460922, 0.011292412877082825, -0.019448760896921158, 0.022804221138358116, 0.025901567190885544, 0.003594213631004095, -0.0019310025963932276, 0.01872604712843895, -0.015202813781797886, 0.0005053354543633759, -0.014183269813656807, 0.0039297593757510185, 0.004436304792761803, 0.02537243813276291, -0.004726681392639875, -0.005723639857023954, -0.011647316627204418, 0.01018252968788147, -0.007582048419862986, 0.00940174050629139, -0.04354354366660118, 0.02759220264852047, 0.009021024219691753, -0.02544987201690674, 0.012989500537514687, 0.0009606616804376245, -0.024339988827705383, -0.001711607095785439, 0.014880173839628696, -0.020261814817786217, 0.0019390685483813286, -0.006533467210829258, -0.0002220168971689418, -0.012963689863681793, 0.02769544906914234, 0.003632930340245366, 0.02965710125863552, -0.040523629635572433, -0.02890857681632042, 0.011182715184986591, 0.0006747216684743762, -0.02152656391263008, 0.01961653307080269, -0.030250759795308113, 0.023359162732958794, 0.026314547285437584, 0.019268082454800606, 0.006730278022587299, 0.004604077897965908, 0.0020245681516826153, 0.025682171806693077, -0.014815645292401314, -0.001456721220165491, 0.005720413755625486, 0.024172216653823853, 0.005000925622880459, 0.037658583372831345, 0.013460556045174599, -0.005894639529287815, -0.006788352970033884, -0.01782265305519104, 0.033141616731882095, -0.020223097875714302, 0.0006485071498900652, -0.0025133683811873198, 0.005807526409626007, -0.02686948888003826, 0.0017374183516949415, -0.011034300550818443, 0.02011985331773758, 0.00034139383933506906, -0.0031199322547763586, 0.0010106709087267518, -0.0020003702957183123, 0.020920000970363617, -0.01417036447674036, -0.016816016286611557, -0.006104355677962303, -0.0062753548845648766, 0.030921852216124535, -0.011221432127058506, -0.002929574577137828, -0.014738211408257484, -0.020920000970363617, -0.009834078140556812, 0.01685473322868347, 0.019926268607378006, 0.020636077970266342, 0.019990796223282814, 0.018184009939432144, 0.007898235693573952, -0.014673683792352676, 0.002700499724596739, 0.005678470246493816, 0.0009517890866845846, -0.012157089076936245, 0.0012744293780997396, 0.01839050091803074, 0.023023616522550583, 0.023707613348960876, 0.001674503437243402, -0.03450961410999298, -0.0415818877518177, -0.003787797875702381, 0.000342200422892347, 0.0336836539208889, 0.009008118882775307, 0.020326342433691025, 0.010885885916650295, -0.0060527329333126545, 8.146669279085472e-05, 0.00883389264345169, 0.01079554669559002, -0.03949118033051491, -0.016403036192059517, -0.004736360628157854, -0.0002738409966696054, -0.016312696039676666, -0.6620063781738281, -0.012266786769032478, 0.00564943253993988, 0.006372147239744663, 0.008872609585523605, 0.001105849863961339, 0.012311955913901329, 0.016609525308012962, -0.02373342402279377, -0.0051138498820364475, 0.01005992665886879, -0.010776188224554062, -0.00047952422755770385, -2.0127212337683886e-05, 0.027385713532567024, -0.01783555932343006, -0.013125009834766388, -0.003295771311968565, -0.004575040191411972, 0.0440339557826519, -0.04137539863586426, 0.030534682795405388, 0.0189067255705595, 0.02587575651705265, 0.013486366719007492, 0.008937138132750988, -0.006504429504275322, -0.02235252410173416, -0.015202813781797886, -0.007704651914536953, 0.0055268295109272, 0.0006376180099323392, 0.0022923597134649754, 0.0040039666928350925, 0.049247823655605316, 0.01203448511660099, 0.0006327783921733499, 0.006310845259577036, -0.005036415997892618, 0.039387933909893036, 0.029424801468849182, 0.01211191900074482, 0.012963689863681793, -0.011311771348118782, 0.008227328769862652, -0.014221986755728722, 0.02159109339118004, 0.004271758254617453, 0.0037232697941362858, 0.014596249908208847, -0.0018035596003755927, 0.009640494361519814, -0.019771400839090347, 0.015512548387050629, -0.0110536590218544, 0.023591462522745132, 0.002640811260789633, -0.005584904458373785, 0.007452992256730795, 0.0007388464291580021, 0.004287890158593655, 0.0036361569073051214, -0.02579832263290882, -0.007814349606633186, -0.013125009834766388, 0.027256658300757408, -0.008349932730197906, 0.017125749960541725, 0.02537243813276291, -0.022146034985780716, -0.008149895817041397, 0.028469786047935486, -0.02301071025431156, 0.015654509887099266, 0.009988945908844471, 0.030844418331980705, 0.012279692105948925, -0.019823024049401283, -0.025849945843219757, 0.009079099632799625, -0.008737101219594479, -0.010021209716796875, -0.033296484500169754, 0.003691005753353238, 0.027488958090543747, 0.004720228258520365, -0.008827440440654755, -0.0039878347888588905, -0.011156903579831123, 0.012311955913901329, 0.01964234560728073, 0.024262554943561554, -0.006314071826636791, -0.004174966365098953, -0.004323380999267101, 0.0029731309041380882, -0.020468303933739662, -0.012860444374382496, 0.011079469695687294, 0.001989077776670456, 0.01690635457634926, 0.0050138309597969055, 0.006494750268757343, -0.015473831444978714, 0.005346150603145361, -0.011014942079782486, -0.017022505402565002, -0.004110438283532858, 0.021539470180869102, -0.00708518223837018, -0.011950599029660225, 0.008136989548802376, 0.018171105533838272, -0.0199520792812109, -0.02323010563850403, -0.023772140964865685, -0.007640123832970858, -0.007556237280368805, 0.004475021734833717, -0.02777288295328617, 0.022404147312045097, 0.0058881863951683044, 0.0259660966694355, -0.0109181497246027, -0.0031263851560652256, 0.016041679307818413, -0.010130907408893108, -0.03288350626826286, -0.00024923967430368066, 0.01602877303957939, 0.01840340532362461, 0.03154132142663002, 0.006891597993671894, 0.00018461077706888318, 0.011686033569276333, -0.010259963572025299, 0.01343474444001913, -0.004729907494038343, 0.021126490086317062, -0.018596990033984184, -0.01790008693933487, -0.01244101207703352, -0.003952344413846731, -0.0032425355166196823, 0.000377489224774763, -0.02769544906914234, -0.01676439307630062, -0.005149340257048607, -0.04214973747730255, 0.015344775281846523, -0.009266231209039688, 0.009033930487930775, -0.015254436060786247, -0.010066378861665726, 0.005549414083361626, -0.0014881786191836, 0.006923862267285585, -0.0020165021996945143, 0.005936582572758198, -0.017190277576446533, 0.0071174465119838715, 0.014712400734424591, -0.01145373284816742, -0.02021019160747528, -0.012266786769032478, -0.011156903579831123, 0.02299780398607254, -0.005833337549120188, -0.021823393180966377, -0.01707412861287594, 0.026921112090349197, -0.020352153107523918, 0.01691926084458828, 0.0023262370377779007, 0.018416311591863632, -0.001277655828744173, 0.010079285129904747, 0.00838219653815031, -0.013008859008550644, -0.01971977949142456, 0.0012445851461961865, 0.0020681247115135193, -0.011595694348216057, -0.011214978992938995, 0.013008859008550644, 0.024507761001586914, 0.04181418940424919, 0.03685843572020531, -0.01618364080786705, 0.03505164757370949, -0.008156348019838333, -0.010601961985230446, 0.008543516509234905, -0.011182715184986591, 0.0035684024915099144, 0.03293512761592865, 0.004481474403291941, -0.027385713532567024, -0.023539841175079346, 0.017758125439286232, -0.00139057997148484, 0.011679581366479397, 0.021733054891228676, 0.001921323360875249, -0.008879062719643116, -0.011550525203347206, -0.013628329150378704, -0.021294264122843742, 0.030199138447642326, 0.005139661021530628, 0.003862005192786455, -0.004084627144038677, -0.0039297593757510185, -0.00817570649087429, -0.0013429905520752072, 0.006685108412057161, -0.00891777966171503, -0.015254436060786247, -0.0016535317990928888, 0.01071165967732668, -0.009911512024700642, 0.017474202439188957, 0.027205035090446472, 0.020481210201978683, 0.0018584084464237094, -0.0007150517194531858, 0.00749170919880271, 0.0024940099101513624, -0.009608229622244835, 0.006188242230564356, 0.013770290650427341, 0.0036038928665220737, 0.00462020980194211, 0.028521407395601273, 0.006091449875384569, 0.004539549816399813, 0.004239494446665049, -0.008149895817041397, 0.02085547335445881, -0.03381270915269852, 0.0007779665756970644, 0.01831306703388691, 0.030173325911164284, -0.00642699608579278, 0.010537434369325638, -0.02561764419078827, 0.03381270915269852, 0.00189873855561018, 0.011266601271927357, 0.007433633785694838, 0.01783555932343006, 0.006401184946298599, -0.004823473282158375, -0.004258852917701006, -0.01371866837143898, -0.013705762103199959, 0.02957966737449169, 0.0051170759834349155, 0.003184460336342454, 0.038226429373025894, 0.010872980579733849, -0.013157273642718792, 0.00833057425916195, -0.028521407395601273, 0.0017438711365684867, 0.0227655041962862, 0.03192849084734917, 0.02079094387590885, -2.5584371542208828e-05, 0.023875387385487556, 0.007336841896176338, -0.017603257670998573, 0.008614497259259224, 0.011221432127058506, 0.029269933700561523, 0.01059550978243351, -0.013537989929318428, -0.014092930592596531, 0.02062317170202732, -0.00185356882866472, -0.011976409703493118, -0.04493734985589981, 0.004752492532134056, 0.020739322528243065, -0.022133128717541695, -0.025811228901147842, 0.022894559428095818, 0.013499272987246513, -0.015396397560834885, 0.009763097390532494, -0.024507761001586914, 0.017022505402565002, -0.04413720220327377, -0.0035006478428840637, -0.009879248216748238, -0.01880348101258278, 0.03120577521622181, -0.008775818161666393, 0.025023985654115677, -0.016570808365941048, -0.003884589998051524, -0.00865966733545065, -0.020003702491521835, -0.02604353055357933, 0.03285769373178482, 0.01782265305519104, -0.015667416155338287, -0.01219580601900816, 0.02175886556506157, 0.0008066009031608701, 0.005449395626783371, -0.008291857317090034, -0.03226403519511223, 0.022804221138358116, -0.004375003278255463, 0.0029941024258732796, -0.024288365617394447, 0.007891783490777016, 0.029347367584705353, 0.010014756582677364, -0.009956681169569492, -0.03719398006796837, -0.031257398426532745, -0.004249173682183027, 0.12441012263298035, -0.014118742197751999, -0.014002591371536255, 0.005139661021530628, 0.025436965748667717, -0.01191188208758831, -0.014312325976788998, 0.0011671514948830009, -0.014854362234473228, -0.025669267401099205, -0.02906344272196293, -0.004255626350641251, 0.030354004353284836, 0.020016608759760857, 0.034122444689273834, 0.020416682586073875, -0.01244101207703352, -0.011763467453420162, 0.010756829753518105, -0.005678470246493816, -0.027953561395406723, -0.014428476803004742, 0.007988574914634228, 0.004913812503218651, 0.02957966737449169, -0.013357310555875301, 0.02004241943359375, 0.017435485497117043, -0.009614682756364346, 0.007859518751502037, -0.002345595508813858, -0.0020519925747066736, 0.011034300550818443, 0.020894190296530724, 0.0167514868080616, -0.007020654156804085, 0.0049686613492667675, 0.00749170919880271, -0.004555681720376015, -0.01822272688150406, 0.004749265965074301, -0.01987464539706707, -0.024998174980282784, -0.008827440440654755, 0.0005375994951464236, -0.009672758169472218, -0.017964614555239677, 0.017048316076397896, -0.0059623937122523785, -0.019190648570656776, 0.024043159559369087, 0.0072852191515266895, -0.003839420387521386, -0.007123899180442095, 0.02774707041680813, 0.010563245043158531, -0.015512548387050629, -0.019332610070705414, -0.0011090761981904507, -0.006917409133166075, -0.03427731245756149, -0.012886255979537964, 0.008033744990825653, -0.0036006662994623184, -0.01717737317085266, -0.023436596617102623, -0.02612096443772316, -0.015473831444978714, -0.014712400734424591, -0.015667416155338287, 0.015628699213266373, -0.026430698111653328, 0.0004617790109477937, -0.001165538327768445, 0.027075979858636856, 0.018545368686318398, 0.0033619124442338943, -0.008556422777473927, 0.038716841489076614, 0.01236357819288969, 0.013667046092450619, -0.01317663211375475, -0.019500384107232094, -0.0011986088939011097, -0.003991061355918646, 0.03195429965853691, 0.0070012956857681274, -0.024920741096138954, -0.017061222344636917, 0.022546108812093735, -0.005723639857023954, -0.005410678684711456, 0.019332610070705414, -0.01757744699716568, -0.000709808780811727, -0.005181604065001011, 0.004807341378182173, 0.005713960621505976, -0.0010993970790877938, 0.006627032998949289, 0.015589982271194458, -0.005342924501746893, 0.0072529553435742855, 0.006404411047697067, 0.00944690965116024, -0.017125749960541725, -0.010111548937857151, 0.008124084211885929, -0.009466268122196198, 0.008640308864414692, -0.005536508746445179, -0.005701055284589529, -0.007033559959381819, -0.007962764240801334, 0.01338312216103077, -0.004704096354544163, -0.0023149445187300444, 0.011937693692743778, 0.004207230173051357, 0.014673683792352676, 0.022442864254117012, -0.01137629896402359, 0.015215719118714333, 0.04478248208761215, 0.0012962076580151916, 0.0006364081054925919, 0.007872425019741058, -0.02544987201690674, -0.0218362994492054, 0.009763097390532494, 0.0010969772702082992, 0.022546108812093735, -0.011318223550915718, -0.02849559672176838, -0.02159109339118004, -0.01191188208758831, -0.01618364080786705, 0.0015083437319844961, -0.017345145344734192, 0.0033457805402576923, -0.01913902536034584, 0.009846983477473259, 0.014893079176545143, -0.005713960621505976, -0.0073432945646345615, -0.018016237765550613, 0.0015196361346170306, 0.010356755927205086, -0.008149895817041397, 0.013563800603151321, 0.012337767519056797, -0.009182344190776348, -0.017525823786854744, -0.0073432945646345615, -0.026740433648228645, -0.017783936113119125, -0.012795916758477688, -0.005091264843940735, 0.007278766483068466, 0.00998249277472496, 0.042020682245492935, 0.001284915255382657, 0.014544627629220486, 0.010201888158917427, 0.0008493507630191743, 0.01791299320757389, -0.014118742197751999, 0.008769365027546883, 0.021745961159467697, 0.01808076538145542, 0.03776182606816292, 0.003042498603463173, 0.024365799501538277, -0.004971887916326523, -0.016622431576251984, -0.005926903337240219, -0.014570438303053379, -0.022855842486023903, -0.011105281300842762, 0.014725306071341038, -0.008885515853762627, -0.02013275772333145, -0.015164096839725971, 0.018674423918128014, -0.044395312666893005, -0.01211837213486433, 0.02120392397046089, -0.010279322043061256, 0.000788452394772321, -0.0008929072064347565, 0.032470524311065674, -0.0001336941058980301, -0.007956311106681824, 0.004036230966448784, -0.00838219653815031, 0.002668235683813691, -0.016144923865795135, -0.013473461382091045, -0.007827254943549633, 0.018545368686318398, 0.012066749855875969, 0.01445428840816021, -0.03319324180483818, 0.021578187122941017, -0.006614127196371555, 0.029037632048130035, -0.003820061916485429, 0.00370713765732944, 0.0021987941581755877, -0.022068601101636887, -0.008317668922245502, -0.04047200828790665, -0.004665379412472248, -0.03845873102545738, -0.008756459690630436, 0.02292037196457386, 0.015654509887099266, 0.0073432945646345615, -0.0336836539208889, -0.0003607522521633655, 0.01592552848160267, -0.014080025255680084, 0.007504614535719156, -0.017216090112924576, 0.011944145895540714, 0.017629068344831467, 0.01038901973515749, -0.014286515302956104, 0.012202258221805096, -0.0028279428370296955, 0.004145928658545017, 0.011118186637759209, 0.04485991597175598, -0.0017083807615563273, -0.01010509580373764, 0.005897865630686283, 0.011189167387783527, -0.012202258221805096, -0.017641974613070488, 0.02504979819059372, 0.016622431576251984, 0.011221432127058506, -0.025398248806595802, -0.028211673721671104, -0.028624651953577995, -0.006607674527913332, 0.007904688827693462, 0.016725676134228706, 0.013092746026813984, -0.040110647678375244, -0.00824668724089861, 0.02563055045902729, -0.0018745404668152332, 0.006994843017309904, 0.009085552766919136, 0.00572686642408371, 0.028108427301049232, -0.017758125439286232, -0.008014386519789696, -0.016609525308012962, 0.0020729643292725086, 0.012395842932164669, -0.002427868777886033, 0.025566022843122482, -0.0026730753015726805, 0.014854362234473228, -0.03179943561553955, 0.002853753976523876, 0.019848834723234177, 0.015602887608110905, -0.03358040750026703, -0.012473275884985924, 0.003065083408728242, 0.0023585010785609484, 0.008724194951355457, 0.004607304465025663, -0.009763097390532494, -0.027798693627119064, 8.388649439439178e-05, 0.0032489884179085493, 0.00784661341458559, -0.0010953639866784215, -0.008472535759210587, 0.00152447575237602, 0.0011042365804314613, -0.010982678271830082, -0.013460556045174599, -0.0009243646054528654, 0.018338877707719803, 0.013757385313510895, -0.02143622562289238, -0.020261814817786217, -0.00019721391436178237, 0.0041201175190508366, -0.02077803947031498, 0.007575595751404762, -0.005152566358447075, 0.005875281058251858, -0.011305318213999271, 0.027385713532567024, -0.039052389562129974, -0.012550709769129753, -0.013331499882042408, 0.01424779836088419, -0.01383481826633215, 0.000994538888335228, 0.028521407395601273, -0.028392352163791656, -0.014144553802907467, -0.011937693692743778, -0.0009292042232118547, -0.007814349606633186, -0.0029650649521499872, -0.014996323734521866, 0.0010300293797627091, -0.0003067099896725267, -0.0021407187450677156, 0.0032780261244624853, 0.012073202058672905, 0.037245601415634155, -0.04129796475172043, -0.004820247180759907, 0.02579832263290882, 0.004626662936061621, -0.03303837403655052, -0.010066378861665726, 0.019939174875617027, 0.0027456695679575205, -0.017771031707525253, 0.012892709113657475, -0.0019939173944294453, 0.030173325911164284, -0.020726416260004044, -0.01708703301846981, -0.011673128232359886, 0.007272313814610243, -0.019242271780967712, 0.007549784611910582, 0.0002950142661575228, -0.0021197472233325243, 0.02694692276418209, 0.024017348885536194, 0.02826329506933689, -0.014144553802907467, 0.007782085333019495, -0.0028440747410058975, 0.025720888748764992, -0.0032796391751617193, -0.01162795815616846, -0.01627397909760475, -0.030844418331980705, 0.024094782769680023, -0.008511252701282501, -0.026379074901342392, -0.008298310451209545, -0.010821357369422913, -0.03737466037273407, -0.011982862837612629, -0.0359550416469574, 0.012628143653273582, 0.022959088906645775, 0.026004813611507416, 0.022855842486023903, 0.022778408601880074, 0.02471425198018551, 0.0003835387178696692, -0.024249648675322533, -0.001084071584045887, 0.0192938931286335, -0.044730860739946365, -0.012763652950525284, 0.0021794356871396303, -0.02169433794915676, 0.013757385313510895, -0.021294264122843742, -0.013473461382091045, -0.013602517545223236, 4.690888454206288e-05, -0.016712769865989685, -0.015228625386953354, 0.0008469309541396797, 0.024172216653823853, -0.0016809562221169472, -0.0036006662994623184, 0.021500753238797188, -0.026095151901245117, -0.005904318764805794, 0.005817205645143986, -0.0014026790158823133, -0.007982122711837292, 0.027566391974687576, 0.01748710684478283, 0.018622800707817078, -7.637502130819485e-05, 0.0004379843012429774, -0.023927008733153343, 0.030095892027020454, -0.03203173354268074, 0.027385713532567024, 0.006533467210829258, 0.0005718800239264965, 0.009434004314243793, 0.011937693692743778, 0.00932430662214756, -0.01063422579318285, -0.0007138418150134385, 0.007685293443500996, 0.002242350485175848, 0.018016237765550613, -0.008278951980173588, -0.004707322921603918, -0.005171924829483032, 0.014854362234473228, -0.003974929451942444, 0.00879517663270235, 0.004813794046640396, -0.014118742197751999, -0.005378414876759052, 0.008027291856706142, -0.005317112896591425, -0.036187343299388885, 0.002831169171258807, 0.015138285234570503, -0.005791394505649805, 0.0019406817154958844, -0.009963134303689003, -0.013150821439921856, -0.03311580792069435, -0.009408192709088326, 0.02323010563850403, -0.00505254790186882, -0.010582603514194489, 0.009008118882775307, -0.00011615052790148184, -0.014312325976788998, 0.015383492223918438, 0.20452818274497986, -0.003118318971246481, 0.006343109533190727, 0.036342211067676544, -0.003394176485016942, -0.0020148891489952803, 0.023049427196383476, 0.016286885365843773, -0.001629333826713264, 0.00435241824015975, -0.020313436165452003, 0.02079094387590885, -0.010085737332701683, -0.01071165967732668, -0.002860206877812743, 0.0014551080530509353, -0.03285769373178482, -0.03791669383645058, 0.0009275910560972989, 0.01987464539706707, -0.021655621007084846, -0.009085552766919136, -0.0047879829071462154, -0.005636527203023434, 0.016325602307915688, 0.0006138233002275229, 0.00472345482558012, 0.013034670613706112, -0.006255996413528919, -0.006794806104153395, 0.011427921243011951, -0.028030995279550552, -0.003997514024376869, -0.004475021734833717, -0.007511067669838667, -0.01808076538145542, -0.019280988723039627, -0.010227699764072895, 0.00998249277472496, 0.022313807159662247, 0.004236267879605293, 0.016816016286611557, 0.0276696365326643, -0.02950223535299301, -0.020481210201978683, 0.028289107605814934, 0.006665749941021204, -0.00879517663270235, 0.01396387442946434, 0.0031667151488363743, -0.024520667269825935, 0.01051807589828968, 0.0012518445728346705, 0.019577816128730774, -0.01371866837143898, 0.004200777504593134, 0.009201702661812305, -0.00924041960388422, -0.01668695919215679, 0.002861819928511977, 0.01310565136373043, 0.008304762654006481, -0.013731573708355427, 0.005036415997892618, -0.03365784138441086, -0.010801998898386955, -0.009175891987979412, 0.04173675552010536, 0.010350302793085575, -0.010582603514194489, -0.016390129923820496, 0.001367995166219771, -0.011563430540263653, 0.009911512024700642, 0.007382011506706476, -0.0246497243642807, 0.005701055284589529, 0.015525453723967075, 0.005029963329434395, 0.017190277576446533, -0.000646490603685379, -0.01871314086019993, 0.0003387723700143397, -0.006781900301575661, 0.0021181339398026466, -0.01964234560728073, 0.019410043954849243, 0.018054954707622528, -0.0010921376524493098, -0.02463681809604168, 0.0008549969643354416, -0.05632010102272034, -0.014893079176545143, -0.016867637634277344, 0.014092930592596531, 0.02388829179108143, 0.04821537435054779, 0.017280617728829384, -0.01277655828744173, 0.004139475990086794, -0.028727898374199867, 0.001919710193760693, 0.004300795961171389, -0.024946551769971848, 0.0022213789634406567, 0.006072091404348612, 0.000714245077688247, 0.023630179464817047, 0.003729722462594509, -0.021384602412581444, 0.0002627502544783056, -0.03172200173139572, 0.007382011506706476, -0.007749821525067091, -0.020558644086122513, 0.004349192138761282, 0.017267711460590363, -0.020932907238602638, 0.02120392397046089, -0.006943220738321543, 0.012595879845321178, -0.0400848388671875, -0.0032715732231736183, -0.010563245043158531, 0.005317112896591425, -0.011621505953371525, -0.00824668724089861, 0.009556607343256474, 0.017861369997262955, -0.025256287306547165, -0.007698198780417442, -0.0077175572514534, 0.02849559672176838, -0.022481579333543777, -0.030431438237428665, -0.009169438853859901, 0.016067489981651306, -0.014441382139921188, 0.006639938801527023, -0.026998545974493027, -0.003729722462594509, -0.002785999560728669, 0.0016196545911952853, -0.019268082454800606, 0.0031296114902943373, -0.013066934421658516, 0.02676624432206154, 0.0020068229641765356, -0.025682171806693077, -0.02867627516388893, -0.018042048439383507, -0.0005892219487577677, 0.002661783015355468, -0.020236004143953323, 0.022378334775567055, -0.016880543902516365, -0.009279136545956135, -0.0004621823027264327, 0.02102324552834034, 0.018751857802271843, -0.02751477062702179, -0.00784016028046608, -0.0021778224036097527, -0.041685134172439575, -0.015280247665941715, -0.0004827506490983069, -0.16240425407886505, 0.027798693627119064, -0.016222357749938965, 0.007756274193525314, 0.009563060477375984, 0.0071174465119838715, 0.018467934802174568, -0.0070722769014537334, -0.002618226455524564, -0.02137169800698757, 0.01832597330212593, -0.015202813781797886, -0.003849099390208721, -0.005833337549120188, 0.008014386519789696, -0.002826329553499818, -0.03554206341505051, 0.0072529553435742855, 0.020571548491716385, -0.009666305035352707, 0.045453574508428574, -0.010208341293036938, 0.02152656391263008, -0.02594028413295746, -0.0026117737870663404, 0.015667416155338287, -0.013163726776838303, -0.017409672960639, -0.03319324180483818, -0.012279692105948925, -0.0037103642243891954, 0.01358961220830679, 0.036677755415439606, 0.03853616490960121, 0.0346386693418026, 0.025837039574980736, -0.012789463624358177, 0.002273001242429018, -0.008401555009186268, 0.000527113676071167, 0.013679951429367065, 0.01136984582990408, 0.007769179996103048, 0.013809007592499256, -0.001419617561623454, 0.011092375963926315, 0.017125749960541725, 0.0035909872967749834, 0.0023117181845009327, -0.01343474444001913, 0.021242640912532806, -0.04963499307632446, -0.005313886795192957, 0.0015156030422076583, -0.003974929451942444, 0.035516250878572464, -0.0003085248463321477, -0.01937132701277733, 0.001890672487206757, -0.030999286100268364, -0.006585089955478907, -0.017512919381260872, 0.01716446690261364, -0.013783195987343788, 0.0032780261244624853, -0.02406897023320198, 0.013357310555875301, 0.0038297411520034075, -0.030508872121572495, 0.008195064961910248, -0.02612096443772316, -0.003252214752137661, -0.005371962208300829, -0.0011695713037624955, 0.01938423328101635, 0.012615238316357136, 0.003168328432366252, 0.009363023564219475, 0.010130907408893108, -0.00626244954764843, -0.045376140624284744, 0.058436620980501175, -0.008653214201331139, 0.006414090283215046, -0.006943220738321543, 0.010524528101086617, -0.0214491318911314, -0.007181974593549967, 0.0026343585923314095, 0.00042870838660746813, 0.030612116679549217, -0.009634041227400303, -0.015396397560834885, -0.016970882192254066, 0.009827625006437302, 0.005171924829483032, 0.011208525858819485, -0.007394916843622923, -0.0014075185172259808, -0.021139396354556084, -0.00433306023478508, 0.008240235038101673, -0.03825224190950394, -0.009343665093183517, -0.006362468004226685, 0.02201697789132595, 0.02676624432206154, 0.01937132701277733, 0.025643454864621162, -0.024030253291130066, -0.010298680514097214, 0.015370586887001991, 0.011118186637759209, 0.03293512761592865, 0.0192938931286335, 0.008337026461958885, -0.0071948799304664135, -0.006423769518733025, 0.017551636323332787, -0.008827440440654755, 0.05735255032777786, 0.006833523046225309, -0.014273609966039658, 0.003820061916485429, 0.013421839103102684, 0.027824504300951958, -0.10943961143493652, -0.015022135339677334, 0.0027456695679575205, 0.022275090217590332, -0.008446724154055119, 0.015835188329219818, 0.002279454143717885, 0.0515708364546299, -0.024752968922257423, 0.02373342402279377, -0.008891968056559563, -0.027075979858636856, -0.008136989548802376, -0.014531721360981464, 0.036832623183727264, 0.016532091423869133, 0.0003468383802101016, 0.0071948799304664135, 0.004597625229507685, 0.026559755206108093, 0.010879432782530785, -0.005330018699169159, 0.010427736677229404, -0.029708724468946457, 0.001987464725971222, 0.0005771229625679553, -0.012021579779684544, 0.03892333433032036, 0.02119101956486702, 0.0011098828399553895, 0.016119113191962242, 0.014815645292401314, -0.006717372220009565, -0.023049427196383476, -0.000706179067492485, -0.003981382120400667, -0.006352788768708706, 0.019577816128730774, 0.03262539207935333, -0.02356565184891224, -0.005104170646518469, 0.011079469695687294, -0.012163541279733181, -0.036187343299388885, 0.03915563225746155, 0.0051912833005189896, -0.009937322698533535, -0.005626847967505455, -0.008401555009186268, -0.009911512024700642, -0.010911696590483189, -0.008717742748558521, -0.026017718017101288, -0.0012373258359730244, 0.01618364080786705, 0.01964234560728073, 0.016945071518421173, 0.026508131995797157, 0.00605595950037241, -0.025527305901050568, 0.004397588316351175, 0.016467563807964325, -0.018455028533935547, 0.02200407162308693, -0.002137492410838604, -0.030457250773906708, -0.017448389902710915, 0.010401925072073936, -0.0019326157635077834, 0.0032554413191974163, -0.02364308573305607, 0.019151931628584862, -0.024469044059515, -0.007917594164609909, -0.02316557802259922, -0.007685293443500996, -0.026921112090349197, -0.02957966737449169, 0.008298310451209545, -0.010505170561373234, -0.012299050576984882, -0.027050167322158813, -0.0007372332038357854, -0.011621505953371525, 0.00952434353530407, 0.008969401940703392, 0.013602517545223236, 0.008556422777473927, -0.02686948888003826, -0.004068494774401188, -0.015486737713217735, 0.02374633029103279, -0.014209081418812275, 0.004213683307170868, -0.001606749021448195, 0.009285589680075645, -0.024365799501538277, -0.013499272987246513, -0.005894639529287815, -0.008304762654006481, -0.004036230966448784, -0.0051622455939650536, -0.06256642192602158, -0.008337026461958885, 0.024688439443707466, 0.0036522888112813234, 0.0035361384507268667, -0.02053283341228962, 0.007898235693573952, 0.015615792945027351, 0.0199520792812109, 7.5807879511557985e-06, -0.004552455618977547, 0.02939898893237114, 0.02224927954375744, -0.006162431091070175, -0.006072091404348612, 0.018855102360248566, 0.026585565879940987, 0.019913362339138985, 0.007891783490777016, 0.00985988974571228, -0.014867267571389675, 0.0013268585316836834, 0.025153042748570442, -0.007678840775042772, 0.02357855811715126, -0.005168698728084564, -0.015215719118714333, 0.022455768659710884, -0.006685108412057161, 0.002826329553499818, -0.00015154013817664236, 0.0002663799386937171, -0.022391241043806076, -0.016209451481699944, -0.012002221308648586, -0.01848083920776844, 0.01071811281144619, -0.012247428297996521, 0.006949673406779766, -0.003474836703389883, 0.0020068229641765356, -0.02875370904803276, 0.01742257922887802, -0.006527014542371035, 0.012699124403297901, -0.022688070312142372, 0.02950223535299301, 0.005875281058251858, 0.01822272688150406, -0.028366539627313614, 0.015577076934278011, -0.005020284093916416, 0.012957236729562283, -0.036264777183532715, 0.004429852124303579, -0.007982122711837292, 0.02388829179108143, -0.014802739955484867, -0.011679581366479397, -0.021616904065012932, 0.0050267367623746395, 0.005843016784638166, 0.02192663960158825, -0.0020374739542603493, -0.006397958379238844, 3.271774767199531e-05, -0.01961653307080269, -0.008337026461958885, 0.008182159624993801, -0.029786158353090286, -0.007336841896176338, -0.00472345482558012, -0.012460370548069477, 0.004578266758471727, 0.004149155225604773, 0.010756829753518105, -0.0049944729544222355, 0.024120593443512917, -0.013783195987343788, 0.009711475111544132, 0.018700234591960907, -0.008169254288077354, -0.033890143036842346, 0.014893079176545143, 0.027256658300757408, 0.020248908549547195, -0.014299420639872551, -0.003207045141607523, -0.014634966850280762, 0.012137730605900288, -0.02440451644361019, 0.006588316056877375, -0.012608785182237625, -0.026391981169581413, 0.016002962365746498, 0.004239494446665049, -0.00022564659593626857, -0.004571814090013504, 0.025178853422403336, 0.020739322528243065, 0.019255176186561584, 0.006581863388419151, -0.012963689863681793, -0.03370946645736694, -0.02159109339118004, -0.0017600031569600105, -0.03275445103645325, -0.027463147416710854, -0.002886018017306924, 0.013125009834766388, 0.00858223345130682, 0.026817867532372475, -0.0017616163240745664, 0.006917409133166075, -0.01133112981915474, 0.020842567086219788, 0.014325232245028019, -0.025979001075029373, -0.014092930592596531, 0.016312696039676666, -0.01383481826633215, 0.03234146907925606, 0.010860074311494827, -0.018842196092009544, 0.026430698111653328, -0.009543702006340027, -6.533467239933088e-05, -0.022300900891423225, 0.0015704520046710968, -0.012086108326911926, 0.004623436369001865, 0.013157273642718792, -0.038226429373025894, -0.027385713532567024, -0.026224208995699883, 0.019693966954946518, -0.018829291686415672, -0.001331698033027351, -0.00850479956716299, 0.024198027327656746, 0.0012268399586901069, 0.006504429504275322, 0.015460926108062267, -0.006285034120082855, 0.015331869944930077, 0.011847354471683502, 0.016609525308012962, -0.018751857802271843, 0.005846243351697922, 0.006943220738321543, 0.0009033930255100131, 0.016777299344539642, -0.021139396354556084, 0.008872609585523605, -0.01104075275361538, 0.005539734847843647, -0.0025585379917174578, -0.017035411670804024, 0.006594768725335598, 0.00027464760933071375, -0.002548858756199479, 0.02965710125863552, 0.016454657539725304, -0.00321349804289639, 0.004123343620449305, 0.008478988893330097, -0.007498161867260933, -0.00509449141100049, -0.01617073453962803, 0.012350672855973244, 0.016325602307915688, -0.01322825439274311, -0.011653769761323929, 0.024701345711946487, -0.0019697193056344986, 0.0048460583202540874, -0.009814719669520855, 0.018455028533935547, 0.03007008135318756, -0.029941026121377945, 0.025604739785194397, -0.012795916758477688, -0.012131277471780777, 0.009763097390532494, 0.00034744333242997527, -0.007982122711837292, -0.017964614555239677, -0.005672017578035593]"
U61875,N61070 N5034 N63620 N20216 N80 N46392 N5013 N36811 N63123 N6531 N6466 N2778 N20613 N20857 N50370 N37708 N62816 N44310 N36817 N15630 N54024 N13199 N34287 N52536 N26176 N921 N48276 N63302 N34069 N817 N13138 N9056 N10120 N14761 N60895 N32001 N3826 N43955 N11866 N43899,"[-0.012114416807889938, -0.021571144461631775, -0.0013127176789566875, -0.019184386357665062, -0.0019239216344431043, 0.013869008049368858, -0.0035607870668172836, 2.7440677513368428e-05, 0.0003945007047150284, -0.00670227874070406, -0.014333457686007023, 0.033466238528490067, -0.023519257083535194, 0.0064055463299155235, 0.007237686775624752, 0.015107542276382446, 0.024035312235355377, -0.004983166698366404, -0.01110810786485672, -0.01165641751140356, -0.011591910384595394, 0.007411855738610029, -0.014785007573664188, -0.016513794660568237, 0.002788315527141094, 0.02034551091492176, 0.017287880182266235, -0.02015199139714241, 0.016113851219415665, -0.007282841484993696, 0.013585176318883896, -0.002381921513006091, -0.035994913429021835, -0.04716752842068672, -0.024370748549699783, -0.03145362064242363, -0.0015747774159535766, -0.008463320322334766, 0.015378471463918686, -0.030937563627958298, 0.007237686775624752, 0.0030721465591341257, -0.004567096475511789, -0.02657688967883587, -0.02755739539861679, 0.0046122511848807335, 0.013456162996590137, -0.03411130979657173, -0.004344547167420387, -0.0028931396082043648, 0.02732517011463642, 0.024383651092648506, -0.010966191999614239, 0.003038280177861452, 0.0068441941402852535, -0.01695244200527668, -0.009282559156417847, 0.009695404209196568, -0.006915151607245207, -0.004657406359910965, -0.011785430833697319, -0.0019126329571008682, 0.001690083765424788, -0.0016481541097164154, 0.0032124491408467293, -0.021106693893671036, -0.005054124630987644, 0.01074041798710823, -0.017881343141198158, -0.001831999165005982, 0.022422637790441513, -0.011140361428260803, 0.025196438655257225, 0.003499505342915654, 0.0022174285259097815, -0.01074041798710823, -0.01036627683788538, 0.0058540115132927895, -0.016746019944548607, 0.01246920507401228, 0.012688529677689075, -0.026602691039443016, 0.0007377989240922034, 0.009579291567206383, 0.011191966943442822, -0.025312552228569984, -0.00018807825108524412, 2.6508350856602192e-05, -0.013340050354599953, -0.008276249282062054, 0.00244159041903913, 0.042884260416030884, -0.005647588986903429, 0.0006511176470667124, -0.0362529419362545, 0.01128227636218071, -0.001325619057752192, 0.029131365939974785, 0.015842922031879425, -0.019197287037968636, -0.00888906605541706, -0.015468781813979149, 0.01477210596203804, -0.008160136640071869, 0.019184386357665062, -0.022345228120684624, -0.0007277197437360883, -0.012095064856112003, 0.010675910860300064, -0.0009676051558926702, -0.015713907778263092, 0.04365834593772888, -0.002378696110099554, -0.04510330408811569, -0.04265203699469566, -0.0006281370297074318, 0.007579573895782232, -0.02322252467274666, 0.006360391620546579, 0.007237686775624752, 0.021854976192116737, 0.01949401944875717, 0.033388830721378326, -0.005512124393135309, 0.01073396671563387, 0.05480515584349632, -0.04420020431280136, 0.0030963364988565445, 0.013739993795752525, 0.006379743572324514, 0.05093473568558693, 0.018655428662896156, 0.011411290615797043, 0.016617005690932274, 0.00898582674562931, 0.02240973524749279, -0.014823711477220058, 0.004625152796506882, 0.005437941290438175, -0.02377728559076786, 0.005715321283787489, 0.024099819362163544, -0.021029286086559296, -0.016900837421417236, 0.01764911785721779, 0.010179206728935242, -0.0009385770536027849, -0.013049768283963203, 0.025157734751701355, 0.004041364416480064, 0.012701430357992649, -0.014617289416491985, 0.02381598949432373, 0.014307655394077301, 0.01110810786485672, 0.002731872024014592, -0.009521234780550003, -0.00106678472366184, 4.777550566359423e-05, 0.008134334348142147, 0.010179206728935242, 0.02533835358917713, -0.007779545616358519, 0.01901666633784771, -0.006766785401850939, 0.020022977143526077, 0.0013417458394542336, -0.0021980763413012028, -0.008360108360648155, -0.0049025327898561954, 0.008682643994688988, 0.015971936285495758, -0.034859590232372284, 0.0534634105861187, -0.024022411555051804, 0.00968250259757042, -0.03442094102501869, -0.026293057948350906, -0.025002917274832726, -0.012372445315122604, -0.036149729043245316, -0.002702843863517046, 0.006047532428056002, 0.03847198188304901, -0.02104218676686287, 0.012888501398265362, 0.0048154485411942005, -0.01531396433711052, 0.012727233581244946, 0.014655993320047855, 0.00826334860175848, 0.008998728357255459, 0.02809925377368927, -0.008237545378506184, -0.6539462804794312, -0.005773377604782581, 0.004221983719617128, -0.0015554253477603197, 0.006837743334472179, 0.027660606428980827, -0.002523836912587285, -0.0005229099770076573, -0.011643515899777412, -0.00012770372268278152, -0.020203595981001854, 0.015339767560362816, 0.008772953413426876, 0.0021206680685281754, 0.005495997611433268, -0.006215250585228205, -0.006663574371486902, -0.0011990241473540664, -0.009243855252861977, -0.0038542940746992826, -0.008979376405477524, 0.020177792757749557, -0.0011812846641987562, -0.0060217296704649925, -0.01527526043355465, -0.03522082790732384, 0.004270364064723253, -0.007760193664580584, -0.03524663299322128, 0.029673226177692413, -0.007792447227984667, 0.033853281289339066, -0.012559515424072742, 0.016784723848104477, 0.04275524616241455, -0.01252726186066866, -0.017868442460894585, 0.01683633029460907, -0.0034608012065291405, 0.018719935789704323, -0.00681194057688117, -5.528452675207518e-05, 0.005699194502085447, -0.004215533379465342, -0.02642207220196724, -0.0058733634650707245, 0.004876730032265186, 0.01453988067805767, -0.014049626886844635, 0.014385064132511616, -0.026318861171603203, 0.002867336617782712, -0.017468499019742012, -0.007579573895782232, -0.01179188210517168, -0.014823711477220058, 0.03963311016559601, -0.022345228120684624, 0.002896364778280258, -0.003686575684696436, 0.002381921513006091, 0.012269233353435993, 0.009837319143116474, -0.0028012169059365988, 0.018229681998491287, 0.031866464763879776, -0.013107825070619583, 0.021184103563427925, 0.016436386853456497, -0.003064083168283105, 0.02088737115263939, 0.02513193152844906, 0.012146670371294022, 0.0019481118069961667, -0.0026383367367088795, 0.02260325662791729, 0.0192875973880291, -0.000219727007788606, -0.016965344548225403, 0.0037414066027849913, -0.00477351900190115, -0.017094358801841736, -0.024370748549699783, -0.004180054180324078, 0.02884753607213497, 0.005002518650144339, -0.02073255367577076, -0.0005737092578783631, 0.03253733739256859, -0.026409171521663666, 0.01243050117045641, 0.036768995225429535, -0.037439871579408646, 0.009637347422540188, -0.020513229072093964, 0.007508616428822279, -0.001894893473945558, 0.02884753607213497, 0.04564516246318817, -0.04040719196200371, -0.006376517936587334, -0.014230246655642986, 0.01081782579421997, -0.0009595418232493103, 0.020010074600577354, 0.001291752909310162, -0.014462471939623356, 0.03184065967798233, 0.02580280415713787, -0.01730078086256981, 0.026757508516311646, 0.015172049403190613, 0.01256596576422453, 0.003305984428152442, -0.02638336829841137, -0.023441847413778305, -0.021016385406255722, 0.014139937236905098, 0.024099819362163544, -0.02884753607213497, -0.0035865898244082928, -0.009805065579712391, 0.009385770186781883, 0.0014868866419419646, 0.00019543609232641757, 0.016707316040992737, -0.007418306544423103, -0.04252302274107933, 0.021016385406255722, -0.006734532304108143, -0.007373151369392872, -0.0008188358624465764, 0.04481947049498558, -0.0012925592018291354, 0.017636217176914215, 0.021364722400903702, 0.012694980017840862, 0.004373575560748577, 0.0017174992244690657, -0.008360108360648155, -0.003615617984905839, 0.011333881877362728, -0.012107966467738152, -0.01141774095594883, -0.020526131615042686, -0.012862698175013065, -0.012114416807889938, -0.0038155897054821253, -0.03307919576764107, 0.02186787687242031, 0.02443525567650795, 0.012443402782082558, -0.019752047955989838, 0.0015812281053513288, 0.019971370697021484, 0.015172049403190613, -0.01714596338570118, 2.3282998881768435e-05, -0.0008434291812591255, -0.032795365899801254, 0.009759911336004734, -0.009688952937722206, -0.044019583612680435, -0.011004895903170109, 0.002219041110947728, -0.021067989990115166, 0.019829455763101578, 0.010708164423704147, -0.005379884969443083, -0.004544518887996674, 0.009701854549348354, -0.01824258267879486, -0.014655993320047855, 0.001282883225940168, 0.0064055463299155235, 0.03746567294001579, 0.008140784688293934, -0.01606224663555622, 0.002654463518410921, -0.010604952462017536, 0.00704416586086154, 0.01808776706457138, -0.01389481034129858, -0.018926357850432396, 0.014230246655642986, 0.014023824594914913, 0.028899140655994415, -5.150481592863798e-05, -0.008237545378506184, -0.005821757949888706, -0.026176946237683296, 0.004792870953679085, 0.017042752355337143, 0.013520670123398304, 0.004360673949122429, 0.013365852646529675, -0.011559656821191311, 0.008772953413426876, 0.02526094578206539, 0.020203595981001854, -0.00559275783598423, -0.03449834883213043, 0.011217769235372543, -0.008514925837516785, -0.000630152877420187, -0.02034551091492176, 0.0007660207920707762, -0.0007365894271060824, 0.017004048451781273, -0.006347490008920431, -0.01594613306224346, -0.008456869050860405, -0.01183058600872755, -0.007702137343585491, 0.0435035303235054, 0.037749502807855606, -0.006434574257582426, -0.008656840771436691, -0.024448158219456673, 0.0016658935928717256, 0.018190978094935417, -0.010275967419147491, 0.018113568425178528, 0.012482106685638428, 0.011540304869413376, 0.00447356142103672, -0.0006172514986246824, 0.01629447191953659, -0.027841227129101753, -0.006079785991460085, -0.017171766608953476, 0.021493736654520035, 0.0038413924630731344, 0.02526094578206539, 0.008585883304476738, -0.023570861667394638, 0.01393351424485445, -0.018036160618066788, 0.031789056956768036, -0.0011901543475687504, 0.002483519958332181, 0.017791034653782845, -0.008321404457092285, -0.006908700801432133, 0.04208437353372574, 0.022848384454846382, 0.0073021939024329185, 0.009018080309033394, 0.01644928753376007, -0.012424050830304623, -0.006482954602688551, -0.0024964213371276855, -0.007121574133634567, 0.021029286086559296, 0.01726207695901394, 0.0029253929387778044, 0.007644081022590399, -0.0061088139191269875, 0.013817401602864265, 0.003738181432709098, -0.001576390117406845, -0.0033011464402079582, 0.02923457883298397, -0.02306770719587803, 0.02871852181851864, -0.021132497116923332, -0.001351421931758523, -0.03367266058921814, -0.005473420023918152, -0.0038542940746992826, 0.0012925592018291354, 0.0024625551886856556, -0.004696110263466835, -0.0014659218722954392, -0.006215250585228205, 0.015533288940787315, 0.008256897330284119, 0.004921885207295418, 0.0008204485638998449, 0.014552782289683819, -0.02696393057703972, -0.029337789863348007, 0.012011205777525902, 0.006515208166092634, -0.012127318419516087, -0.030937563627958298, -0.016165457665920258, 0.0070248134434223175, -0.0048348004929721355, 0.01416573952883482, 0.013314247131347656, 0.0332082100212574, -0.02680911496281624, 0.0016933090519160032, -0.003573688445612788, -0.00888906605541706, 0.031505223363637924, -0.013327148742973804, 0.03777530789375305, -0.03865260258316994, 0.03465316817164421, 0.009521234780550003, -0.027221959084272385, -0.04758037254214287, 0.016849230974912643, 0.01566230319440365, -0.017274977639317513, 0.005747574847191572, -0.01999717392027378, 0.0010369502706453204, -0.0020077808294445276, -0.008456869050860405, -0.02443525567650795, 0.0033382379915565252, 0.017326584085822105, 0.00521216681227088, -0.018384497612714767, 0.009230953641235828, 0.02630596049129963, 0.0008329467964358628, -0.02431914396584034, -0.02724776230752468, -0.01991976611316204, 0.01745559833943844, 0.14078010618686676, 0.03173745051026344, -0.0007474750163964927, -0.01824258267879486, 0.0007583605474792421, -0.009572840295732021, -0.020126188173890114, -0.007502165623009205, 0.011675769463181496, 0.01389481034129858, 0.0023174143861979246, -0.008211743086576462, 0.013804500922560692, 0.0022803228348493576, 0.027660606428980827, 0.009301911108195782, 0.0022803228348493576, -0.01256596576422453, 0.006799038965255022, -0.01549458410590887, 0.010392080061137676, -0.030111873522400856, -0.016036443412303925, 0.023325735703110695, -0.01893925853073597, -0.03940088301897049, 0.014256049878895283, 0.022848384454846382, -0.009456727653741837, 0.009598643518984318, 0.006173321045935154, 0.04296167194843292, -0.01215957198292017, 0.002531900303438306, -0.01602354273200035, -0.00994053017348051, -0.0001213538198499009, 0.027970241382718086, 0.05784988775849342, -0.0010151790920644999, 0.024770691990852356, -0.007921461015939713, 0.014256049878895283, 0.007779545616358519, -0.0005128307384438813, -0.030653731897473335, -0.017829738557338715, 0.019945567473769188, -0.003934927750378847, -0.02190658077597618, 0.026241453364491463, 0.013675486668944359, -0.01124357245862484, -0.017274977639317513, 0.01749430224299431, 0.0025593156460672617, 0.002349667949602008, 0.0011087142629548907, -0.03292438015341759, 0.034240320324897766, -0.003041505580767989, -0.02709294483065605, 0.00154171756003052, -0.006637771613895893, -0.006089461967349052, -0.026912325993180275, -0.025364156812429428, -0.024848101660609245, -0.015352669171988964, -0.015804218128323555, 0.01074041798710823, 0.008179489523172379, 0.0012070874217897654, -0.003291470231488347, 0.031427815556526184, 0.00863103847950697, 0.022151708602905273, -0.031014971435070038, -0.012230529449880123, 0.003205998567864299, -0.0028883013874292374, 0.018539315089583397, -0.007437658496201038, -0.024332044646143913, -0.02459007315337658, 0.01984235644340515, 0.004838026128709316, -0.009740558452904224, -0.04017496854066849, 0.006524884141981602, 0.009876023977994919, 0.011708023026585579, 0.020319709554314613, -0.007785996422171593, -0.0009393833461217582, 0.008063376881182194, -0.02877012826502323, 0.012275684624910355, 0.009605093859136105, 0.0022158159408718348, 0.021996891126036644, -0.0013417458394542336, -0.034704770892858505, -0.010972642339766026, 0.006063659209758043, -0.007347348611801863, -0.008960024453699589, -0.0006749046151526272, -0.03083435259759426, -0.005647588986903429, 0.007366700563579798, -0.011482248082756996, 0.013727092184126377, -0.00630556046962738, 0.01675892248749733, 0.01766202040016651, 0.005673391744494438, 0.008160136640071869, -0.00012709897418972105, 0.009888924658298492, -0.01294010691344738, -0.008624587208032608, 0.022203313186764717, 0.032330915331840515, -0.012817542999982834, 0.011430642567574978, -0.008643940091133118, -0.004151026252657175, 0.012907853350043297, 0.001450601383112371, 0.017094358801841736, -0.0048154485411942005, -0.008579432964324951, 0.009243855252861977, -0.011101656593382359, 0.0013691612984985113, 0.0077730948105454445, 0.015055936761200428, -0.019984273239970207, 0.00369302649050951, 0.004750941414386034, 0.005841109901666641, 0.019235990941524506, 0.008192390203475952, 0.003644646145403385, -0.03114398568868637, -0.022422637790441513, 0.022706467658281326, 0.008914869278669357, 0.03421451896429062, -0.023880496621131897, -0.007128024939447641, -0.03689800947904587, -0.00031326216412708163, 0.005676616914570332, -0.0047606173902750015, 0.007063517812639475, 0.02213880605995655, 0.011959600262343884, 0.016010640189051628, 0.04087164252996445, -0.015688104555010796, 0.028976550325751305, -0.004925110377371311, -0.0032672800589352846, -0.017313681542873383, -0.00477351900190115, -0.00019694797811098397, -0.027041340246796608, 0.001373999402858317, 0.003291470231488347, 0.013301345519721508, 0.024602973833680153, 0.029492605477571487, -0.00972120650112629, 0.011546755209565163, -0.017326584085822105, -0.03137620911002159, -0.017094358801841736, -0.01968754082918167, 0.005683067720383406, -0.005573405884206295, -0.014655993320047855, 0.010940389707684517, -0.0011433868203312159, -0.004212307743728161, 0.02455136924982071, -0.004076843149960041, 0.01095329038798809, 0.000764004944358021, 0.009134192951023579, -0.011488698422908783, 0.0034930547699332237, -0.020293906331062317, 0.003928476944565773, -0.0026189847849309444, -0.003941378556191921, -0.011237121187150478, -0.0007430401747114956, 0.0009603481157682836, 0.026447875425219536, -0.0001232688664458692, -0.006382968742400408, 0.015133345499634743, -0.01165641751140356, 0.005837884731590748, -0.020913172513246536, -0.010566248558461666, 0.027892831712961197, -0.012340191751718521, 0.0035124067217111588, -0.027970241382718086, -0.03449834883213043, -0.04040719196200371, -0.0061700958758592606, -0.010508192703127861, -0.014217345044016838, 0.01118551567196846, 0.023364439606666565, -0.02505452372133732, -0.01527526043355465, 0.01606224663555622, 0.049128539860248566, 0.0070054614916443825, 0.015533288940787315, 0.017545906826853752, -0.011262924410402775, -0.02938939444720745, 0.030653731897473335, 0.013727092184126377, -0.008960024453699589, 0.009101939387619495, 0.024344947189092636, 0.003451125230640173, -0.008237545378506184, 0.019429512321949005, -0.02603502944111824, -0.011391938664019108, -0.033311422914266586, 0.03000866249203682, -0.017004048451781273, -0.002389984903857112, 0.012353092432022095, -0.011269374750554562, -0.013107825070619583, 0.007663432974368334, -0.034162912517786026, -0.013088473118841648, -0.02213880605995655, -0.0061636450700461864, -0.021390525624155998, -0.031505223363637924, -0.02817666344344616, 0.020474525168538094, 0.0011708022793754935, -0.024344947189092636, 0.0031769704073667526, 0.002438365016132593, -0.006773236207664013, 0.008140784688293934, -0.0030721465591341257, 0.01370128896087408, -0.03411130979657173, -0.01737818866968155, -0.006466827820986509, 0.002654463518410921, -0.014836613088846207, -0.006012053694576025, -0.004621927626430988, 0.02451266534626484, -0.01340455748140812, 0.0027431605849415064, -0.005918518174439669, -0.0003400729037821293, 0.006499081384390593, 0.002094865310937166, -0.00034652359317988157, -0.027273565530776978, -0.00904388353228569, 0.012901402078568935, 0.032330915331840515, 0.01297881081700325, 0.020397117361426353, 0.0057314480654895306, 0.0028866888023912907, -0.004767068196088076, -0.004850927274674177, -0.004057491198182106, -0.023093510419130325, -0.012320838868618011, -0.013082021847367287, -0.0046477303840219975, -0.007960164919495583, -0.016513794660568237, -0.011837036348879337, -0.005512124393135309, -0.01210151519626379, 0.010933938436210155, -0.03617553412914276, -0.014914020895957947, -0.021351821720600128, -0.003912350162863731, -0.04309068247675896, -0.030266690999269485, 0.022280722856521606, -0.01042433362454176, 0.0031060127075761557, 0.021300215274095535, -0.015455880202353, -0.03816234692931175, -0.012436951510608196, -0.00043663184624165297, -0.005573405884206295, -0.0016771822702139616, -0.023441847413778305, -0.0035349843092262745, 0.012314388528466225, -0.00853427778929472, -0.022964496165513992, 0.02354506030678749, -0.011211318895220757, -0.01183058600872755, 0.020900271832942963, -0.0023932100739330053, -0.015094640664756298, 0.01412703562527895, -0.0068635460920631886, -0.004605800844728947, -0.011714473366737366, -0.026280157268047333, -0.02393210120499134, 0.009759911336004734, -0.002901202766224742, -0.011740276589989662, -0.02560928463935852, -0.008334306068718433, -0.01936500519514084, 0.02295159548521042, 0.011166163720190525, -0.011217769235372543, 0.026241453364491463, 0.013817401602864265, 0.01617835834622383, -0.01766202040016651, -0.00881165824830532, -0.017120160162448883, -0.010288868099451065, -0.0034575758036226034, -0.020913172513246536, -0.03307919576764107, -0.026138240471482277, 0.006515208166092634, -0.015249458141624928, 0.007721489295363426, -0.029518408700823784, 0.0003255588235333562, -0.022706467658281326, -0.023196721449494362, 0.0048154485411942005, 0.003264054888859391, 0.005812081973999739, -0.011585459113121033, 0.010792023502290249, 0.009708304889500141, -0.0037994629237800837, 0.020410018041729927, -0.008347207680344582, -0.031711645424366, -0.003860744647681713, -0.007663432974368334, 0.01683633029460907, 0.012320838868618011, 0.005924968980252743, -0.019145680591464043, 0.009308361448347569, -0.002367407316341996, 0.006747433450073004, 0.01243050117045641, -0.010714614763855934, -0.041568320244550705, -0.007921461015939713, 0.0019610130693763494, -0.005266997497528791, 0.011675769463181496, 0.017687823623418808, -0.01804906129837036, -0.003996209241449833, -0.002691555069759488, -0.007018363103270531, -0.01294010691344738, 0.014720500446856022, 0.008456869050860405, 0.004847702104598284, 0.04213597998023033, -0.006882898043841124, -0.013275543227791786, -0.02693812921643257, -0.006089461967349052, 0.0023254777770489454, -0.021803369745612144, -0.0058185323141515255, 0.03395649045705795, 0.013365852646529675, -0.008379461243748665, 0.005679842550307512, 0.0010046967072412372, -0.02256455272436142, -0.024770691990852356, 0.00021992859547026455, -0.003023766214028001, 0.0063507151789963245, -0.02111959643661976, 0.018023259937763214, -0.020835764706134796, 0.01523655652999878, -0.004160702228546143, -0.013830303214490414, -0.020010074600577354, 0.022383933886885643, 0.012307938188314438, -0.03842037543654442, -0.013778697699308395, -0.02474489063024521, -0.009308361448347569, -0.036381956189870834, -0.012211177498102188, -0.015649400651454926, 0.004160702228546143, -0.018384497612714767, 0.011443544179201126, -0.023712778463959694, -0.017868442460894585, 0.0010933938901871443, 0.032872773706912994, 0.004931561183184385, 0.0045799980871379375, 0.21880778670310974, -0.011604811064898968, 0.012456304393708706, 0.03062792867422104, -0.011398389004170895, 0.007457010447978973, 0.026860719546675682, 0.007682784926146269, -0.0010772671084851027, -0.0010022777132689953, 0.0021529216319322586, 0.004070392344146967, -0.01797165349125862, 0.0008482672274112701, 0.01484951376914978, 0.010966191999614239, -0.015842922031879425, -0.01828128658235073, -0.009289009496569633, -0.026551086455583572, -0.02069384977221489, 0.0009772812481969595, 0.0008482672274112701, -0.0007486845133826137, 0.0016546049155294895, 0.012114416807889938, -0.004515490960329771, -0.0012143445201218128, 0.006928053218871355, 0.011772530153393745, -0.00972765777260065, -0.03160843625664711, -0.006079785991460085, -0.006792588159441948, -0.0007430401747114956, -0.02221621572971344, 0.023441847413778305, -0.013352951966226101, 0.014552782289683819, 0.013920613564550877, 0.01617835834622383, -0.002514160703867674, 0.017042752355337143, 0.019571427255868912, 0.01971334218978882, 0.02159694768488407, 0.006118489895015955, -0.027583198621869087, 0.02877012826502323, 0.007702137343585491, -0.018810244277119637, -0.009521234780550003, 0.007431207690387964, 0.00545729324221611, 0.021584047004580498, -0.025480270385742188, 0.015172049403190613, -0.015159147791564465, 0.017197569832205772, 0.01321103610098362, -0.0022577454801648855, -0.0008805207326076925, -0.007244137581437826, 0.017636217176914215, -0.022267820313572884, 0.005202490370720625, -0.024577172473073006, -0.0023690201342105865, 0.004828349687159061, -0.014797908253967762, -0.0030544069595634937, -0.024564269930124283, -0.002565766451880336, -0.004218758549541235, 0.007908559404313564, -0.020642243325710297, -0.003622068790718913, 0.01793294958770275, 0.01573971100151539, 0.03924606740474701, -0.00898582674562931, 0.0027560621965676546, 0.010243713855743408, -0.01762331649661064, -0.016965344548225403, -0.02163565158843994, 0.0093535166233778, -0.02171305939555168, 0.012056360952556133, -0.014436669647693634, -0.004118772689253092, -0.019429512321949005, 0.010121149942278862, -0.0043574487790465355, -0.0035124067217111588, 0.011811234056949615, 0.018694132566452026, 0.010475939139723778, -0.0038542940746992826, 0.01261112093925476, -0.012856247834861279, -0.015675203874707222, 0.03024088777601719, 0.004373575560748577, -0.026525283232331276, -0.004183279816061258, -0.022732270881533623, 0.015146246179938316, 0.0263446643948555, -0.003941378556191921, -0.001362710609100759, -0.022964496165513992, 0.0008264961070381105, 0.0037962377537041903, 0.01077267061918974, 0.026318861171603203, 0.008979376405477524, -0.036149729043245316, 0.012385345995426178, -0.023145116865634918, 0.00863103847950697, -0.013056219555437565, -0.007527968380600214, 0.0028463718481361866, 0.008379461243748665, -0.014681795611977577, -0.012359543703496456, 0.014062528498470783, 0.00972120650112629, -0.0343693345785141, -0.002127118641510606, 0.02096477895975113, 0.012740135192871094, -0.025583481416106224, -0.024074016138911247, 0.0002167032507713884, 0.021493736654520035, -0.050960540771484375, -0.011191966943442822, 0.005676616914570332, 0.00538956094533205, -0.0011764466762542725, -0.016152555122971535, 0.008443967439234257, 0.02108089067041874, -0.026680100709199905, 0.023828890174627304, 0.003086660522967577, -0.011056502349674702, -0.01252726186066866, -0.0454387404024601, 0.030137676745653152, 0.0014715662691742182, -0.018384497612714767, 0.01457858458161354, -0.019906863570213318, -0.004460659809410572, -0.018642526119947433, -0.004692885093390942, 0.022164609283208847, -0.04022657126188278, 0.002059386344626546, 0.01594613306224346, -0.013765796087682247, -0.011849937960505486, 0.015571992844343185, -0.16307373344898224, 0.03196967393159866, 0.020435821264982224, -0.0014747915556654334, 0.004231660161167383, 0.007308644708245993, 0.02190658077597618, -0.0025899566244333982, -0.020706750452518463, 0.019197287037968636, 0.016746019944548607, -0.001704597845673561, -0.03199547901749611, -0.01610095053911209, -0.010927488096058369, 0.007063517812639475, 0.003857519244775176, 0.008114982396364212, 0.011204867623746395, -0.008127883076667786, 0.022087201476097107, -0.017016949132084846, 0.002020682208240032, -0.0462128221988678, -0.00834075640887022, 0.023570861667394638, 0.0035124067217111588, -0.001149031100794673, -0.012307938188314438, -0.012178923934698105, -0.018423203378915787, -0.01186928991228342, 0.02732517011463642, 0.013972219079732895, 0.00352208293043077, -0.013778697699308395, 0.012353092432022095, -0.02688652276992798, -0.019468216225504875, 0.02611243911087513, 0.022693566977977753, 0.046470850706100464, 0.012856247834861279, -0.024538466706871986, -0.004447758663445711, 0.019932666793465614, 0.013469064608216286, 0.004992842674255371, -0.004409054294228554, 0.000452355423476547, 0.010353375226259232, -0.022474242374300957, 0.01843610405921936, 0.00902453064918518, 0.01573971100151539, 0.00048057723324745893, -0.010056642815470695, 0.007308644708245993, -0.0017110485350713134, -0.006463602650910616, 0.009308361448347569, -0.013985120691359043, -0.010895234532654285, -0.012004755437374115, -0.01793294958770275, -0.003944603726267815, -0.019339201971888542, -0.017842639237642288, -0.007353799417614937, 0.013727092184126377, -0.0013393268454819918, -0.015765514224767685, 0.006112039554864168, -0.01324974000453949, 0.013301345519721508, 0.011449994519352913, -0.010514643043279648, 0.026912325993180275, -0.00816658791154623, 0.0016739569837227464, -0.007779545616358519, 0.055321212857961655, 0.005502447951585054, 0.022435538470745087, 0.00488318083807826, 0.0017562033608555794, -0.019468216225504875, 0.002415787661448121, -0.019816555082798004, 0.005531476344913244, 0.0028237944934517145, -0.03847198188304901, -0.013649683445692062, -0.03733665868639946, -0.004828349687159061, 0.010205009020864964, 0.01874573715031147, 0.008992277085781097, 0.005834659095853567, -0.02007458172738552, 0.00881165824830532, -0.0020706751383841038, -0.00857298169285059, 0.019829455763101578, 0.01114681176841259, 0.011533853597939014, 0.010417882353067398, 0.002298062201589346, 0.014191542752087116, 0.008140784688293934, -0.007947264239192009, 0.02127441205084324, 0.012888501398265362, 0.030292492359876633, 0.009714756160974503, 0.034549955278635025, -0.0017836189363151789, -0.034859590232372284, 0.01215957198292017, 0.00308343512006104, 0.047915808856487274, 0.005283124279230833, -0.005102504510432482, 0.009205150417983532, -0.029724830761551857, -0.006682926323264837, -0.08788435161113739, -0.020977679640054703, -0.01586872525513172, 0.026705903932452202, -0.016939541324973106, 0.013610979542136192, 0.006382968742400408, -0.0021867877803742886, 0.0037768855690956116, 0.010392080061137676, -0.0013465838273987174, 0.007966616190969944, 0.0060346308164298534, -0.01042433362454176, -0.00045759661588817835, -0.01206281129270792, 0.007076419424265623, -0.02202269434928894, -0.016849230974912643, 0.016771823167800903, 0.018965061753988266, -0.0028834633994847536, -0.008598784916102886, -0.025067424401640892, 0.034085504710674286, -0.017081456258893013, -0.025325452908873558, 0.01762331649661064, 0.012482106685638428, 0.0145011767745018, -0.0006720824167132378, -0.0049089835956692696, 0.012217627838253975, -0.01284334622323513, -0.017274977639317513, 0.011275826022028923, 0.004360673949122429, -0.013178782537579536, 0.011766078881919384, -0.018719935789704323, 0.009372868575155735, 0.01594613306224346, -0.008908418007194996, -0.05188944190740585, 0.018036160618066788, 0.006186222657561302, -0.02778962068259716, 0.01757171005010605, -0.0019077948527410626, -0.004702561069279909, -0.005037997849285603, 0.013881908729672432, -0.028873339295387268, 0.00304956897161901, 0.04327130317687988, 0.00233837915584445, 0.012953007593750954, 0.019648835062980652, -0.015455880202353, -0.003786561544984579, 0.010159854777157307, 0.00488318083807826, -0.009263207204639912, 0.03367266058921814, 0.005537927150726318, 0.006818391382694244, 0.006408771499991417, -0.031943872570991516, 0.004186504986137152, -0.009114840999245644, -0.025325452908873558, 0.013223937712609768, -0.012417599558830261, 0.010921036824584007, -0.011572558432817459, 0.013765796087682247, -0.029595816507935524, -0.038755811750888824, -0.0015949358930811286, -0.003370491322129965, 0.008553629741072655, -0.029879648238420486, 0.026705903932452202, -0.010495291091501713, 0.011559656821191311, 0.005663715768605471, -0.010282417759299278, 0.041877951472997665, -0.004615476820617914, -0.016307372599840164, 0.011604811064898968, 0.02478359453380108, 0.014823711477220058, -0.01570100709795952, -0.008721347898244858, -0.015546189621090889, -0.02673170529305935, 0.0074828132055699825, 0.028047649189829826, 0.01753300614655018, -0.0034640266094356775, 0.0029463577084243298, -0.05908842384815216, 0.026989733800292015, -0.0034962801728397608, 0.005270222667604685, 9.449269418837503e-05, -0.01223697979003191, 0.014617289416491985, -0.009469629265367985, -0.0047960965894162655, 0.008992277085781097, -0.02568669244647026, 0.015920329838991165, 0.0040671671740710735, 0.004409054294228554, -0.04136189445853233, -0.017803935334086418, 0.006092687137424946, -0.017558809369802475, 0.0002648819063324481, 0.0006845806492492557, 0.013327148742973804, 0.002598020015284419, -0.017287880182266235, 0.02482229843735695, 0.00015935247938614339, 0.01917148381471634, -0.0035091815516352654, 0.00017406814731657505, -0.0290023535490036, 0.0020819639321416616, 0.004486462567001581, -0.02150663733482361, 0.02077125757932663, 0.026628494262695312, -0.01366258505731821, -0.015726810321211815, 0.009005178697407246, 0.02124861069023609, 0.0015401048585772514, -0.0057314480654895306, -0.003189871786162257, -0.02412562258541584, 0.019145680591464043, -0.0022319427225738764, -0.017520103603601456, -0.003331787185743451, -0.015055936761200428, -0.001621545059606433, 0.02564798854291439, 0.004318744409829378, 0.026628494262695312, 0.01816517487168312, -0.017584610730409622, -0.00552502553910017, 0.004767068196088076, -0.006663574371486902, 0.01944241300225258, -0.013391655869781971, 0.010708164423704147, -0.0027544493786990643, 0.013830303214490414, -0.008269798941910267, -0.004309068433940411, -0.0015610697446390986, 0.025867311283946037, 0.010075995698571205, -0.0011224220506846905, 0.0036059420090168715, 0.009611545130610466, -0.013288444839417934, -0.020719652995467186, -0.004586448427289724, 0.0067151798866689205, 0.00640232115983963, 0.017352385446429253, -0.00653778575360775, -0.0038865474052727222, 0.00685064448043704, -0.019300498068332672, -0.0007023200741969049, 0.028615310788154602, 9.449269782635383e-06, -0.024215932935476303, 0.012043459340929985, 0.01766202040016651, 0.0003279778466094285, 0.010604952462017536, 0.017055654898285866, 0.01777813211083412, 0.02007458172738552, -0.0038026883266866207, 0.020397117361426353, 0.022500045597553253, 0.015881625935435295, -0.01412703562527895, 0.02455136924982071, -0.016810527071356773, -0.01321103610098362, 0.021106693893671036, 0.018307089805603027, 0.013546472415328026, 0.013417458161711693, -0.0067151798866689205, -0.008127883076667786, -0.00527989910915494, 0.008779404684901237, -0.019545624032616615, -0.020668046548962593, -0.017352385446429253, 0.008334306068718433, 0.036072321236133575, -0.012449853122234344, 0.009979235008358955, 0.019700441509485245, -0.026705903932452202, 0.010314671322703362, 0.0002463361597619951, -0.004938011988997459, -0.015933232381939888, 0.027144551277160645, 0.005847560707479715, 0.014294753782451153, 0.040897443890571594, 4.724634709418751e-05, 0.021338919177651405, 0.012540163472294807, -0.031272999942302704, -0.023287031799554825, -0.0025722170248627663, -0.0015521999448537827, 0.02264196053147316, 0.0010264678858220577, -0.028125056996941566, 0.005096054170280695, -0.019352104514837265, 0.01500433124601841, 0.0015441365540027618, 0.04541293531656265, -0.016539597883820534, 0.03847198188304901, -0.0028689494356513023, -0.006231377366930246, 0.012436951510608196, -0.008747151121497154, 0.02264196053147316, 0.019648835062980652, 0.0010434009600430727, -0.007992418482899666, 0.019429512321949005, 0.005221842788159847, -0.017726527526974678, 0.004147801082581282, 0.02038421668112278, -0.016358979046344757, -0.004634828772395849, -0.0044703357852995396, 0.005547603126615286, 0.0012909466167911887, -0.004399378318339586, -0.0024770693853497505, 0.0038155897054821253, -0.008772953413426876, 0.02034551091492176, 0.01274658553302288, -0.01764911785721779, 0.002051322953775525, -0.03253733739256859, 0.00018737271602731198, -0.017094358801841736, 0.03540144860744476, 0.002875400008633733, -0.028357282280921936, -0.023493453860282898, 0.036459363996982574, 0.012643374502658844, 0.014630190096795559, -0.010972642339766026, -0.015223654918372631, 0.010940389707684517, -0.008127883076667786, -0.023919200524687767, -0.02339024282991886, 0.0050702509470283985, 0.010656557977199554, 0.01648799143731594, -0.01691373810172081, -0.0035640124697238207, -0.005437941290438175]"
U63162,N59774 N56853 N63248 N22479 N10340 N59469 N36593 N61070 N30827 N6576 N63554 N62285 N11163 N50258 N15122 N58091 N30974 N39235 N37123 N21019 N32109 N61005 N3057 N21389 N12709 N50479 N22614 N25158 N30103 N42791 N3057 N58744 N54449 N47922 N55051 N59359 N64554 N13912 N2183 N13225 N57318 N19347 N40526 N53118 N56444 N56290 N54842 N63889 N28074 N6285 N43374 N62471 N19874 N41298 N43595 N64467 N51457 N51503 N2018 N12785 N56438 N8237 N61972 N31099 N2078 N64983 N31802 N29561 N22627 N43595 N54536 N40442 N35458 N16344,"[-0.014139315113425255, -0.0179897528141737, -0.0007980980444699526, -0.011911110952496529, -0.0009152681450359523, -0.005882964935153723, -0.00382834579795599, -0.0035569213796406984, -0.0362824909389019, -0.036913711577653885, 0.03312639519572258, 0.005646257661283016, 0.00404611648991704, -0.02190331369638443, -0.008268974721431732, -0.001633280306123197, 0.01999703049659729, 0.004721521399915218, 0.010370935313403606, -0.019593050703406334, -0.008900193497538567, 0.004967696964740753, -0.0026463873218744993, 0.008054359816014767, -0.01700505055487156, -0.007378954906016588, 0.009575598873198032, -0.013520720414817333, 0.023935841396450996, -0.025842122733592987, -0.023064756765961647, -0.017686767503619194, -0.03229318559169769, -0.004809891805052757, 0.005112877115607262, 0.008729764260351658, -0.0036768531426787376, -0.008641393855214119, -0.005617852788418531, 0.013848953880369663, 0.00027911734650842845, -0.011014779098331928, -0.0009460400906391442, 0.0030850849580019712, -0.009323110803961754, 0.021322591230273247, -0.01851997710764408, -0.019100699573755264, -0.008268974721431732, 0.016373831778764725, 0.008407842367887497, 0.007827120833098888, 0.0032381557393819094, -0.0029825118836015463, 0.006627804134041071, -0.010314125567674637, -0.0075430721044540405, 0.008306847885251045, 0.019100699573755264, 0.007909179665148258, 0.004450096748769283, 0.010838037356734276, -0.018974455073475838, -0.01179749146103859, -0.011071588844060898, -0.021423587575554848, -0.008685579523444176, 0.015136641450226307, -0.027748405933380127, 0.017800386995077133, 0.035878513008356094, 0.01623496413230896, 0.014783158898353577, 0.004159735981374979, 0.004304916597902775, 0.00026333684218116105, -0.015010397881269455, 0.022484036162495613, -0.03171246498823166, 0.006154389586299658, 0.010743354447185993, -0.04163523390889168, 0.005393770057708025, 0.012485519982874393, 0.013899452053010464, -0.012857940047979355, -0.015288134105503559, 0.0034590824507176876, 0.007391579449176788, 0.005336960311979055, 0.0233677439391613, 0.028505869209766388, -0.016487451270222664, 0.018103372305631638, -0.02076711878180504, -0.009076935239136219, -0.010863286443054676, 0.012567578814923763, 0.00018453305528964847, -0.042417943477630615, 0.010856973938643932, 0.010434056632220745, 0.006346911191940308, -0.007347394246608019, -0.026132484897971153, 0.008420467376708984, 0.010604485869407654, -0.02022426947951317, 0.01035199873149395, -0.007795559708029032, -0.01989603601396084, -0.009821774438023567, 0.017951879650354385, -0.006081799045205116, -0.01359646674245596, -0.03236893191933632, -0.021120602265000343, -0.012251969426870346, 0.02832912839949131, -0.041483741253614426, -0.0035632336512207985, -0.011589188128709793, 0.03156097233295441, -0.01108421292155981, -0.006981286685913801, 0.009506164118647575, -0.0010912205325439572, -0.025905245915055275, 0.002387587446719408, 0.00519177969545126, -0.005706223659217358, -0.009443042799830437, 0.007006535772234201, 0.010333062149584293, 0.00888125691562891, 0.021234221756458282, -0.020931236445903778, -0.0004193664062768221, 0.003462238470092416, -0.002485426375642419, 0.0002927280147559941, 0.02397371456027031, -0.021070104092359543, 0.005646257661283016, -0.0038094092160463333, -0.012687510810792446, 0.01076229102909565, 0.019706670194864273, -0.004895106423646212, 0.019820289686322212, 0.003995618782937527, 0.011096836999058723, 0.0029462166130542755, -0.004005087073892355, 0.004737301729619503, -0.005011882167309523, 0.019858162850141525, -0.011639686301350594, -0.007549384143203497, 0.008250038139522076, -0.005526326131075621, -0.0021224752999842167, 0.005163374822586775, 0.009828086011111736, 0.006634116172790527, 0.01446754951030016, 0.0006398987025022507, -0.006047082133591175, -0.007852369919419289, 0.01348284725099802, -0.004159735981374979, 0.025539137423038483, -0.0214740838855505, 0.03138422966003418, 0.01562899351119995, 0.005715691950172186, -0.00011983306467300281, -0.00484776496887207, -0.04804842174053192, -0.013205110095441341, -0.01923956722021103, 0.02538764476776123, 0.0014920448884367943, 0.02686469815671444, -0.010402495972812176, 0.02528665028512478, 0.011235705576837063, 0.0012569156242534518, 0.02402421087026596, -0.0030266970861703157, -0.0014612729428336024, 0.003724194597452879, -0.020148523151874542, -0.003872531233355403, -0.6548522710800171, -0.01574261300265789, 0.007492574397474527, -0.000760619412176311, 0.02004752866923809, 0.009739715605974197, 0.01446754951030016, 0.007681940216571093, -0.019517304375767708, -0.0033423069398850203, -0.01781301200389862, 0.021208971738815308, 0.0014344460796564817, 0.007763999048620462, -0.03077825903892517, -0.007322145160287619, -0.009512476623058319, 0.01348284725099802, 0.014290807768702507, 0.0009720778907649219, -0.009443042799830437, -0.004907730966806412, -0.0015133485430851579, -0.01666419208049774, 0.008294222876429558, 0.0163485836237669, 0.002243984956294298, 0.006173326168209314, 0.010579237714409828, 0.026561712846159935, -0.036812715232372284, 0.05711273476481438, 0.012049978598952293, -0.01590672880411148, 0.05458785593509674, -0.014025695621967316, -0.023885343223810196, 0.012775881215929985, 0.007031784392893314, 0.03698945790529251, -0.023986337706446648, 0.01960567571222782, 0.014884154312312603, 0.0008829181897453964, -0.02218105085194111, -0.008237413130700588, -0.005933462642133236, -0.032065946608781815, -0.010957969352602959, 0.01206891518086195, 0.011387198232114315, 0.002469646045938134, 0.025135157629847527, 0.019189070910215378, -0.02625872753560543, 0.004737301729619503, 0.0003201465879101306, -0.012441335245966911, 0.007751374505460262, 0.022761771455407143, 0.002169816754758358, 0.010976905934512615, -0.020085401833057404, -0.027748405933380127, -0.01018788106739521, 0.03504530340433121, -0.007202213630080223, 0.0046931165270507336, -0.025412894785404205, -0.023948464542627335, 0.004292292054742575, 0.022951137274503708, -0.0004923511296510696, 0.00910218432545662, 0.010812788270413876, 0.01078754011541605, 0.030222786590456963, -0.005318023730069399, 0.0017484778072685003, 0.012195159681141376, 0.0014202436432242393, 0.0019409997621551156, -0.0019125948892906308, 0.023557109758257866, 0.030854005366563797, -0.0233677439391613, -0.04936135932803154, 0.004128174856305122, 0.021335216239094734, -0.008268974721431732, 0.027697907760739326, -0.027495918795466423, -0.0011803803499788046, -0.022370416671037674, 0.008805510587990284, 0.012258280999958515, -0.007694564759731293, 0.0180907491594553, -0.0019362656166777015, -0.024175703525543213, 0.0059523992240428925, -0.004901418928056955, 0.028632113710045815, -0.005652569700032473, 0.01766151934862137, -0.009922768920660019, -0.00519177969545126, -0.0030835068318992853, 0.055496811866760254, -0.028253382071852684, -0.006791920866817236, -0.031409479677677155, -0.0071454038843512535, -0.019706670194864273, -0.032343681901693344, -0.01960567571222782, 0.033909108489751816, 0.02545076794922352, 0.045144811272621155, -0.04267043247818947, 0.023784348741173744, 0.014227685518562794, -0.0016506387619301677, -0.018406357616186142, -0.011620749719440937, 0.02359498292207718, -0.005163374822586775, 0.009411481209099293, -0.01345759816467762, -0.02387271821498871, 0.017636271193623543, -0.014909402467310429, 0.010522427968680859, 0.006602555047720671, 0.023014260455965996, -0.008571960031986237, 0.002758428920060396, -0.008085920475423336, 0.039261847734451294, -0.0027063533198088408, -0.03166196495294571, -0.024440815672278404, -0.00795336440205574, 0.01787613332271576, -0.006321662571281195, 0.005532638169825077, -0.028783606365323067, -0.014530670829117298, -0.018179118633270264, -0.0011062120320275426, -0.0023291995748877525, -0.006602555047720671, -0.009638720192015171, 0.022534532472491264, -0.01163337379693985, -0.011545003391802311, -0.011854301206767559, 0.020085401833057404, 0.0026164045557379723, 0.004787799436599016, 0.0197319183498621, 0.0007838956080377102, -0.019580425694584846, 0.010042700916528702, -0.009922768920660019, 0.02364547923207283, 0.009878584183752537, 0.02364547923207283, 0.009007501415908337, -0.020931236445903778, -0.002494894666597247, -0.024832172319293022, -0.011090525425970554, 0.0012474473332986236, 0.03358087316155434, -0.02870786003768444, -0.001877877744846046, 0.005532638169825077, 0.004159735981374979, 0.0015078254509717226, 0.004096614196896553, -0.03161146864295006, 0.0005120767746120691, 0.00980914942920208, 0.030854005366563797, 0.014568543992936611, 0.003446458140388131, 0.015427002683281898, -0.014505422674119473, -0.0013602778781205416, -0.014025695621967316, 0.0024286166299134493, -0.013508095405995846, 0.007277959957718849, -0.003484331304207444, 0.003178189741447568, -0.0018952363170683384, -0.024062084034085274, 0.01119783241301775, 0.02076711878180504, 0.01555324625223875, -0.003156097140163183, 0.01656319759786129, -0.019542552530765533, 0.0005842724931426346, -0.022092679515480995, 0.025678006932139397, -0.004440628457814455, 0.010263627395033836, -0.0004982688114978373, 0.008085920475423336, 0.007839744910597801, 0.005444267299026251, -0.024996289983391762, 0.00811748206615448, 0.0016900900518521667, -0.02267340198159218, 0.009619783610105515, 0.0005909791798330843, -0.00048761701327748597, 0.004882482346147299, 0.0014904668787494302, 0.009645032696425915, 0.02021164633333683, 3.890875814249739e-05, -0.005349584389477968, 0.014530670829117298, 0.006157545372843742, 0.00806698389351368, -0.010894847102463245, -0.009405169636011124, 0.016537949442863464, 0.005690442863851786, 0.03284865990281105, 0.012592827901244164, -0.02888460084795952, -0.008818135596811771, -0.009941705502569675, 0.03512104973196983, 0.018317988142371178, -0.006615179590880871, -0.02310262992978096, 0.038756873458623886, 0.0053338040597736835, -0.01078754011541605, -0.01484628114849329, 0.04870489239692688, 0.00491719925776124, 0.0001940999791258946, -0.006290101446211338, -0.010471929796040058, 0.013798456639051437, 0.016436953097581863, 0.010560301132500172, 0.00866664294153452, -0.04135749489068985, -0.00019449448154773563, 0.025539137423038483, 0.012523393146693707, 0.02173919603228569, 0.014694788493216038, 0.01612134464085102, -0.006406877189874649, -0.017257539555430412, 0.010989530012011528, -0.003910404164344072, -0.0029904020484536886, 0.017510026693344116, -0.04696272686123848, -0.029111839830875397, 0.000779950525611639, -0.008843383751809597, 0.004645775072276592, -0.019681422039866447, 0.005999740678817034, 0.009001188911497593, 0.03537353500723839, -0.0012813754146918654, -0.0056935991160571575, -0.01824224181473255, -0.03335363417863846, -0.01157656405121088, 0.025955742225050926, 0.024604933336377144, -0.015944601967930794, -0.027117187157273293, -0.0008718718308955431, -0.0003298121446277946, -0.020022280514240265, 0.026435470208525658, -0.011387198232114315, 0.009108495898544788, -0.007839744910597801, 0.009733403101563454, -0.00033809689921326935, 0.0008718718308955431, 0.019580425694584846, -0.014543295837938786, 0.01684093475341797, 0.004532155580818653, 0.004822516348212957, -0.02903609350323677, -0.004273355472832918, 0.012005793862044811, -0.013179861940443516, 0.015502749010920525, -0.009575598873198032, 0.0026621678844094276, 0.003995618782937527, -0.00934204738587141, 0.006309038028120995, -0.01966879703104496, 0.00419445289298892, 0.014492797665297985, -0.021802319213747978, 0.01677781157195568, 0.008256349712610245, -0.004020867869257927, 0.007846057415008545, 0.004772018641233444, 0.007770311087369919, -0.027470668777823448, -0.024996289983391762, -0.005109721329063177, 0.12553691864013672, 0.019428933039307594, -0.007309521082788706, 0.01732066087424755, 0.01732066087424755, -0.01705554872751236, -0.01863359659910202, -0.02163820154964924, 0.009190554730594158, -0.024011587724089622, -0.0026306069921702147, -0.016146592795848846, -0.00023374844749923795, 0.003872531233355403, 0.013987822458148003, -0.006842418573796749, 0.002627450739964843, -0.002998292213305831, -0.0033612435217946768, -0.013242983259260654, -0.008300535380840302, 0.002180863171815872, -0.008603520691394806, 0.03373236581683159, -0.0028436435386538506, -0.023392992094159126, 0.01628546044230461, 0.00628063315525651, 0.016739938408136368, 0.010856973938643932, 0.00016510332352481782, 0.01929006539285183, -0.002032526535913348, -0.007707189302891493, -0.01119783241301775, 0.011753305792808533, 0.014555919915437698, -0.011399822309613228, 0.014505422674119473, -0.016853557899594307, 0.03481806442141533, -0.012542329728603363, 0.003762067761272192, -0.018103372305631638, 0.020514631643891335, -0.018785089254379272, 0.0017468997975811362, 0.010061637498438358, 0.014278183691203594, -0.005138126201927662, 0.03105599619448185, 0.007789247669279575, -0.011368261650204659, -0.017358534038066864, 0.0035632336512207985, -0.015717362985014915, 0.008698203600943089, -0.004093457944691181, 0.015868855640292168, 0.029440073296427727, 0.001988341100513935, -0.0232667475938797, -0.016386456787586212, 0.0031340045388787985, 0.027369674295186996, -0.023026883602142334, 0.0005523170111700892, 0.012113100849092007, -0.02387271821498871, -0.032924406230449677, 0.013710086233913898, -0.02091861143708229, -0.006410033442080021, 0.014013071544468403, -0.002275546081364155, -0.007113842759281397, 0.014619042165577412, -0.0033107458148151636, 0.00882444716989994, -0.011645997874438763, -0.0019252191996201873, -0.020199021324515343, -0.02134784124791622, -0.011065276339650154, 0.003515892196446657, 0.004090301692485809, 0.004020867869257927, -0.015527998097240925, -0.013268232345581055, 0.00722115021198988, 0.04211495816707611, -0.0007097273482941091, -0.01484628114849329, -0.018078124150633812, -0.018545227125287056, -0.007681940216571093, 0.020779743790626526, 0.005138126201927662, -0.009941705502569675, 0.016146592795848846, 0.02027476765215397, -0.02163820154964924, -0.023064756765961647, -0.02185281552374363, -0.01749740168452263, 0.00896331574767828, 0.030046043917536736, 0.03741868585348129, -0.001374480314552784, -0.014909402467310429, 0.00985964760184288, -0.02402421087026596, 0.03438883274793625, -0.017686767503619194, -0.01029518898576498, -0.006892916280776262, 0.007435764651745558, 0.02249665930867195, -0.00209722644649446, -0.028758356347680092, 0.02451656199991703, -0.022433537989854813, 0.017939256504178047, 0.018835587427020073, -0.004222857765853405, 0.0008513571810908616, -0.021802319213747978, -0.0198329146951437, -0.02163820154964924, -0.004020867869257927, -0.010579237714409828, 0.011860612779855728, 0.005822998937219381, -0.019971782341599464, 0.002993558067828417, -0.014669539406895638, -0.02216842584311962, 0.006157545372843742, 0.010036388412117958, -0.0009428840130567551, -0.006337442900985479, -0.009461979381740093, 0.002821550704538822, -0.04004456102848053, -0.027091937139630318, -0.023254122585058212, -0.027445420622825623, 0.006665677297860384, 0.0026968850288540125, 0.018052875995635986, 0.009222115390002728, 0.014177188277244568, -0.024996289983391762, -0.0020151680801063776, 0.025299275293946266, 0.0030598361045122147, 0.015477499924600124, 0.029945049434900284, -0.01081910077482462, 0.022206299006938934, 0.005100253038108349, -0.009266301058232784, 0.031737711280584335, 0.013760583475232124, 0.02473117783665657, 0.00557051133364439, -0.008489901199936867, 0.016424329951405525, -0.011936359107494354, 0.02560226060450077, -0.011298827826976776, 0.02185281552374363, -0.0007432608981616795, 0.006116516422480345, -0.015502749010920525, -0.004137643147259951, -0.012895813211798668, -0.024390319362282753, -0.0025059410836547613, -0.04501856863498688, -0.019858162850141525, -0.010541364550590515, -0.030323781073093414, 0.021057479083538055, -0.009297861717641354, -0.009506164118647575, 0.01029518898576498, -0.0016569510335102677, -0.0011377730406820774, -0.002307106973603368, 0.030803507193922997, -0.000905010849237442, -0.011759618297219276, 0.01618446595966816, -0.006302725989371538, -0.002386009320616722, -0.03072776086628437, 0.0007752163801342249, 0.014215061441063881, -0.010913783684372902, -0.010484554804861546, -0.03176296129822731, -0.007763999048620462, 0.0031324264127761126, -0.008369969204068184, 0.004775174893438816, -0.033757615834474564, -0.014126691035926342, 0.031030746176838875, -0.015729987993836403, -0.018406357616186142, -0.025324523448944092, -0.03158621862530708, -0.02412520721554756, 0.0002367072884226218, 0.006899228319525719, -0.00557051133364439, 0.011178895831108093, -0.011122086085379124, -0.03368186950683594, -0.03749443218111992, -0.016045598313212395, 0.016967177391052246, -0.008382594212889671, 0.009032749570906162, 0.005033975001424551, -0.006394252646714449, -0.019959157332777977, -0.0011480302782729268, 0.011418758891522884, -0.005251745693385601, 0.030172288417816162, -0.0024002117570489645, -0.020009655505418777, 0.008868632838129997, 0.001988341100513935, 0.027925146743655205, -0.021284718066453934, -0.018545227125287056, 0.013444974087178707, 0.01764889433979988, -0.020893363282084465, 0.004368038382381201, 0.0012884766329079866, -0.007000223267823458, -0.0017579460982233286, -0.019769791513681412, -0.03754493221640587, -0.0025106752291321754, -0.012384525500237942, -0.011627061292529106, -0.0029193898662924767, -0.010086886584758759, -0.006384784355759621, -0.008704516105353832, 0.0029130775947123766, -0.02272389829158783, -0.008376281708478928, 0.023493986576795578, 0.012270906008780003, -0.04534680396318436, 0.03635823726654053, -0.0197319183498621, 0.008546710945665836, -0.03133373335003853, -0.00800386257469654, -0.02113322541117668, 0.006110203918069601, -0.0005527114844880998, 0.02630922570824623, -0.009764964692294598, -0.021385714411735535, 0.0025974679738283157, 0.02969256229698658, 0.016525324434041977, -0.006987599190324545, 0.0005254901479929686, -0.011185208335518837, -0.00010651828051777557, -0.020552504807710648, 0.012851627543568611, -0.010377246886491776, 0.014000446535646915, -0.012195159681141376, -0.009878584183752537, -0.02653646469116211, -0.0223451666533947, -0.030424775555729866, 0.029717810451984406, -0.014833656139671803, 0.0008773949812166393, -0.01929006539285183, -0.01613396778702736, 0.014631666243076324, 0.00558313587680459, -0.022862767800688744, 0.005920838098973036, 0.028455371037125587, -0.01682830974459648, 0.008130106143653393, -0.01786351017653942, -0.013419725000858307, -0.024264074862003326, 0.004683648236095905, 0.00045723957009613514, -0.018267489969730377, 0.003211328759789467, 0.008944379165768623, -0.04014555364847183, -0.01100215408951044, 0.033101145178079605, 0.0327981598675251, 0.034843310713768005, 0.006526808720082045, 0.03645923361182213, -0.00029825116507709026, -0.001085697440430522, -0.010579237714409828, -0.0020767119713127613, 0.03711570054292679, -0.022092679515480995, -0.012788505293428898, -0.00672879908233881, 0.005535794422030449, -0.0053590526804327965, -0.015830982476472855, 0.008654017932713032, 0.004838296677917242, -0.0021997997537255287, 0.007637755014002323, 0.019757168367505074, 0.015464875847101212, -0.004068209324032068, -0.0007645645528100431, -0.012378212995827198, -0.0005175999249331653, -0.006627804134041071, 0.03759542852640152, -0.006160701625049114, 0.0009002767037600279, 0.010989530012011528, 0.013848953880369663, -0.005453735589981079, 0.006056550424546003, 0.01863359659910202, 0.015780486166477203, -0.017042923718690872, 0.0035569213796406984, -0.022471411153674126, 0.0026953069027513266, 0.011759618297219276, 0.025804249569773674, 0.004364882130175829, -0.022900640964508057, -0.007214838173240423, 0.004210233688354492, -0.020880738273262978, -0.02658696286380291, -0.010591861791908741, 0.01814124546945095, 0.008982252329587936, 0.021398337557911873, -0.0007539127254858613, 0.01348284725099802, -3.0056893592700362e-05, 0.006873979698866606, -0.03350512683391571, -0.03067726455628872, 0.03759542852640152, -0.005027662497013807, 0.010718105360865593, 0.010282563976943493, 0.005542106460779905, -0.0023670727387070656, 0.00986595917493105, 0.017914006486535072, -0.01070548128336668, 0.0012150973780080676, 0.004516374785453081, 0.0019110167631879449, -0.022736523300409317, -0.006167013663798571, -0.01602034829556942, 0.000978390104137361, 0.017838260158896446, -0.003982994705438614, 0.01737115904688835, -0.023986337706446648, -0.02042626030743122, -0.00557051133364439, -0.01163337379693985, 0.011235705576837063, 0.00498663354665041, 0.004301760345697403, -0.014215061441063881, -0.016222339123487473, -0.009310486726462841, -0.028152385726571083, 0.022648151963949203, 0.02059037797152996, -0.016765188425779343, 0.04423585534095764, 0.014972524717450142, -0.020552504807710648, 0.006321662571281195, -0.012334027327597141, -0.02615773305296898, -0.0009097449947148561, -0.015679489821195602, 0.00026412587612867355, 0.020236894488334656, -0.040398042649030685, 0.0010691279312595725, -0.04610426723957062, -0.007397891487926245, -0.02032526582479477, 0.00048248833627440035, -0.022130552679300308, 0.02903609350323677, -0.01682830974459648, -0.009853335097432137, 0.012315090745687485, 0.004222857765853405, -0.023796971887350082, 0.03335363417863846, -0.02625872753560543, -0.01029518898576498, -0.02489529363811016, 0.001153553486801684, 0.02272389829158783, 0.0039230287075042725, -0.02921283431351185, 0.005472672171890736, 0.019542552530765533, -0.009985891170799732, 0.0550423339009285, 0.2066359966993332, 0.0180402509868145, -0.001234823022969067, 0.0006213565939106047, -0.01733328588306904, -0.0007483895169571042, 0.021208971738815308, 0.024983664974570274, -0.010964280925691128, -0.0002643231418915093, -0.03671172261238098, 0.012302466668188572, -0.011507130227982998, 0.006119672209024429, 0.009929081425070763, -0.012005793862044811, -0.03191445395350456, -0.023632856085896492, -0.0032349994871765375, -0.03736818954348564, 0.002867314266040921, 0.00090422184439376, -0.0011006888234987855, 0.004083989653736353, 0.04292292147874832, 0.008022799156606197, 0.0067477356642484665, 0.011204144917428493, -0.014417051337659359, 0.006804545409977436, -0.010503491386771202, -0.011898485943675041, -0.006772984284907579, -0.00833209604024887, 0.0038472823798656464, -0.006378472317010164, 0.00011332361464155838, -0.014934651553630829, 0.010755978524684906, 0.024226201698184013, -0.0294653233140707, 0.012510769069194794, 0.015124017372727394, 0.0198329146951437, 0.0024112581741064787, 0.03777217119932175, -0.011885861866176128, 0.0017958192620426416, -0.006185950245708227, -0.0011448742588981986, -0.043453145772218704, 0.006346911191940308, 0.014619042165577412, 0.035171546041965485, -0.021726572886109352, 0.006545745301991701, 0.0043585700914263725, 0.00223451666533947, -0.025299275293946266, 0.04393287003040314, -0.005602072458714247, 0.03368186950683594, 0.0006982864579185843, 0.03143472597002983, -0.01435393001884222, -0.0057945940643548965, -0.03214169293642044, 0.002556438557803631, 0.00603130180388689, -0.009032749570906162, -0.03229318559169769, 0.018456855788826942, -0.021587703377008438, -0.013040993362665176, -0.012510769069194794, -0.0025122533552348614, 0.023026883602142334, 0.00014557497343048453, 0.009796525351703167, 0.006918164901435375, -0.01418981235474348, 5.8338482631370425e-05, 0.000668698048684746, 0.0059523992240428925, -0.014404427260160446, -0.042746178805828094, 0.022042181342840195, 0.01418981235474348, -0.0012419242411851883, 0.01699242740869522, 0.008685579523444176, -0.01029518898576498, 0.00011233732948312536, 0.006918164901435375, -0.009960642084479332, 0.016866182908415794, -0.01922694407403469, 0.04289767146110535, -0.004772018641233444, 0.018229616805911064, -0.028733108192682266, 0.017409032210707664, 0.01769939251244068, 0.008130106143653393, -0.005062379874289036, 0.008161666803061962, 0.014025695621967316, -0.0007527291891165078, 0.010459305718541145, -0.0197824165225029, -0.007498886901885271, -0.029818804934620857, 0.018166495487093925, -0.013066242448985577, -0.02658696286380291, 0.02686469815671444, 0.008508837781846523, -0.014997773803770542, -0.000508131633978337, -0.007839744910597801, -0.015666866675019264, 0.0006903962348587811, 0.014808407984673977, 0.006564681883901358, -0.003575857961550355, -0.006779296789318323, -0.021865440532565117, 0.003831501817330718, -0.0013342400779947639, -0.05953661724925041, 0.005201247986406088, -0.013028369285166264, 0.007113842759281397, -0.014480173587799072, -0.00972077902406454, 0.005781969986855984, 0.012927373871207237, 9.991019760491326e-05, -0.019845537841320038, 0.015136641450226307, 0.004854077473282814, -0.01473266165703535, 0.0020419948268681765, -0.028505869209766388, 0.01444230042397976, 0.004882482346147299, 0.020905986428260803, -0.000598474929574877, -0.02408733405172825, -0.023191001266241074, -0.010585549287497997, 0.006230135913938284, -0.013268232345581055, 0.009581910446286201, 0.02538764476776123, -0.01993390917778015, -0.012479208409786224, -0.005838779732584953, -0.02076711878180504, 0.03302539885044098, -0.028101889416575432, -0.006823481991887093, 0.026006240397691727, -0.008534086868166924, -0.002251875353977084, 0.0018715655896812677, -0.15745137631893158, 0.01700505055487156, 0.0034653947222977877, -0.007461013738065958, -0.006924476940184832, -0.007580945268273354, 0.024062084034085274, -0.02734442614018917, 0.0018336924258619547, -0.01250445656478405, -0.0017169167986139655, -0.009360983967781067, -0.019769791513681412, -0.013444974087178707, 0.02026214264333248, 0.017080796882510185, 0.0050150384195148945, 0.020729245617985725, 0.036206744611263275, -0.010692857205867767, 0.026662709191441536, -0.007120155263692141, 0.01334397867321968, -0.004415379837155342, 0.004516374785453081, 0.004607901908457279, -0.018923958763480186, -0.005807218607515097, 0.006836106535047293, 2.0194089302094653e-05, -0.04605376720428467, 0.010086886584758759, 0.005567355081439018, 0.01841898262500763, 0.02261027880012989, 0.0014959900872781873, -0.01026993989944458, 0.0013531766599044204, -0.030652014538645744, 0.017914006486535072, 0.02555176243185997, 0.012334027327597141, 0.00717696500942111, -0.0008063827990554273, -0.016979802399873734, -0.0012087852228432894, 0.000595318793784827, 0.030500521883368492, 0.011456632055342197, -0.0036736971233040094, 0.010036388412117958, -0.010004827752709389, 0.024390319362282753, 0.02218105085194111, 0.004888794384896755, 0.020085401833057404, 0.01255495473742485, -0.0013918387703597546, 0.017232289537787437, -0.003579014213755727, 0.012163598090410233, -0.010118447244167328, 0.00026195606915280223, 0.0015875168610364199, 0.0006903962348587811, -0.011330388486385345, -0.03166196495294571, -0.015616368502378464, -0.019580425694584846, 0.006125984713435173, -0.014644290320575237, -0.017308035865426064, 0.0020703996997326612, -0.00943041779100895, 0.014619042165577412, -0.0010730730136856437, -0.017068173736333847, 0.012510769069194794, -0.008521461859345436, -0.0038409701082855463, -0.007997550070285797, 0.04946235567331314, -0.021777069196105003, 0.020716620609164238, -0.0023197312839329243, -0.01929006539285183, 0.00397668220102787, 0.01874721609055996, -0.01064867153763771, -0.02512253262102604, 0.0022566094994544983, -0.02249665930867195, 0.008268974721431732, -0.022042181342840195, -0.007113842759281397, -0.0051949359476566315, 0.0005992639344185591, -0.014265558682382107, -0.007088594138622284, -0.0347423180937767, 0.01160181313753128, -0.0034148970153182745, -0.005942930933088064, 0.020666124299168587, 0.039539583027362823, 0.0163485836237669, 0.008369969204068184, 0.006400565151125193, 0.017850885167717934, -0.0061701699160039425, 0.0031671435572206974, -0.0022644996643066406, 0.02701619081199169, 0.005280150566250086, -0.006346911191940308, 0.005905057769268751, -0.011128398589789867, -0.011242018081247807, -0.006526808720082045, -0.035550277680158615, 0.0654953271150589, 0.014151939190924168, -0.008268974721431732, 0.0010249424958601594, 0.014278183691203594, -0.0033864921424537897, -0.08483588695526123, -0.007309521082788706, 0.008098545484244823, 0.00645421864464879, -0.013091490603983402, 0.019858162850141525, 0.02130996808409691, 0.009468290954828262, -0.01307886652648449, 0.03095499984920025, -0.0011835363693535328, -0.010945344343781471, -0.018179118633270264, 0.003075616667047143, 0.06286945194005966, -0.005163374822586775, 0.01299049612134695, -0.025577010586857796, -0.0023796972818672657, 0.04123125225305557, -0.01738378219306469, 0.00025879996246658266, -0.005763033404946327, -0.041433241218328476, -0.026713205501437187, -0.029717810451984406, -0.043023914098739624, 0.007126467302441597, 0.027925146743655205, 0.028632113710045815, -0.023885343223810196, -0.019024953246116638, 0.02195381186902523, 0.004519531037658453, 0.005643101409077644, -0.01266857422888279, -0.03673696890473366, 0.00020731613039970398, 0.00400193128734827, -0.025476016104221344, -0.022244172170758247, 0.002671636175364256, 0.0008497791714034975, -0.010415120050311089, -0.004137643147259951, 0.007031784392893314, -0.0054758284240961075, 0.014757909812033176, 0.018886085599660873, -0.012296154163777828, -0.0019457339076325297, 0.012346652336418629, 0.008887569420039654, 0.011999481357634068, 0.00980283785611391, -0.002665323903784156, 0.0037052580155432224, 0.00722115021198988, 0.0013318730052560568, 0.024478688836097717, 0.003294965485110879, 0.022054806351661682, -0.024933166801929474, -0.008464652113616467, -0.008515150286257267, -0.008925442583858967, -0.026763703674077988, -0.006956038065254688, 0.006653052754700184, -0.021587703377008438, 0.00709490617737174, 0.033429380506277084, 0.004008243326097727, 0.033858608454465866, 0.006570994388312101, -0.013003120198845863, -0.020464133471250534, 0.009985891170799732, 0.008306847885251045, -0.00027201612829230726, 0.003844126360490918, 0.0002866130671463907, 0.0180402509868145, 0.015894105657935143, 0.022850142791867256, 0.020236894488334656, -0.0013673790963366628, 0.0015851497882977128, 0.028632113710045815, -0.016171840950846672, 0.021171098574995995, 0.024983664974570274, -0.00339911668561399, -0.005652569700032473, 0.015704739838838577, 0.006482623517513275, 0.010421432554721832, -0.003875687252730131, -0.0009704998810775578, 0.004210233688354492, -0.035222042351961136, 0.0032081727404147387, -0.08114957064390182, 0.032924406230449677, -0.0027237117756158113, 0.004510062746703625, 0.014013071544468403, -0.00645421864464879, 0.005188623443245888, 0.004831984639167786, -0.013722710311412811, 0.015666866675019264, 0.0033391506876796484, 0.0033423069398850203, -0.011847988702356815, 0.02048938162624836, -0.019264817237854004, -0.00671617453917861, 0.009758652187883854, 0.016575822606682777, 0.04501856863498688, 0.025526514276862144, 0.007435764651745558, 0.00893175508826971, -0.014379178173840046, 0.0033012775238603354, 0.006331130862236023, 0.010957969352602959, -0.009663969278335571, 0.002786833792924881, -0.007486262358725071, 0.013508095405995846, 0.02103223092854023, -0.0005696755251847208, 0.001486521796323359, 0.02338036708533764, -0.0016806217608973384, -0.032444678246974945, 0.03062676638364792, -0.007025472354143858, 0.00980914942920208, 0.03224268928170204, -0.02358235791325569, -0.01994653418660164, 0.00969552993774414, -0.020300015807151794, -0.014505422674119473, -0.0012332448968663812, -0.002027792390435934, 0.0027552726678550243, 0.0015338632510975003, 0.002711087465286255, 0.007864993996918201, 0.024478688836097717, 0.006192262750118971, 0.004323853179812431, -0.015452251769602299, -0.019201694056391716, 0.004775174893438816, -0.0013302948791533709, -0.01835586130619049, -0.02959156595170498, -0.011829052120447159, -0.004308072384446859, -0.013760583475232124, 0.040675777941942215, 0.007549384143203497, -0.01397519838064909, -0.012049978598952293, 0.013091490603983402, 0.0020909144077450037, -0.07993762940168381, -0.024806924164295197, -0.009632408618927002, 0.016424329951405525, 0.0002209267986472696, -0.00629325769841671, -0.0055768233723938465, -0.016032973304390907, 0.016575822606682777, -0.022420912981033325, 0.003941965289413929, 0.033808112144470215, 0.011450320482254028, -0.0197824165225029, 0.004888794384896755, -0.01307886652648449, 0.03039952740073204, 0.0032634043600410223, -0.007694564759731293, 0.025463391095399857, -0.00628063315525651, -0.032722413539886475, 0.017737265676259995, -0.0020025435369461775, 0.00210353871807456, -0.0037368189077824354, -0.011696496047079563, 0.00040319139952771366, 0.02195381186902523, 0.026283977553248405, 0.009525100700557232, 0.0011243595508858562, 0.0056304773315787315, -0.006924476940184832, -0.015995100140571594, -0.029844054952263832, 0.005049755331128836, 0.0016948241973295808, -0.023557109758257866, -0.01348284725099802, -0.01149450521916151, -0.008458340540528297, 0.03007129393517971, 0.011810115538537502, 0.02837962470948696, -0.003250780049711466, 0.011873237788677216, 0.02686469815671444, -0.015136641450226307, -0.017080796882510185, 0.038049906492233276, 0.0024380849208682775, -0.007732437923550606, 0.0025090971030294895, -0.021549830213189125, 0.026233479380607605, 0.005930306389927864, 0.008300535380840302, -0.020022280514240265, -0.006268009077757597, -0.019870787858963013, -0.0013989399885758758, -0.011475568637251854, -0.03703995421528816, 0.008521461859345436, 0.0005854560295119882, 0.005002413876354694, 0.025678006932139397, 0.014530670829117298, 0.01473266165703535, 0.04393287003040314, 0.009335734881460667, -0.013785832561552525, 0.0018163338536396623, -0.008950691670179367, 0.02615773305296898, 0.014202437363564968, -0.019252192229032516, -0.03204069659113884, -0.03241942822933197, 0.007871306501328945, -0.019100699573755264, 0.014606417156755924, -0.016197090968489647, -0.006892916280776262, 0.0005649413797073066, -0.0021461460273712873, 0.029515819624066353, 0.019189070910215378, 0.017181793227791786, 0.021057479083538055, -0.01359646674245596, 0.003982994705438614, 0.0042039211839437485, -0.022433537989854813, 0.019100699573755264, 0.03436358645558357, -0.01397519838064909, 0.01211941335350275, -0.048300910741090775, -0.00030811398755759, 0.018343236297369003, 0.014290807768702507, -0.0023702289909124374, 0.024541812017560005, -0.012226720340549946, 0.018153870478272438, 0.008628769777715206, 0.0023323558270931244, 0.0005400871159508824, -0.018444230780005455, 0.006097579840570688, -0.0346413217484951, -0.027142435312271118, 0.02648596651852131, 0.00943041779100895, -0.00934204738587141, -0.013230359181761742, 0.005267526023089886]"
U67565,N3547 N63875 N5163 N22570 N1150 N30708 N44559 N5440 N41954 N16260 N18030 N59026 N39235 N56514 N2186 N13137 N40704 N1825 N50752 N54435 N63258 N23653 N22161 N13231 N7080 N36780 N38390 N56240 N31801 N54225 N13710 N33096 N63688 N39670 N60611 N61940 N13081 N27766 N943 N43846 N21317 N54536 N57187 N35790 N2678,"[-0.022429920732975006, -0.028805548325181007, 0.02130330353975296, -0.0034214588813483715, -0.034925125539302826, 0.008500837720930576, -0.006798109505325556, 0.0062091960571706295, -0.021802598610520363, -0.010030731558799744, 0.03297915309667587, 0.01454360131174326, -0.010369997471570969, -0.011752663180232048, 0.00016883251373656094, -0.006455643568187952, 0.02634747512638569, -0.03364488109946251, -0.005879532545804977, -0.023748574778437614, -0.0024900794960558414, 0.009057744406163692, -0.021661771461367607, 0.0077198869548738, -0.01180387381464243, 0.00471130758523941, 0.010498021729290485, -0.02360774762928486, 0.013519403524696827, 0.0038183354772627354, -0.011663046665489674, -0.002994176698848605, -0.02194342575967312, 0.0019107679836452007, -0.025438498705625534, -0.03730638697743416, -0.002970172092318535, -0.0112341633066535, 0.0015242935623973608, 0.009704269468784332, 0.013890675269067287, -0.014402774162590504, -0.008052751421928406, -0.01785944029688835, -0.022148266434669495, 0.0035910916049033403, -0.002738127252086997, -0.010363596491515636, -0.01733453944325447, -0.003331841668114066, 0.02770453505218029, 0.015260539017617702, -0.018537970259785652, -0.00010482018842594698, -0.003331841668114066, -0.015030094422399998, -0.015132514759898186, 0.0076174670830369, -0.0021588157396763563, -0.008628861978650093, 0.012968897819519043, 0.010305984877049923, -0.017385749146342278, -0.0019395735580474138, -0.003272630274295807, -0.00420240918174386, 0.004564078990370035, 0.010472416877746582, -0.018691599369049072, -0.015196526423096657, 0.01825631596148014, 0.026757152751088142, -0.0030757924541831017, -0.024619141593575478, 0.014389971271157265, -0.00566509086638689, -0.017500970512628555, 0.005255412310361862, -0.008744084276258945, -0.003434261539950967, 0.015196526423096657, -0.031109992414712906, -0.004743313416838646, 0.027960585430264473, 0.009384207427501678, 0.011938299052417278, -0.007047757506370544, 0.017257723957300186, 0.005143390502780676, -0.008968126960098743, 0.0097426762804389, 0.019344525411725044, 0.00929458998143673, 0.045269519090652466, -0.021264895796775818, 0.007835108786821365, -0.01296249683946371, 0.054128825664520264, 0.028344659134745598, 0.00033126381458714604, -0.002707721432670951, 0.007470238953828812, -0.008398417383432388, -0.01720651425421238, -0.006894127931445837, -0.008904115296900272, -0.005108183715492487, -0.015721427276730537, 0.021162476390600204, -0.028267843648791313, 0.006292412057518959, 0.016451168805360794, 0.01687365025281906, -0.005629884544759989, -0.0133145647123456, 0.004845733288675547, -0.012565620243549347, -0.01491487305611372, 0.016156712546944618, -0.015106909908354282, -0.009505830705165863, -0.02564333938062191, 0.0026965192519128323, -0.0049161468632519245, 0.01976700685918331, 0.018640389665961266, -0.03262068331241608, -0.019382933154702187, 0.0050793783739209175, -0.0006933335098437965, 0.05510181188583374, 0.0304698683321476, 0.014133921824395657, 0.02016388438642025, -0.006785307079553604, 0.014594811014831066, -0.012636033818125725, 0.02711562253534794, 0.007066960912197828, -0.035539645701646805, 0.02176419086754322, 0.017718613147735596, -0.004509668331593275, -0.019779808819293976, 0.005789915099740028, -0.0038407398387789726, 0.022647561505436897, 0.02025349996984005, 0.002293241675943136, 0.0018595581641420722, 0.002664513187482953, 0.029573695734143257, 0.0019123683450743556, -0.017808230593800545, 0.008763288147747517, 0.003536681178957224, -0.009025738574564457, 0.021277697756886482, 0.018883636221289635, -0.0024196659214794636, -0.01376265101134777, 0.01705288514494896, -0.00843682512640953, -0.007700683083385229, -0.005399439949542284, 0.028984783217310905, -0.022801190614700317, -0.005690696183592081, 0.009640256874263287, -0.01834593340754509, 0.004055181052535772, 0.04160801321268082, -0.002736527007073164, 0.017782624810934067, -0.00037427208735607564, 0.001629113801755011, -0.03536041080951691, 0.006196393631398678, -0.037203963845968246, -0.008238386362791061, -0.036589447408914566, 0.021648969501256943, 0.01573423109948635, 0.030111398547887802, -0.008014343678951263, -0.007630269508808851, 0.0017587387701496482, -0.01637435331940651, 0.01742415502667427, 0.00798873882740736, 0.012341576628386974, 0.003266229061409831, -0.015388564206659794, -0.02726925164461136, -0.6489313840866089, 0.0075278496369719505, -0.027192438021302223, 0.013903478160500526, 0.012456798925995827, 0.00041327960207127035, 0.005716301035135984, 0.03495073318481445, -0.010152355767786503, 0.00849443580955267, 0.013404181227087975, 0.021418524906039238, -0.006785307079553604, -0.014876465313136578, -0.011855083517730236, -0.01782103255391121, 0.005677893757820129, 0.00734861521050334, -0.004183205775916576, 0.008033547550439835, -0.01339137926697731, 0.012315971776843071, 0.011042126454412937, -0.010766874067485332, 0.001798746408894658, -0.0008425622945651412, 0.028370264917612076, -0.0020836011972278357, -0.005786714609712362, -0.0005629084189422429, -0.016118304803967476, 0.00834080670028925, 0.010248374193906784, -0.0004476862377487123, 0.052899789065122604, 0.006330819334834814, -0.019997451454401016, 0.017923451960086823, 0.0014706832589581609, 0.011522219516336918, 0.01785944029688835, -0.012642434798181057, 0.007438232656568289, -0.0036262983921915293, -0.025681747123599052, -0.0126808425411582, 0.0015322951367124915, 0.009749077260494232, -0.0037767274770885706, 0.005709899589419365, -0.005204202141612768, 0.005623483099043369, -0.007828707806766033, 0.027576511725783348, 0.00029945766436867416, -0.001632314408197999, 0.023774178698658943, -0.03136604279279709, -0.018486760556697845, -0.01163744181394577, 0.0013586616842076182, -0.005825121887028217, -0.0011226162314414978, -0.012226354330778122, 0.02253234013915062, 0.04386124759912491, -0.04217132180929184, -0.004861736204475164, 0.028114214539527893, 0.009166565723717213, -0.01606709510087967, 0.017552180215716362, -0.004976958502084017, -0.013148132711648941, 0.00791192427277565, -0.007316609378904104, 0.013148132711648941, 0.006375628057867289, -0.016207922250032425, -0.01597747765481472, -0.04007171839475632, -0.005389838013797998, -0.018537970259785652, 0.009268985129892826, -0.006638078484684229, 0.013058515265583992, -0.035386014729738235, 0.022647561505436897, 0.017526576295495033, -0.0003128602693323046, 0.023262079805135727, 0.021188080310821533, 0.00992831215262413, -0.010197163559496403, -0.010773275047540665, 0.0021476135589182377, -0.014633218757808208, -0.0044744620099663734, 0.028575103729963303, 4.4483567762654275e-05, 0.011227762326598167, 0.02274998091161251, -0.004618489649146795, 0.002894957549870014, 0.013340169563889503, 0.007847911678254604, -0.02939446084201336, 0.00561708165332675, 0.03728077933192253, -0.02601461112499237, -0.0026965192519128323, -0.005789915099740028, -0.003895150264725089, 0.0013778653228655457, -0.016771230846643448, -0.028242239728569984, 0.0005136989639140666, 0.011823076754808426, 0.011170151643455029, -0.03425939753651619, -0.002832545433193445, 0.01801306940615177, -0.015286143869161606, -0.0017443359829485416, 0.0022580348886549473, 0.02277558669447899, 0.003559085540473461, -0.0074894423596560955, -0.014069910161197186, -0.010683657601475716, -0.019280513748526573, 0.021994635462760925, 0.02573295682668686, 0.007950331084430218, 0.029189622029662132, 0.025016017258167267, -0.01371144037693739, 0.005012165289372206, -0.021444130688905716, -0.007182183209806681, 0.016566390171647072, 0.0005837124190293252, 0.024913597851991653, 0.012059922330081463, 0.013493798673152924, -0.022097056731581688, -0.025604931637644768, -0.008059152401983738, -0.022365907207131386, 0.010472416877746582, 0.006670084781944752, -0.004375242628157139, 0.01610550284385681, 0.009883503429591656, -0.004704906139522791, 0.013596219010651112, -0.018832426518201828, -0.01659199595451355, 0.0039111534133553505, -0.020739994943141937, 0.01764179766178131, 0.04798364266753197, -0.03543722629547119, -0.00447126105427742, 0.000583312357775867, -0.001800346770323813, 0.013826662674546242, -0.022429920732975006, 0.008443226106464863, -0.009262584149837494, 0.0023492525797337294, -0.018025871366262436, 0.02299322932958603, 0.013455391861498356, 0.0009185769013129175, -0.006186791695654392, -0.016054291278123856, -0.007406226359307766, -0.011042126454412937, 0.014978884719312191, 0.006689288187772036, -0.012111132964491844, -0.015657415613532066, -0.02001025341451168, 0.03817695379257202, -0.0012986501678824425, 0.0005789115093648434, 0.013813860714435577, 0.00018143493798561394, 0.030981967225670815, 0.023505326360464096, -0.000682531448546797, 0.013519403524696827, 0.012706447392702103, -0.009691466577351093, 0.008699275553226471, 0.00795673206448555, 0.01446678675711155, -0.018294723704457283, 0.011592633090913296, -0.004634492564946413, 0.014351564459502697, 8.166572661139071e-05, 0.001837153802625835, -0.0041511994786560535, -0.02529767155647278, 0.004548076074570417, -0.016540786251425743, 0.023530932143330574, 0.02437589503824711, 0.0002818542707245797, -0.014313156716525555, -0.019626179710030556, -0.02472156099975109, 0.00041968084406107664, 0.014402774162590504, 0.001168224960565567, -0.006013958249241114, -0.0009233778691850603, 0.01171425636857748, -0.0056074801832437515, -0.006254004314541817, 0.010088343173265457, 0.013749848119914532, -0.021751388907432556, -0.008731281384825706, 0.0053162239491939545, -0.006545260548591614, -0.0043112304992973804, -0.024516722187399864, 0.004138397052884102, 0.030188214033842087, -0.007374220062047243, 0.01453079842031002, -0.01924210600554943, 0.004647294990718365, -0.005473054014146328, -0.020279105752706528, 0.02456793189048767, -0.0016363151371479034, -0.010241972282528877, 0.03072591871023178, 0.02044553868472576, 0.027141228318214417, 0.013186539523303509, 0.0009129758109338582, 0.049187071621418, -0.0036262983921915293, -0.012098330073058605, -0.0014018700458109379, -0.0076878806576132774, -0.00035626860335469246, 0.004131995607167482, 0.012047120369970798, 0.001933172345161438, -0.009076948277652264, 0.020330315455794334, 0.012264762073755264, 0.042222533375024796, 0.008859306573867798, 0.002707721432670951, -0.0097426762804389, -0.009243380278348923, -0.0026885177940130234, 0.0166816134005785, -0.010901299305260181, -0.004653696436434984, -0.011522219516336918, -0.006039563100785017, -0.005473054014146328, -0.013237749226391315, -0.02268596924841404, -0.004218412563204765, -0.03395213931798935, -0.0143771693110466, 0.003597492817789316, -0.019370131194591522, -0.00010206965816905722, 0.015490983612835407, -0.01874280907213688, -0.008027145639061928, -0.025873783975839615, 0.02080400660634041, 0.023402906954288483, 0.0046248906292021275, -0.0017523375572636724, 0.018307525664567947, -0.003975165542215109, -0.018704403191804886, 0.030367448925971985, -0.009448220022022724, 0.033081572502851486, -0.010062738321721554, 0.01637435331940651, -0.022058648988604546, -0.010254775173962116, 0.013148132711648941, -0.016143908724188805, 0.014799650758504868, 0.0008553647203370929, 0.020125476643443108, 0.0037767274770885706, -0.011214960366487503, 0.006503652781248093, 0.047241099178791046, 0.015785440802574158, -0.00780310295522213, -0.01600308157503605, 0.004522471223026514, 0.016758427023887634, -0.014825255610048771, -0.007380621507763863, -0.015324551612138748, -0.0017251322278752923, -0.00601715873926878, 0.0015963074984028935, -0.03512996435165405, 0.0027445286978036165, -0.0030453866347670555, -0.013442588970065117, -0.015683021396398544, -0.012456798925995827, -0.005021767225116491, -0.02132890745997429, 0.1466650515794754, 0.018986057490110397, 0.025758560746908188, -0.007118171080946922, 0.020739994943141937, 0.003074191976338625, -0.023159660398960114, -0.001501089078374207, -0.005044171586632729, -0.005706699099391699, -0.004973758012056351, -0.023505326360464096, 0.013199342414736748, -0.0016347148921340704, 0.013570614159107208, -0.0001995384373003617, 0.005431446246802807, -0.02422226592898369, 0.04235055670142174, -0.004448856692761183, 0.011797471903264523, -0.007387022953480482, -0.0027173233684152365, 0.016950463876128197, 0.006567664910107851, -0.005962748546153307, 0.0028485485818237066, 0.014825255610048771, 0.006874924059957266, -0.015939069911837578, 0.006951739080250263, -0.008456028997898102, -0.019754204899072647, -0.002133210888132453, 0.008321602828800678, -0.006308414973318577, 0.015183724462985992, 0.003834338393062353, 0.004189606755971909, -0.012719249352812767, 0.044962260872125626, 0.00921777542680502, 0.0028901565819978714, -0.030930757522583008, -0.007316609378904104, -0.018461154773831367, 0.002902959007769823, 0.03466907888650894, 0.004503267351537943, -0.00840481836348772, 0.052003614604473114, -0.0013290559872984886, -0.009339398704469204, -0.01924210600554943, -0.009000133723020554, -0.0037159156054258347, 0.04201769083738327, 0.015567798167467117, -0.0026101027615368366, 0.012059922330081463, -0.008852904662489891, -0.02292921580374241, -0.01825631596148014, -0.011592633090913296, 0.0012026316253468394, -0.020983241498470306, -0.0360773466527462, -0.015286143869161606, -0.01188068836927414, -0.03413137421011925, 0.0024820780381560326, 0.003703113179653883, -0.012399188242852688, 0.012437595054507256, 0.014850860461592674, 0.002293241675943136, 0.008295997977256775, 0.0029877754859626293, 0.029445670545101166, -0.012520811520516872, 0.010766874067485332, -0.012271163053810596, -0.0014330759877339005, -0.021776994690299034, -0.0038823478389531374, 0.011483811773359776, -0.00806555338203907, -0.009179367683827877, -8.106561290333048e-05, -0.021405722945928574, -0.006958140060305595, 0.010965311899781227, 0.006695689633488655, -0.017872242256999016, -0.013852267526090145, 0.006173989269882441, 0.010152355767786503, 0.003600693540647626, -0.020215094089508057, 0.011938299052417278, -0.0007493442972190678, 0.0022212278563529253, -0.0030037786345928907, 0.01160543505102396, 0.0039879679679870605, -0.0009737875661812723, -0.01371144037693739, -0.0018963651964440942, -0.0037159156054258347, -0.006580467335879803, 0.026296265423297882, -0.03577008843421936, 0.01687365025281906, -0.016937661916017532, 0.011675848625600338, 0.035411618649959564, 0.001003393204882741, 0.0054282452911138535, 0.01920369826257229, -0.007515047211199999, -0.0029397662729024887, -0.024619141593575478, 0.02084241434931755, 0.03822816163301468, -0.01939573511481285, -0.00043768429895862937, -0.033568065613508224, -0.02382538840174675, -0.013903478160500526, -0.013532206416130066, 0.00647164648398757, 0.026398684829473495, -5.4960586567176506e-05, -0.00048569354112260044, -0.031596485525369644, -0.024004623293876648, -0.010530028492212296, 0.017808230593800545, -0.0047913226298987865, -0.02452952414751053, 0.009512231685221195, -0.009281788021326065, -0.006881325505673885, -0.03441302850842476, -0.008852904662489891, -0.041172731667757034, -0.0074894423596560955, -0.008673670701682568, -0.007739090360701084, 0.01491487305611372, -0.0023524530697613955, -0.007822306826710701, -0.011362188495695591, 0.02650110423564911, -0.012572021223604679, -0.027371671050786972, 0.005892334971576929, -0.02296762354671955, 0.010325188748538494, 0.01286647841334343, 0.034643471240997314, -0.016860848292708397, 0.0004652896022889763, -0.003568687243387103, 0.005136989522725344, -0.004080785904079676, 0.015990279614925385, 0.004301628563553095, -0.014146724715828896, 0.02121368609368801, 0.0139930946752429, 0.0010898099280893803, 0.01133018173277378, 0.0018579578027129173, 0.015964675694704056, -0.003133403602987528, 0.003696711966767907, -0.026859574019908905, -0.004170403350144625, -0.008430424146354198, -0.0266291294246912, -0.02533607929944992, 0.005265014246106148, 0.0018531569512560964, -0.011887089349329472, -0.029624905437231064, -0.001600308227352798, 0.015350156463682652, 0.0023892601020634174, -0.019997451454401016, 0.007860713638365269, -0.009934713132679462, 0.018819624558091164, -0.012584824115037918, -0.00905134342610836, -0.019293315708637238, -0.0021812201011925936, 0.020739994943141937, 0.0037063139025121927, -0.0023844591341912746, 0.0013354572001844645, 0.008596856147050858, -0.021648969501256943, -0.004019974265247583, -0.002041993197053671, 0.035565249621868134, -0.01733453944325447, -0.001617111498489976, 0.030930757522583008, -0.018486760556697845, -0.018601981922984123, -0.040865469723939896, -0.014774045906960964, -0.023966215550899506, 0.0064460416324436665, -0.00069253338733688, -0.0054442486725747585, -0.004183205775916576, -0.0032838324550539255, -0.0308795478194952, -0.0013922681100666523, 0.010600442066788673, 0.011054929345846176, -0.014236342161893845, -0.0025444901548326015, 0.007559855934232473, -0.02170017920434475, -0.02090642601251602, 0.018077081069350243, 0.025720153003931046, 0.017385749146342278, 0.015286143869161606, 0.03374730050563812, 0.030316239222884178, -0.013288959860801697, 0.01893484592437744, 0.02726925164461136, -0.008577652275562286, -0.03546283021569252, 0.0012930490775033832, -0.0006057166610844433, -0.01672002114355564, -0.004324032925069332, -0.01856357604265213, 0.007707084529101849, 0.002856550272554159, -0.012232756242156029, 0.007182183209806681, -0.016848044469952583, -0.024427104741334915, -0.01643836684525013, 0.007502244785428047, -0.03103317692875862, -0.0027781350072473288, 0.004282424692064524, -0.0122967679053545, 0.019843822345137596, -0.015567798167467117, 0.026219449937343597, 0.021200884133577347, -0.02268596924841404, 0.005860328674316406, 0.009307392872869968, 0.0041511994786560535, -0.023863796144723892, -0.013173737563192844, -0.016015885397791862, 0.007399825379252434, -0.010722065344452858, 0.016169514507055283, 0.0016483174404129386, -0.026705943048000336, 0.025220857933163643, 0.01643836684525013, 0.016604797914624214, 0.00836001057177782, -0.01711689680814743, -0.005821921397000551, -0.036615051329135895, -0.001830752589739859, 0.002333249431103468, 0.01354500837624073, 0.006298813037574291, -0.019408538937568665, -0.0032134188804775476, -0.003136604093015194, -0.0347202867269516, -0.013090521097183228, 0.004218412563204765, 0.012213552370667458, -0.011490212753415108, -0.011765466071665287, 0.0035206780303269625, -0.01785944029688835, -0.004807326011359692, 0.026885177940130234, -0.0005036970251239836, 0.023287685588002205, -0.026142634451389313, 0.018371539190411568, -0.012584824115037918, 0.01184868160635233, -0.024017425253987312, -0.025220857933163643, 0.017987463623285294, -0.029317647218704224, 0.013596219010651112, -0.019984649494290352, -0.026053017005324364, -0.02379978448152542, -0.010197163559496403, 0.005207403097301722, 0.028728732839226723, -0.020419932901859283, 0.002427667612209916, -0.022788388654589653, 0.02345411665737629, -0.03344004228711128, -0.0012098329607397318, 0.04188966751098633, -0.00474011292681098, -0.027781350538134575, 0.023262079805135727, -0.0011426201090216637, 0.010139552876353264, 0.03305596485733986, 0.0020195890683680773, 0.01251441054046154, -0.018601981922984123, 0.001249040593393147, 0.023249277845025063, 0.03500194102525711, -0.0013114525936543941, -0.011483811773359776, -0.017833834514021873, 0.01588786020874977, -0.023006031289696693, 0.0062091960571706295, -0.0022180271334946156, -0.025720153003931046, 0.008001540787518024, -0.0023092448245733976, -0.004157600924372673, 0.015657415613532066, 0.0039495606906712055, -0.03469468280673027, -0.02564333938062191, 0.008199979551136494, 0.014441180974245071, -0.011093336157500744, -0.04716428369283676, 0.026603523641824722, 0.019011661410331726, 0.02939446084201336, -0.019280513748526573, 0.025451302528381348, -0.02610422857105732, 0.014505193568766117, 0.027294857427477837, -0.004189606755971909, 0.012431194074451923, -0.007233393378555775, 0.00806555338203907, 0.0207527969032526, -0.006039563100785017, 0.022276289761066437, -0.01567021757364273, -0.010952509008347988, 0.006593269761651754, -0.013365774415433407, 0.009384207427501678, 0.014185132458806038, -0.01091410219669342, -0.03546283021569252, -0.00912815798074007, 0.013250552117824554, 0.018730007112026215, 0.013416984118521214, -0.020944833755493164, 0.0013418584130704403, -0.008897713385522366, -0.005124187096953392, -0.005604279227554798, 0.010677256621420383, 0.015183724462985992, -0.01878121681511402, -0.008910516276955605, 0.00024864787701517344, 0.00843682512640953, -0.010402003303170204, 0.0035206780303269625, -0.03244144842028618, -0.01179107092320919, -0.008347207680344582, -0.008500837720930576, -0.014338761568069458, -0.013737046159803867, -0.020522352308034897, -0.011983107775449753, 0.044066086411476135, -0.01661759987473488, -0.0014042704133316875, -0.000714537629391998, -0.0006741298129782081, -0.012616829946637154, -0.010133151896297932, -0.00851363968104124, 0.01884523034095764, -0.0347202867269516, -0.01575983501970768, 0.02755090594291687, -0.02665473334491253, 0.012924089096486568, -0.010690058581531048, 0.014338761568069458, -0.004976958502084017, -0.012021515518426895, -0.02557932585477829, 0.02056076005101204, 0.005463452078402042, -0.006535658612847328, -0.0012234356254339218, 0.004442455712705851, 0.0018099485896527767, -0.021418524906039238, -0.01355781126767397, -0.004976958502084017, -0.011861484497785568, 0.004781721159815788, 0.006305214483290911, -0.031750116497278214, -0.03377290442585945, 0.0018211507704108953, 0.00030665905796922743, 0.009121757000684738, 0.015990279614925385, 0.2292153537273407, 0.014710033312439919, -0.0008697675075381994, 0.026757152751088142, -0.035872507840394974, 0.013685835525393486, 0.012047120369970798, 0.02785816602408886, -0.024759968742728233, 0.0050633749924600124, -0.015567798167467117, 0.0011474209604784846, 0.011919095180928707, 0.010369997471570969, 0.015055699273943901, 0.010530028492212296, -0.027064412832260132, -0.03367048501968384, -0.014684428460896015, -0.04401487857103348, 0.006455643568187952, -0.005908337887376547, 0.006013958249241114, -0.009697867557406425, 0.025592129677534103, 0.019690193235874176, -0.015939069911837578, 0.023838190361857414, 0.03262068331241608, 0.0007717486587353051, -0.01757778599858284, -0.005322624929249287, -0.02665473334491253, -0.0071245720610022545, 0.004829730372875929, 0.00019523760420270264, -0.023018833249807358, -0.009320194832980633, -0.007022152654826641, 0.002456473186612129, -0.020202290266752243, 0.003335042390972376, 0.037511225789785385, -0.01445398386567831, -0.01702727936208248, 0.02597620338201523, 0.024926401674747467, -0.017590587958693504, 0.015542193315923214, 0.0021476135589182377, -0.008270393125712872, -0.029752930626273155, 0.004122394137084484, 0.02752530202269554, -0.0026549112517386675, -0.0016251129563897848, 0.015747033059597015, 0.007495843805372715, -0.01197670679539442, 0.020880822092294693, 0.018153896555304527, 0.017654599621891975, -0.004548076074570417, 0.010888497345149517, -0.007892720401287079, 0.024555129930377007, -0.029292041435837746, 0.01221995335072279, 0.01696326769888401, -0.02610422857105732, -0.0009273785981349647, -0.023198068141937256, 0.006308414973318577, -0.01355781126767397, -0.004666498862206936, -0.02441430278122425, 0.02939446084201336, 0.02231469750404358, 0.024836784228682518, 0.002192422281950712, 0.0031814128160476685, 0.01779542677104473, 0.005831523332744837, 0.007291004061698914, 0.017001675441861153, -0.03228781744837761, 0.02632186934351921, -0.007854312658309937, -0.018320327624678612, 0.013365774415433407, 0.037972114980220795, -0.006497251335531473, -0.018141094595193863, -0.004944952204823494, 0.006292412057518959, 0.0023460518568754196, -0.03277431055903435, 0.022417116910219193, -0.02564333938062191, 0.014018700458109379, -0.004455258138477802, 0.039508409798145294, 0.00651965569704771, -0.006023560184985399, -0.011720657348632812, 0.0037831286899745464, -0.00029925763374194503, 0.008084757253527641, 0.01446678675711155, -0.0012210351414978504, -0.04089107736945152, -0.010645249858498573, 0.005991553887724876, -0.0005241009639576077, 0.01134298462420702, 0.020983241498470306, -0.007854312658309937, -0.03771606460213661, 0.029035992920398712, -0.02086801826953888, -0.009544238448143005, -0.02847268432378769, 0.010555633343756199, 0.0007225391454994678, 0.001282647019252181, 0.00843682512640953, 0.005210603587329388, 0.01588786020874977, 0.006500451825559139, -0.03533480688929558, 0.018973253667354584, -0.013416984118521214, -0.012290366925299168, 0.03671747073531151, -0.028831152245402336, 0.003530279966071248, 0.011144546791911125, -0.001801947015337646, -0.007515047211199999, 0.010901299305260181, 0.003837539115920663, 0.008763288147747517, 0.015939069911837578, -0.03041865862905979, -0.0008761687786318362, -0.00860325712710619, 0.03961082920432091, 0.010088343173265457, -0.03134043514728546, 0.0038215359672904015, -0.02167457528412342, 0.022545142099261284, 0.017232118174433708, 0.004205610137432814, 0.013826662674546242, 0.010549231432378292, -0.01683524250984192, -0.016694415360689163, -0.050134457647800446, 0.009678663685917854, -0.04201769083738327, -0.008199979551136494, 0.012271163053810596, -0.0091089541092515, -0.0038567427545785904, 0.004839331842958927, -0.15987719595432281, 0.031289227306842804, 0.007291004061698914, 0.004106390755623579, 0.031161202117800713, 0.006487649399787188, 0.00998592283576727, -0.012424793094396591, -0.032364632934331894, 0.006881325505673885, 0.019651785492897034, -0.021444130688905716, -0.02090642601251602, 0.0281654242426157, 0.0022532339207828045, 0.0026213049422949553, -0.02106005698442459, 0.001990783493965864, -0.016694415360689163, 0.009595448151230812, 0.018422748893499374, -0.020266303792595863, 0.01115734875202179, -0.03804892674088478, 0.023249277845025063, 0.038612235337495804, -0.0018723605899140239, 0.011931898072361946, -0.009006534703075886, 0.012719249352812767, 0.003917554393410683, 0.009461021982133389, 0.024836784228682518, 0.0014106717426329851, 0.015836650505661964, 0.016732823103666306, 0.0021524145267903805, -0.00641723582521081, -0.0028853556141257286, 0.03223660960793495, 0.030393052846193314, 0.033388830721378326, 0.009505830705165863, -0.0023812586441636086, -0.00319421524181962, 0.020138278603553772, 0.007207788061350584, 0.013109724968671799, 0.025681747123599052, 0.0026149037294089794, 0.003898350754752755, -0.038561027497053146, -0.016425563022494316, -0.002805340336635709, 0.0007801502360962331, 0.0015082905301824212, 0.008334404788911343, 0.013596219010651112, 0.0022484329529106617, -0.002707721432670951, 0.014786847867071629, -0.014415576122701168, 0.011170151643455029, 0.004804125055670738, -0.013685835525393486, 0.0216105617582798, 0.019831020385026932, -0.027013203129172325, -0.010722065344452858, -0.025540919974446297, -0.012469601817429066, -0.02102164924144745, -0.021969031542539597, -0.015747033059597015, 0.018448352813720703, 0.008084757253527641, -0.015337353572249413, 0.028242239728569984, -0.028370264917612076, -0.013237749226391315, 0.024887993931770325, 0.01788504421710968, -0.012437595054507256, -0.03638460859656334, -0.015094107016921043, 0.014325959607958794, -0.020458340644836426, -0.011874287389218807, 0.02665473334491253, -0.02472156099975109, 0.017193712294101715, -0.03239023685455322, 3.153107172693126e-05, -0.004298428073525429, 0.016246328130364418, -0.0006749299936927855, 0.01628473587334156, 0.0194853525608778, 0.011291774921119213, -0.020087068900465965, -0.0004296827537473291, -0.0209320317953825, -0.03605174273252487, 0.0007233393262140453, 0.002269237069413066, 0.001270644715987146, -0.005361032672226429, 0.019062871113419533, 0.029189622029662132, 0.004967356566339731, -0.01683524250984192, -0.010824484750628471, 0.000300057785352692, 0.02071438916027546, 0.00367430760525167, 0.01779542677104473, 0.010056336410343647, -0.02281399443745613, 0.010459614917635918, -0.013416984118521214, 0.05210603401064873, 0.01992063596844673, 0.003335042390972376, -0.004548076074570417, -0.015017292462289333, 0.02259635180234909, -0.11030604690313339, -0.007130973506718874, 0.006785307079553604, 0.03515557199716568, -0.001963578164577484, -0.001990783493965864, -0.007258998230099678, 0.020547958090901375, -0.04503907635807991, 0.016054291278123856, -0.017564982175827026, -0.020087068900465965, -0.0031750116031616926, -0.014492391608655453, 0.014761243015527725, 0.014556403271853924, -0.020151080563664436, -0.009429016150534153, -0.013877873308956623, 0.0031974157318472862, -0.009659460745751858, -0.008456028997898102, -0.014031502418220043, 0.00037307184538803995, 0.004813726991415024, -0.01680963672697544, 0.004909745417535305, 0.03305596485733986, 0.022122660651803017, 0.003357446752488613, -0.007700683083385229, -0.00707976333796978, 0.0011426201090216637, -0.0027861366979777813, 0.016207922250032425, 0.01264883577823639, -0.0159134641289711, -0.011374990455806255, 0.010248374193906784, -0.027627721428871155, 0.007604664657264948, 0.019280513748526573, -0.007169380784034729, -0.03228781744837761, -0.0015883059240877628, -0.0047881221398711205, -0.00014992887736298144, 0.00034686681465245783, 0.027730140835046768, -0.008052751421928406, 0.013609020970761776, 0.004890542011708021, -0.0064844489097595215, 0.006695689633488655, -0.011074133217334747, -0.00834080670028925, 0.01604148931801319, 0.02318526618182659, -0.039047520607709885, -0.00263570761308074, 0.021687377244234085, -0.015209329314529896, 0.001936372951604426, -0.01935732737183571, -0.008116763085126877, -0.0111893555149436, -0.018947649747133255, 0.005015365779399872, -0.003699912689626217, -0.020663179457187653, -0.007995139807462692, -0.021661771461367607, -0.013109724968671799, 0.032339029014110565, -0.004634492564946413, -0.01711689680814743, -0.019651785492897034, -0.014441180974245071, -0.007393423933535814, -0.01569582335650921, -0.00745743652805686, 0.013673033565282822, 0.02982974611222744, -0.0052810171619057655, 0.02982974611222744, 0.025604931637644768, 0.0046248906292021275, 0.015388564206659794, -0.006330819334834814, -8.048425002016302e-07, -0.019306117668747902, 0.009320194832980633, 0.014838057570159435, -0.051670752465724945, -0.008001540787518024, 0.021072858944535255, -0.012770459987223148, -0.0020755997393280268, -0.011669447645545006, -0.003632699605077505, -0.01573423109948635, -0.0006393231451511383, -0.045730408281087875, 0.013506601564586163, -0.0173601433634758, -0.0017763421637937427, 0.016335945576429367, -0.009953917004168034, 0.02099604345858097, -0.02292921580374241, -0.03062349744141102, 0.01963898167014122, -0.018858032301068306, 0.03244144842028618, 0.006167587824165821, -0.0022228281013667583, -0.021200884133577347, 0.0033254404552280903, 0.02665473334491253, -0.006580467335879803, 0.023850994184613228, 0.019664587453007698, -0.013327366672456264, -0.0034118571784347296, 0.0005881132674403489, 0.022327499464154243, -0.011125342920422554, 0.012194348499178886, -0.022276289761066437, 0.006314816419035196, -0.006305214483290911, -0.0017459362279623747, 0.01788504421710968, -0.005722702015191317, -0.009275386109948158, 0.015273341909050941, 0.01782103255391121, 0.003767125541344285, -0.012636033818125725, 0.008219183422625065, 0.00977468304336071, 0.049545541405677795, 0.0008037547813728452, -0.037972114980220795, 0.016515180468559265, -0.02632186934351921, 0.0024468712508678436, 0.01856357604265213, 0.002363655250519514, 0.04442455619573593, 0.012155941687524319, -0.00250128167681396, -0.002768533304333687, 0.02426067180931568, 0.004944952204823494, -0.023313289508223534, -0.004743313416838646, -0.037229571491479874, 0.004839331842958927, 0.0029205624014139175, -0.007495843805372715, -0.015554996207356453, 0.012597626075148582, 0.00367430760525167, -0.011272571049630642, 0.01346819382160902, 0.013788255862891674, -0.018819624558091164, -0.0028901565819978714, -0.00920497253537178, 0.011855083517730236, -0.04060942307114601, -0.016233526170253754, -0.006542060058563948, -0.0003354646032676101, -0.006503652781248093, -0.013416984118521214, -0.0060075572691857815, 0.003895150264725089, 0.009998725727200508, -0.012354379519820213, -0.012712848372757435, 0.007969534955918789, -0.015465378761291504, 0.007495843805372715, 0.020112672820687294, 0.01376265101134777, 0.04191527143120766, 0.01613110676407814, 0.0023940610699355602, 0.011471008881926537, 0.013416984118521214, 0.013532206416130066, 0.020944833755493164, -0.0008465630235150456, 0.006314816419035196, 0.003331841668114066, 0.00033106375485658646, -0.0024516722187399864, 0.028805548325181007, -0.01619511842727661, 0.003043786156922579, 0.0101715587079525, 0.011944700963795185, -0.016297539696097374, -0.006218797527253628, -0.010504422709345818, 0.008001540787518024, -0.032185398042201996, -0.038561027497053146, -0.009889904409646988, -0.0012290367158129811, 0.010549231432378292, 0.027064412832260132, 0.013493798673152924, 0.028831152245402336, -0.019370131194591522, 0.02548970840871334, 0.010946108028292656, -0.026449894532561302, 0.0013034510193392634, 0.01810268685221672, -0.00025004814960993826, 0.010363596491515636, 0.01779542677104473, -0.02266036346554756, 0.02410704270005226, 0.007476639933884144, 0.01665600761771202, -0.01371144037693739, -0.028037400916218758, -0.005748307332396507, 0.02406863495707512, -0.0013082519872114062, -0.021200884133577347, -0.00966586172580719, -0.021648969501256943, 0.01970299519598484, 0.0009657859918661416, 0.011471008881926537, -0.029292041435837746, -0.0030613895505666733, 0.010798879899084568, -0.013570614159107208, 0.007387022953480482, 0.01100371964275837, 0.02998337522149086, -0.003002178156748414, 0.014351564459502697, 0.0007633470231667161, 0.004122394137084484, 0.024478314444422722, 0.0005653089028783143, 0.0111893555149436, -0.02336449921131134, -0.013301761820912361, -0.01275765709578991, -0.005168995354324579, 0.0331839919090271, 0.010305984877049923, -0.005306622013449669, 0.00473371148109436, -0.025438498705625534, 0.026526708155870438, -0.002126809675246477, -0.0039495606906712055, 0.0024580734316259623, 0.0122519601136446, -0.000332063966197893, -0.023774178698658943, -0.038304977118968964, 0.03420818969607353, 0.023351697251200676, -0.03912433609366417, -0.008257590234279633, 0.029880955815315247, -0.0007857513264752924, -0.001185028231702745, 0.016758427023887634, -0.0029221628792583942, -0.011150947771966457, -0.009896306321024895, 0.014389971271157265, -0.0374344103038311, -0.014300353825092316, 0.009902707301080227, -0.024183858186006546, -0.020176686346530914, -0.0005965149030089378, 0.0024548727087676525]"
U69950,N34947 N11282 N21771 N18881 N32545 N9172 N35802 N32421 N2083 N26642 N65123 N6233 N28296 N60050 N20649 N51706 N27377 N21087 N16304 N38298 N18094 N10347 N12194 N61388 N58090 N40692 N43391 N5905 N31801 N8200 N2309 N43142 N27468 N9674 N4717 N48715 N18360 N46846 N39798 N20575 N43195,"[-0.022429920732975006, -0.028805548325181007, 0.02130330353975296, -0.0034214588813483715, -0.034925125539302826, 0.008500837720930576, -0.006798109505325556, 0.0062091960571706295, -0.021802598610520363, -0.010030731558799744, 0.03297915309667587, 0.01454360131174326, -0.010369997471570969, -0.011752663180232048, 0.00016883251373656094, -0.006455643568187952, 0.02634747512638569, -0.03364488109946251, -0.005879532545804977, -0.023748574778437614, -0.0024900794960558414, 0.009057744406163692, -0.021661771461367607, 0.0077198869548738, -0.01180387381464243, 0.00471130758523941, 0.010498021729290485, -0.02360774762928486, 0.013519403524696827, 0.0038183354772627354, -0.011663046665489674, -0.002994176698848605, -0.02194342575967312, 0.0019107679836452007, -0.025438498705625534, -0.03730638697743416, -0.002970172092318535, -0.0112341633066535, 0.0015242935623973608, 0.009704269468784332, 0.013890675269067287, -0.014402774162590504, -0.008052751421928406, -0.01785944029688835, -0.022148266434669495, 0.0035910916049033403, -0.002738127252086997, -0.010363596491515636, -0.01733453944325447, -0.003331841668114066, 0.02770453505218029, 0.015260539017617702, -0.018537970259785652, -0.00010482018842594698, -0.003331841668114066, -0.015030094422399998, -0.015132514759898186, 0.0076174670830369, -0.0021588157396763563, -0.008628861978650093, 0.012968897819519043, 0.010305984877049923, -0.017385749146342278, -0.0019395735580474138, -0.003272630274295807, -0.00420240918174386, 0.004564078990370035, 0.010472416877746582, -0.018691599369049072, -0.015196526423096657, 0.01825631596148014, 0.026757152751088142, -0.0030757924541831017, -0.024619141593575478, 0.014389971271157265, -0.00566509086638689, -0.017500970512628555, 0.005255412310361862, -0.008744084276258945, -0.003434261539950967, 0.015196526423096657, -0.031109992414712906, -0.004743313416838646, 0.027960585430264473, 0.009384207427501678, 0.011938299052417278, -0.007047757506370544, 0.017257723957300186, 0.005143390502780676, -0.008968126960098743, 0.0097426762804389, 0.019344525411725044, 0.00929458998143673, 0.045269519090652466, -0.021264895796775818, 0.007835108786821365, -0.01296249683946371, 0.054128825664520264, 0.028344659134745598, 0.00033126381458714604, -0.002707721432670951, 0.007470238953828812, -0.008398417383432388, -0.01720651425421238, -0.006894127931445837, -0.008904115296900272, -0.005108183715492487, -0.015721427276730537, 0.021162476390600204, -0.028267843648791313, 0.006292412057518959, 0.016451168805360794, 0.01687365025281906, -0.005629884544759989, -0.0133145647123456, 0.004845733288675547, -0.012565620243549347, -0.01491487305611372, 0.016156712546944618, -0.015106909908354282, -0.009505830705165863, -0.02564333938062191, 0.0026965192519128323, -0.0049161468632519245, 0.01976700685918331, 0.018640389665961266, -0.03262068331241608, -0.019382933154702187, 0.0050793783739209175, -0.0006933335098437965, 0.05510181188583374, 0.0304698683321476, 0.014133921824395657, 0.02016388438642025, -0.006785307079553604, 0.014594811014831066, -0.012636033818125725, 0.02711562253534794, 0.007066960912197828, -0.035539645701646805, 0.02176419086754322, 0.017718613147735596, -0.004509668331593275, -0.019779808819293976, 0.005789915099740028, -0.0038407398387789726, 0.022647561505436897, 0.02025349996984005, 0.002293241675943136, 0.0018595581641420722, 0.002664513187482953, 0.029573695734143257, 0.0019123683450743556, -0.017808230593800545, 0.008763288147747517, 0.003536681178957224, -0.009025738574564457, 0.021277697756886482, 0.018883636221289635, -0.0024196659214794636, -0.01376265101134777, 0.01705288514494896, -0.00843682512640953, -0.007700683083385229, -0.005399439949542284, 0.028984783217310905, -0.022801190614700317, -0.005690696183592081, 0.009640256874263287, -0.01834593340754509, 0.004055181052535772, 0.04160801321268082, -0.002736527007073164, 0.017782624810934067, -0.00037427208735607564, 0.001629113801755011, -0.03536041080951691, 0.006196393631398678, -0.037203963845968246, -0.008238386362791061, -0.036589447408914566, 0.021648969501256943, 0.01573423109948635, 0.030111398547887802, -0.008014343678951263, -0.007630269508808851, 0.0017587387701496482, -0.01637435331940651, 0.01742415502667427, 0.00798873882740736, 0.012341576628386974, 0.003266229061409831, -0.015388564206659794, -0.02726925164461136, -0.6489313840866089, 0.0075278496369719505, -0.027192438021302223, 0.013903478160500526, 0.012456798925995827, 0.00041327960207127035, 0.005716301035135984, 0.03495073318481445, -0.010152355767786503, 0.00849443580955267, 0.013404181227087975, 0.021418524906039238, -0.006785307079553604, -0.014876465313136578, -0.011855083517730236, -0.01782103255391121, 0.005677893757820129, 0.00734861521050334, -0.004183205775916576, 0.008033547550439835, -0.01339137926697731, 0.012315971776843071, 0.011042126454412937, -0.010766874067485332, 0.001798746408894658, -0.0008425622945651412, 0.028370264917612076, -0.0020836011972278357, -0.005786714609712362, -0.0005629084189422429, -0.016118304803967476, 0.00834080670028925, 0.010248374193906784, -0.0004476862377487123, 0.052899789065122604, 0.006330819334834814, -0.019997451454401016, 0.017923451960086823, 0.0014706832589581609, 0.011522219516336918, 0.01785944029688835, -0.012642434798181057, 0.007438232656568289, -0.0036262983921915293, -0.025681747123599052, -0.0126808425411582, 0.0015322951367124915, 0.009749077260494232, -0.0037767274770885706, 0.005709899589419365, -0.005204202141612768, 0.005623483099043369, -0.007828707806766033, 0.027576511725783348, 0.00029945766436867416, -0.001632314408197999, 0.023774178698658943, -0.03136604279279709, -0.018486760556697845, -0.01163744181394577, 0.0013586616842076182, -0.005825121887028217, -0.0011226162314414978, -0.012226354330778122, 0.02253234013915062, 0.04386124759912491, -0.04217132180929184, -0.004861736204475164, 0.028114214539527893, 0.009166565723717213, -0.01606709510087967, 0.017552180215716362, -0.004976958502084017, -0.013148132711648941, 0.00791192427277565, -0.007316609378904104, 0.013148132711648941, 0.006375628057867289, -0.016207922250032425, -0.01597747765481472, -0.04007171839475632, -0.005389838013797998, -0.018537970259785652, 0.009268985129892826, -0.006638078484684229, 0.013058515265583992, -0.035386014729738235, 0.022647561505436897, 0.017526576295495033, -0.0003128602693323046, 0.023262079805135727, 0.021188080310821533, 0.00992831215262413, -0.010197163559496403, -0.010773275047540665, 0.0021476135589182377, -0.014633218757808208, -0.0044744620099663734, 0.028575103729963303, 4.4483567762654275e-05, 0.011227762326598167, 0.02274998091161251, -0.004618489649146795, 0.002894957549870014, 0.013340169563889503, 0.007847911678254604, -0.02939446084201336, 0.00561708165332675, 0.03728077933192253, -0.02601461112499237, -0.0026965192519128323, -0.005789915099740028, -0.003895150264725089, 0.0013778653228655457, -0.016771230846643448, -0.028242239728569984, 0.0005136989639140666, 0.011823076754808426, 0.011170151643455029, -0.03425939753651619, -0.002832545433193445, 0.01801306940615177, -0.015286143869161606, -0.0017443359829485416, 0.0022580348886549473, 0.02277558669447899, 0.003559085540473461, -0.0074894423596560955, -0.014069910161197186, -0.010683657601475716, -0.019280513748526573, 0.021994635462760925, 0.02573295682668686, 0.007950331084430218, 0.029189622029662132, 0.025016017258167267, -0.01371144037693739, 0.005012165289372206, -0.021444130688905716, -0.007182183209806681, 0.016566390171647072, 0.0005837124190293252, 0.024913597851991653, 0.012059922330081463, 0.013493798673152924, -0.022097056731581688, -0.025604931637644768, -0.008059152401983738, -0.022365907207131386, 0.010472416877746582, 0.006670084781944752, -0.004375242628157139, 0.01610550284385681, 0.009883503429591656, -0.004704906139522791, 0.013596219010651112, -0.018832426518201828, -0.01659199595451355, 0.0039111534133553505, -0.020739994943141937, 0.01764179766178131, 0.04798364266753197, -0.03543722629547119, -0.00447126105427742, 0.000583312357775867, -0.001800346770323813, 0.013826662674546242, -0.022429920732975006, 0.008443226106464863, -0.009262584149837494, 0.0023492525797337294, -0.018025871366262436, 0.02299322932958603, 0.013455391861498356, 0.0009185769013129175, -0.006186791695654392, -0.016054291278123856, -0.007406226359307766, -0.011042126454412937, 0.014978884719312191, 0.006689288187772036, -0.012111132964491844, -0.015657415613532066, -0.02001025341451168, 0.03817695379257202, -0.0012986501678824425, 0.0005789115093648434, 0.013813860714435577, 0.00018143493798561394, 0.030981967225670815, 0.023505326360464096, -0.000682531448546797, 0.013519403524696827, 0.012706447392702103, -0.009691466577351093, 0.008699275553226471, 0.00795673206448555, 0.01446678675711155, -0.018294723704457283, 0.011592633090913296, -0.004634492564946413, 0.014351564459502697, 8.166572661139071e-05, 0.001837153802625835, -0.0041511994786560535, -0.02529767155647278, 0.004548076074570417, -0.016540786251425743, 0.023530932143330574, 0.02437589503824711, 0.0002818542707245797, -0.014313156716525555, -0.019626179710030556, -0.02472156099975109, 0.00041968084406107664, 0.014402774162590504, 0.001168224960565567, -0.006013958249241114, -0.0009233778691850603, 0.01171425636857748, -0.0056074801832437515, -0.006254004314541817, 0.010088343173265457, 0.013749848119914532, -0.021751388907432556, -0.008731281384825706, 0.0053162239491939545, -0.006545260548591614, -0.0043112304992973804, -0.024516722187399864, 0.004138397052884102, 0.030188214033842087, -0.007374220062047243, 0.01453079842031002, -0.01924210600554943, 0.004647294990718365, -0.005473054014146328, -0.020279105752706528, 0.02456793189048767, -0.0016363151371479034, -0.010241972282528877, 0.03072591871023178, 0.02044553868472576, 0.027141228318214417, 0.013186539523303509, 0.0009129758109338582, 0.049187071621418, -0.0036262983921915293, -0.012098330073058605, -0.0014018700458109379, -0.0076878806576132774, -0.00035626860335469246, 0.004131995607167482, 0.012047120369970798, 0.001933172345161438, -0.009076948277652264, 0.020330315455794334, 0.012264762073755264, 0.042222533375024796, 0.008859306573867798, 0.002707721432670951, -0.0097426762804389, -0.009243380278348923, -0.0026885177940130234, 0.0166816134005785, -0.010901299305260181, -0.004653696436434984, -0.011522219516336918, -0.006039563100785017, -0.005473054014146328, -0.013237749226391315, -0.02268596924841404, -0.004218412563204765, -0.03395213931798935, -0.0143771693110466, 0.003597492817789316, -0.019370131194591522, -0.00010206965816905722, 0.015490983612835407, -0.01874280907213688, -0.008027145639061928, -0.025873783975839615, 0.02080400660634041, 0.023402906954288483, 0.0046248906292021275, -0.0017523375572636724, 0.018307525664567947, -0.003975165542215109, -0.018704403191804886, 0.030367448925971985, -0.009448220022022724, 0.033081572502851486, -0.010062738321721554, 0.01637435331940651, -0.022058648988604546, -0.010254775173962116, 0.013148132711648941, -0.016143908724188805, 0.014799650758504868, 0.0008553647203370929, 0.020125476643443108, 0.0037767274770885706, -0.011214960366487503, 0.006503652781248093, 0.047241099178791046, 0.015785440802574158, -0.00780310295522213, -0.01600308157503605, 0.004522471223026514, 0.016758427023887634, -0.014825255610048771, -0.007380621507763863, -0.015324551612138748, -0.0017251322278752923, -0.00601715873926878, 0.0015963074984028935, -0.03512996435165405, 0.0027445286978036165, -0.0030453866347670555, -0.013442588970065117, -0.015683021396398544, -0.012456798925995827, -0.005021767225116491, -0.02132890745997429, 0.1466650515794754, 0.018986057490110397, 0.025758560746908188, -0.007118171080946922, 0.020739994943141937, 0.003074191976338625, -0.023159660398960114, -0.001501089078374207, -0.005044171586632729, -0.005706699099391699, -0.004973758012056351, -0.023505326360464096, 0.013199342414736748, -0.0016347148921340704, 0.013570614159107208, -0.0001995384373003617, 0.005431446246802807, -0.02422226592898369, 0.04235055670142174, -0.004448856692761183, 0.011797471903264523, -0.007387022953480482, -0.0027173233684152365, 0.016950463876128197, 0.006567664910107851, -0.005962748546153307, 0.0028485485818237066, 0.014825255610048771, 0.006874924059957266, -0.015939069911837578, 0.006951739080250263, -0.008456028997898102, -0.019754204899072647, -0.002133210888132453, 0.008321602828800678, -0.006308414973318577, 0.015183724462985992, 0.003834338393062353, 0.004189606755971909, -0.012719249352812767, 0.044962260872125626, 0.00921777542680502, 0.0028901565819978714, -0.030930757522583008, -0.007316609378904104, -0.018461154773831367, 0.002902959007769823, 0.03466907888650894, 0.004503267351537943, -0.00840481836348772, 0.052003614604473114, -0.0013290559872984886, -0.009339398704469204, -0.01924210600554943, -0.009000133723020554, -0.0037159156054258347, 0.04201769083738327, 0.015567798167467117, -0.0026101027615368366, 0.012059922330081463, -0.008852904662489891, -0.02292921580374241, -0.01825631596148014, -0.011592633090913296, 0.0012026316253468394, -0.020983241498470306, -0.0360773466527462, -0.015286143869161606, -0.01188068836927414, -0.03413137421011925, 0.0024820780381560326, 0.003703113179653883, -0.012399188242852688, 0.012437595054507256, 0.014850860461592674, 0.002293241675943136, 0.008295997977256775, 0.0029877754859626293, 0.029445670545101166, -0.012520811520516872, 0.010766874067485332, -0.012271163053810596, -0.0014330759877339005, -0.021776994690299034, -0.0038823478389531374, 0.011483811773359776, -0.00806555338203907, -0.009179367683827877, -8.106561290333048e-05, -0.021405722945928574, -0.006958140060305595, 0.010965311899781227, 0.006695689633488655, -0.017872242256999016, -0.013852267526090145, 0.006173989269882441, 0.010152355767786503, 0.003600693540647626, -0.020215094089508057, 0.011938299052417278, -0.0007493442972190678, 0.0022212278563529253, -0.0030037786345928907, 0.01160543505102396, 0.0039879679679870605, -0.0009737875661812723, -0.01371144037693739, -0.0018963651964440942, -0.0037159156054258347, -0.006580467335879803, 0.026296265423297882, -0.03577008843421936, 0.01687365025281906, -0.016937661916017532, 0.011675848625600338, 0.035411618649959564, 0.001003393204882741, 0.0054282452911138535, 0.01920369826257229, -0.007515047211199999, -0.0029397662729024887, -0.024619141593575478, 0.02084241434931755, 0.03822816163301468, -0.01939573511481285, -0.00043768429895862937, -0.033568065613508224, -0.02382538840174675, -0.013903478160500526, -0.013532206416130066, 0.00647164648398757, 0.026398684829473495, -5.4960586567176506e-05, -0.00048569354112260044, -0.031596485525369644, -0.024004623293876648, -0.010530028492212296, 0.017808230593800545, -0.0047913226298987865, -0.02452952414751053, 0.009512231685221195, -0.009281788021326065, -0.006881325505673885, -0.03441302850842476, -0.008852904662489891, -0.041172731667757034, -0.0074894423596560955, -0.008673670701682568, -0.007739090360701084, 0.01491487305611372, -0.0023524530697613955, -0.007822306826710701, -0.011362188495695591, 0.02650110423564911, -0.012572021223604679, -0.027371671050786972, 0.005892334971576929, -0.02296762354671955, 0.010325188748538494, 0.01286647841334343, 0.034643471240997314, -0.016860848292708397, 0.0004652896022889763, -0.003568687243387103, 0.005136989522725344, -0.004080785904079676, 0.015990279614925385, 0.004301628563553095, -0.014146724715828896, 0.02121368609368801, 0.0139930946752429, 0.0010898099280893803, 0.01133018173277378, 0.0018579578027129173, 0.015964675694704056, -0.003133403602987528, 0.003696711966767907, -0.026859574019908905, -0.004170403350144625, -0.008430424146354198, -0.0266291294246912, -0.02533607929944992, 0.005265014246106148, 0.0018531569512560964, -0.011887089349329472, -0.029624905437231064, -0.001600308227352798, 0.015350156463682652, 0.0023892601020634174, -0.019997451454401016, 0.007860713638365269, -0.009934713132679462, 0.018819624558091164, -0.012584824115037918, -0.00905134342610836, -0.019293315708637238, -0.0021812201011925936, 0.020739994943141937, 0.0037063139025121927, -0.0023844591341912746, 0.0013354572001844645, 0.008596856147050858, -0.021648969501256943, -0.004019974265247583, -0.002041993197053671, 0.035565249621868134, -0.01733453944325447, -0.001617111498489976, 0.030930757522583008, -0.018486760556697845, -0.018601981922984123, -0.040865469723939896, -0.014774045906960964, -0.023966215550899506, 0.0064460416324436665, -0.00069253338733688, -0.0054442486725747585, -0.004183205775916576, -0.0032838324550539255, -0.0308795478194952, -0.0013922681100666523, 0.010600442066788673, 0.011054929345846176, -0.014236342161893845, -0.0025444901548326015, 0.007559855934232473, -0.02170017920434475, -0.02090642601251602, 0.018077081069350243, 0.025720153003931046, 0.017385749146342278, 0.015286143869161606, 0.03374730050563812, 0.030316239222884178, -0.013288959860801697, 0.01893484592437744, 0.02726925164461136, -0.008577652275562286, -0.03546283021569252, 0.0012930490775033832, -0.0006057166610844433, -0.01672002114355564, -0.004324032925069332, -0.01856357604265213, 0.007707084529101849, 0.002856550272554159, -0.012232756242156029, 0.007182183209806681, -0.016848044469952583, -0.024427104741334915, -0.01643836684525013, 0.007502244785428047, -0.03103317692875862, -0.0027781350072473288, 0.004282424692064524, -0.0122967679053545, 0.019843822345137596, -0.015567798167467117, 0.026219449937343597, 0.021200884133577347, -0.02268596924841404, 0.005860328674316406, 0.009307392872869968, 0.0041511994786560535, -0.023863796144723892, -0.013173737563192844, -0.016015885397791862, 0.007399825379252434, -0.010722065344452858, 0.016169514507055283, 0.0016483174404129386, -0.026705943048000336, 0.025220857933163643, 0.01643836684525013, 0.016604797914624214, 0.00836001057177782, -0.01711689680814743, -0.005821921397000551, -0.036615051329135895, -0.001830752589739859, 0.002333249431103468, 0.01354500837624073, 0.006298813037574291, -0.019408538937568665, -0.0032134188804775476, -0.003136604093015194, -0.0347202867269516, -0.013090521097183228, 0.004218412563204765, 0.012213552370667458, -0.011490212753415108, -0.011765466071665287, 0.0035206780303269625, -0.01785944029688835, -0.004807326011359692, 0.026885177940130234, -0.0005036970251239836, 0.023287685588002205, -0.026142634451389313, 0.018371539190411568, -0.012584824115037918, 0.01184868160635233, -0.024017425253987312, -0.025220857933163643, 0.017987463623285294, -0.029317647218704224, 0.013596219010651112, -0.019984649494290352, -0.026053017005324364, -0.02379978448152542, -0.010197163559496403, 0.005207403097301722, 0.028728732839226723, -0.020419932901859283, 0.002427667612209916, -0.022788388654589653, 0.02345411665737629, -0.03344004228711128, -0.0012098329607397318, 0.04188966751098633, -0.00474011292681098, -0.027781350538134575, 0.023262079805135727, -0.0011426201090216637, 0.010139552876353264, 0.03305596485733986, 0.0020195890683680773, 0.01251441054046154, -0.018601981922984123, 0.001249040593393147, 0.023249277845025063, 0.03500194102525711, -0.0013114525936543941, -0.011483811773359776, -0.017833834514021873, 0.01588786020874977, -0.023006031289696693, 0.0062091960571706295, -0.0022180271334946156, -0.025720153003931046, 0.008001540787518024, -0.0023092448245733976, -0.004157600924372673, 0.015657415613532066, 0.0039495606906712055, -0.03469468280673027, -0.02564333938062191, 0.008199979551136494, 0.014441180974245071, -0.011093336157500744, -0.04716428369283676, 0.026603523641824722, 0.019011661410331726, 0.02939446084201336, -0.019280513748526573, 0.025451302528381348, -0.02610422857105732, 0.014505193568766117, 0.027294857427477837, -0.004189606755971909, 0.012431194074451923, -0.007233393378555775, 0.00806555338203907, 0.0207527969032526, -0.006039563100785017, 0.022276289761066437, -0.01567021757364273, -0.010952509008347988, 0.006593269761651754, -0.013365774415433407, 0.009384207427501678, 0.014185132458806038, -0.01091410219669342, -0.03546283021569252, -0.00912815798074007, 0.013250552117824554, 0.018730007112026215, 0.013416984118521214, -0.020944833755493164, 0.0013418584130704403, -0.008897713385522366, -0.005124187096953392, -0.005604279227554798, 0.010677256621420383, 0.015183724462985992, -0.01878121681511402, -0.008910516276955605, 0.00024864787701517344, 0.00843682512640953, -0.010402003303170204, 0.0035206780303269625, -0.03244144842028618, -0.01179107092320919, -0.008347207680344582, -0.008500837720930576, -0.014338761568069458, -0.013737046159803867, -0.020522352308034897, -0.011983107775449753, 0.044066086411476135, -0.01661759987473488, -0.0014042704133316875, -0.000714537629391998, -0.0006741298129782081, -0.012616829946637154, -0.010133151896297932, -0.00851363968104124, 0.01884523034095764, -0.0347202867269516, -0.01575983501970768, 0.02755090594291687, -0.02665473334491253, 0.012924089096486568, -0.010690058581531048, 0.014338761568069458, -0.004976958502084017, -0.012021515518426895, -0.02557932585477829, 0.02056076005101204, 0.005463452078402042, -0.006535658612847328, -0.0012234356254339218, 0.004442455712705851, 0.0018099485896527767, -0.021418524906039238, -0.01355781126767397, -0.004976958502084017, -0.011861484497785568, 0.004781721159815788, 0.006305214483290911, -0.031750116497278214, -0.03377290442585945, 0.0018211507704108953, 0.00030665905796922743, 0.009121757000684738, 0.015990279614925385, 0.2292153537273407, 0.014710033312439919, -0.0008697675075381994, 0.026757152751088142, -0.035872507840394974, 0.013685835525393486, 0.012047120369970798, 0.02785816602408886, -0.024759968742728233, 0.0050633749924600124, -0.015567798167467117, 0.0011474209604784846, 0.011919095180928707, 0.010369997471570969, 0.015055699273943901, 0.010530028492212296, -0.027064412832260132, -0.03367048501968384, -0.014684428460896015, -0.04401487857103348, 0.006455643568187952, -0.005908337887376547, 0.006013958249241114, -0.009697867557406425, 0.025592129677534103, 0.019690193235874176, -0.015939069911837578, 0.023838190361857414, 0.03262068331241608, 0.0007717486587353051, -0.01757778599858284, -0.005322624929249287, -0.02665473334491253, -0.0071245720610022545, 0.004829730372875929, 0.00019523760420270264, -0.023018833249807358, -0.009320194832980633, -0.007022152654826641, 0.002456473186612129, -0.020202290266752243, 0.003335042390972376, 0.037511225789785385, -0.01445398386567831, -0.01702727936208248, 0.02597620338201523, 0.024926401674747467, -0.017590587958693504, 0.015542193315923214, 0.0021476135589182377, -0.008270393125712872, -0.029752930626273155, 0.004122394137084484, 0.02752530202269554, -0.0026549112517386675, -0.0016251129563897848, 0.015747033059597015, 0.007495843805372715, -0.01197670679539442, 0.020880822092294693, 0.018153896555304527, 0.017654599621891975, -0.004548076074570417, 0.010888497345149517, -0.007892720401287079, 0.024555129930377007, -0.029292041435837746, 0.01221995335072279, 0.01696326769888401, -0.02610422857105732, -0.0009273785981349647, -0.023198068141937256, 0.006308414973318577, -0.01355781126767397, -0.004666498862206936, -0.02441430278122425, 0.02939446084201336, 0.02231469750404358, 0.024836784228682518, 0.002192422281950712, 0.0031814128160476685, 0.01779542677104473, 0.005831523332744837, 0.007291004061698914, 0.017001675441861153, -0.03228781744837761, 0.02632186934351921, -0.007854312658309937, -0.018320327624678612, 0.013365774415433407, 0.037972114980220795, -0.006497251335531473, -0.018141094595193863, -0.004944952204823494, 0.006292412057518959, 0.0023460518568754196, -0.03277431055903435, 0.022417116910219193, -0.02564333938062191, 0.014018700458109379, -0.004455258138477802, 0.039508409798145294, 0.00651965569704771, -0.006023560184985399, -0.011720657348632812, 0.0037831286899745464, -0.00029925763374194503, 0.008084757253527641, 0.01446678675711155, -0.0012210351414978504, -0.04089107736945152, -0.010645249858498573, 0.005991553887724876, -0.0005241009639576077, 0.01134298462420702, 0.020983241498470306, -0.007854312658309937, -0.03771606460213661, 0.029035992920398712, -0.02086801826953888, -0.009544238448143005, -0.02847268432378769, 0.010555633343756199, 0.0007225391454994678, 0.001282647019252181, 0.00843682512640953, 0.005210603587329388, 0.01588786020874977, 0.006500451825559139, -0.03533480688929558, 0.018973253667354584, -0.013416984118521214, -0.012290366925299168, 0.03671747073531151, -0.028831152245402336, 0.003530279966071248, 0.011144546791911125, -0.001801947015337646, -0.007515047211199999, 0.010901299305260181, 0.003837539115920663, 0.008763288147747517, 0.015939069911837578, -0.03041865862905979, -0.0008761687786318362, -0.00860325712710619, 0.03961082920432091, 0.010088343173265457, -0.03134043514728546, 0.0038215359672904015, -0.02167457528412342, 0.022545142099261284, 0.017232118174433708, 0.004205610137432814, 0.013826662674546242, 0.010549231432378292, -0.01683524250984192, -0.016694415360689163, -0.050134457647800446, 0.009678663685917854, -0.04201769083738327, -0.008199979551136494, 0.012271163053810596, -0.0091089541092515, -0.0038567427545785904, 0.004839331842958927, -0.15987719595432281, 0.031289227306842804, 0.007291004061698914, 0.004106390755623579, 0.031161202117800713, 0.006487649399787188, 0.00998592283576727, -0.012424793094396591, -0.032364632934331894, 0.006881325505673885, 0.019651785492897034, -0.021444130688905716, -0.02090642601251602, 0.0281654242426157, 0.0022532339207828045, 0.0026213049422949553, -0.02106005698442459, 0.001990783493965864, -0.016694415360689163, 0.009595448151230812, 0.018422748893499374, -0.020266303792595863, 0.01115734875202179, -0.03804892674088478, 0.023249277845025063, 0.038612235337495804, -0.0018723605899140239, 0.011931898072361946, -0.009006534703075886, 0.012719249352812767, 0.003917554393410683, 0.009461021982133389, 0.024836784228682518, 0.0014106717426329851, 0.015836650505661964, 0.016732823103666306, 0.0021524145267903805, -0.00641723582521081, -0.0028853556141257286, 0.03223660960793495, 0.030393052846193314, 0.033388830721378326, 0.009505830705165863, -0.0023812586441636086, -0.00319421524181962, 0.020138278603553772, 0.007207788061350584, 0.013109724968671799, 0.025681747123599052, 0.0026149037294089794, 0.003898350754752755, -0.038561027497053146, -0.016425563022494316, -0.002805340336635709, 0.0007801502360962331, 0.0015082905301824212, 0.008334404788911343, 0.013596219010651112, 0.0022484329529106617, -0.002707721432670951, 0.014786847867071629, -0.014415576122701168, 0.011170151643455029, 0.004804125055670738, -0.013685835525393486, 0.0216105617582798, 0.019831020385026932, -0.027013203129172325, -0.010722065344452858, -0.025540919974446297, -0.012469601817429066, -0.02102164924144745, -0.021969031542539597, -0.015747033059597015, 0.018448352813720703, 0.008084757253527641, -0.015337353572249413, 0.028242239728569984, -0.028370264917612076, -0.013237749226391315, 0.024887993931770325, 0.01788504421710968, -0.012437595054507256, -0.03638460859656334, -0.015094107016921043, 0.014325959607958794, -0.020458340644836426, -0.011874287389218807, 0.02665473334491253, -0.02472156099975109, 0.017193712294101715, -0.03239023685455322, 3.153107172693126e-05, -0.004298428073525429, 0.016246328130364418, -0.0006749299936927855, 0.01628473587334156, 0.0194853525608778, 0.011291774921119213, -0.020087068900465965, -0.0004296827537473291, -0.0209320317953825, -0.03605174273252487, 0.0007233393262140453, 0.002269237069413066, 0.001270644715987146, -0.005361032672226429, 0.019062871113419533, 0.029189622029662132, 0.004967356566339731, -0.01683524250984192, -0.010824484750628471, 0.000300057785352692, 0.02071438916027546, 0.00367430760525167, 0.01779542677104473, 0.010056336410343647, -0.02281399443745613, 0.010459614917635918, -0.013416984118521214, 0.05210603401064873, 0.01992063596844673, 0.003335042390972376, -0.004548076074570417, -0.015017292462289333, 0.02259635180234909, -0.11030604690313339, -0.007130973506718874, 0.006785307079553604, 0.03515557199716568, -0.001963578164577484, -0.001990783493965864, -0.007258998230099678, 0.020547958090901375, -0.04503907635807991, 0.016054291278123856, -0.017564982175827026, -0.020087068900465965, -0.0031750116031616926, -0.014492391608655453, 0.014761243015527725, 0.014556403271853924, -0.020151080563664436, -0.009429016150534153, -0.013877873308956623, 0.0031974157318472862, -0.009659460745751858, -0.008456028997898102, -0.014031502418220043, 0.00037307184538803995, 0.004813726991415024, -0.01680963672697544, 0.004909745417535305, 0.03305596485733986, 0.022122660651803017, 0.003357446752488613, -0.007700683083385229, -0.00707976333796978, 0.0011426201090216637, -0.0027861366979777813, 0.016207922250032425, 0.01264883577823639, -0.0159134641289711, -0.011374990455806255, 0.010248374193906784, -0.027627721428871155, 0.007604664657264948, 0.019280513748526573, -0.007169380784034729, -0.03228781744837761, -0.0015883059240877628, -0.0047881221398711205, -0.00014992887736298144, 0.00034686681465245783, 0.027730140835046768, -0.008052751421928406, 0.013609020970761776, 0.004890542011708021, -0.0064844489097595215, 0.006695689633488655, -0.011074133217334747, -0.00834080670028925, 0.01604148931801319, 0.02318526618182659, -0.039047520607709885, -0.00263570761308074, 0.021687377244234085, -0.015209329314529896, 0.001936372951604426, -0.01935732737183571, -0.008116763085126877, -0.0111893555149436, -0.018947649747133255, 0.005015365779399872, -0.003699912689626217, -0.020663179457187653, -0.007995139807462692, -0.021661771461367607, -0.013109724968671799, 0.032339029014110565, -0.004634492564946413, -0.01711689680814743, -0.019651785492897034, -0.014441180974245071, -0.007393423933535814, -0.01569582335650921, -0.00745743652805686, 0.013673033565282822, 0.02982974611222744, -0.0052810171619057655, 0.02982974611222744, 0.025604931637644768, 0.0046248906292021275, 0.015388564206659794, -0.006330819334834814, -8.048425002016302e-07, -0.019306117668747902, 0.009320194832980633, 0.014838057570159435, -0.051670752465724945, -0.008001540787518024, 0.021072858944535255, -0.012770459987223148, -0.0020755997393280268, -0.011669447645545006, -0.003632699605077505, -0.01573423109948635, -0.0006393231451511383, -0.045730408281087875, 0.013506601564586163, -0.0173601433634758, -0.0017763421637937427, 0.016335945576429367, -0.009953917004168034, 0.02099604345858097, -0.02292921580374241, -0.03062349744141102, 0.01963898167014122, -0.018858032301068306, 0.03244144842028618, 0.006167587824165821, -0.0022228281013667583, -0.021200884133577347, 0.0033254404552280903, 0.02665473334491253, -0.006580467335879803, 0.023850994184613228, 0.019664587453007698, -0.013327366672456264, -0.0034118571784347296, 0.0005881132674403489, 0.022327499464154243, -0.011125342920422554, 0.012194348499178886, -0.022276289761066437, 0.006314816419035196, -0.006305214483290911, -0.0017459362279623747, 0.01788504421710968, -0.005722702015191317, -0.009275386109948158, 0.015273341909050941, 0.01782103255391121, 0.003767125541344285, -0.012636033818125725, 0.008219183422625065, 0.00977468304336071, 0.049545541405677795, 0.0008037547813728452, -0.037972114980220795, 0.016515180468559265, -0.02632186934351921, 0.0024468712508678436, 0.01856357604265213, 0.002363655250519514, 0.04442455619573593, 0.012155941687524319, -0.00250128167681396, -0.002768533304333687, 0.02426067180931568, 0.004944952204823494, -0.023313289508223534, -0.004743313416838646, -0.037229571491479874, 0.004839331842958927, 0.0029205624014139175, -0.007495843805372715, -0.015554996207356453, 0.012597626075148582, 0.00367430760525167, -0.011272571049630642, 0.01346819382160902, 0.013788255862891674, -0.018819624558091164, -0.0028901565819978714, -0.00920497253537178, 0.011855083517730236, -0.04060942307114601, -0.016233526170253754, -0.006542060058563948, -0.0003354646032676101, -0.006503652781248093, -0.013416984118521214, -0.0060075572691857815, 0.003895150264725089, 0.009998725727200508, -0.012354379519820213, -0.012712848372757435, 0.007969534955918789, -0.015465378761291504, 0.007495843805372715, 0.020112672820687294, 0.01376265101134777, 0.04191527143120766, 0.01613110676407814, 0.0023940610699355602, 0.011471008881926537, 0.013416984118521214, 0.013532206416130066, 0.020944833755493164, -0.0008465630235150456, 0.006314816419035196, 0.003331841668114066, 0.00033106375485658646, -0.0024516722187399864, 0.028805548325181007, -0.01619511842727661, 0.003043786156922579, 0.0101715587079525, 0.011944700963795185, -0.016297539696097374, -0.006218797527253628, -0.010504422709345818, 0.008001540787518024, -0.032185398042201996, -0.038561027497053146, -0.009889904409646988, -0.0012290367158129811, 0.010549231432378292, 0.027064412832260132, 0.013493798673152924, 0.028831152245402336, -0.019370131194591522, 0.02548970840871334, 0.010946108028292656, -0.026449894532561302, 0.0013034510193392634, 0.01810268685221672, -0.00025004814960993826, 0.010363596491515636, 0.01779542677104473, -0.02266036346554756, 0.02410704270005226, 0.007476639933884144, 0.01665600761771202, -0.01371144037693739, -0.028037400916218758, -0.005748307332396507, 0.02406863495707512, -0.0013082519872114062, -0.021200884133577347, -0.00966586172580719, -0.021648969501256943, 0.01970299519598484, 0.0009657859918661416, 0.011471008881926537, -0.029292041435837746, -0.0030613895505666733, 0.010798879899084568, -0.013570614159107208, 0.007387022953480482, 0.01100371964275837, 0.02998337522149086, -0.003002178156748414, 0.014351564459502697, 0.0007633470231667161, 0.004122394137084484, 0.024478314444422722, 0.0005653089028783143, 0.0111893555149436, -0.02336449921131134, -0.013301761820912361, -0.01275765709578991, -0.005168995354324579, 0.0331839919090271, 0.010305984877049923, -0.005306622013449669, 0.00473371148109436, -0.025438498705625534, 0.026526708155870438, -0.002126809675246477, -0.0039495606906712055, 0.0024580734316259623, 0.0122519601136446, -0.000332063966197893, -0.023774178698658943, -0.038304977118968964, 0.03420818969607353, 0.023351697251200676, -0.03912433609366417, -0.008257590234279633, 0.029880955815315247, -0.0007857513264752924, -0.001185028231702745, 0.016758427023887634, -0.0029221628792583942, -0.011150947771966457, -0.009896306321024895, 0.014389971271157265, -0.0374344103038311, -0.014300353825092316, 0.009902707301080227, -0.024183858186006546, -0.020176686346530914, -0.0005965149030089378, 0.0024548727087676525]"
U78244,N39830 N12889 N56537 N6056 N56253 N51111 N3893 N55846 N48914 N41049 N13233 N29680 N55189 N27448 N34004 N46843 N44956 N63276 N36275 N14629 N18760 N13180 N25273 N62690 N19236 N871 N14644 N41252 N46978 N40824 N64634 N14607 N56692 N44559 N30662 N58571 N19131 N36275 N61347 N13180 N61217 N10235 N55326 N8422 N995 N20147 N36053 N6397 N57296 N50027 N56736 N60470 N12197 N1603 N16636 N46573 N22561 N13137 N42137 N58638 N48600 N14514 N57924 N34399 N5102 N5735 N55743 N60184 N41797 N306 N28088 N23196 N43587 N23196 N38924 N40070 N13689 N19300 N64193 N55497 N47277 N32069 N11246 N46966 N5283 N52551 N29690 N17128 N44923 N4607 N14742 N4970 N37394 N38310 N37663 N10470 N59922 N59327 N47615 N2782 N20357,"[-0.020762629806995392, -0.02040235325694084, 0.0058511653915047646, -0.0020549132023006678, -0.015972280874848366, 0.0023367966059595346, 0.0011075182119384408, -0.006605078466236591, -0.033625852316617966, -0.00531742163002491, 0.025099297985434532, 0.036668192595243454, -0.0073389760218560696, 0.013850648887455463, 0.005637668073177338, 0.030770324170589447, 0.01944161392748356, 0.010861684568226337, 0.0037128545809537172, -0.05673695728182793, -0.035253770649433136, -0.014691295102238655, -0.01962842419743538, -0.016159091144800186, -0.014024116098880768, -0.01570540852844715, 0.014557859860360622, -0.010441360995173454, 0.005751088261604309, -0.0004449254192877561, -0.0022350517101585865, -0.007178852800279856, 0.0043800342828035355, -0.027087492868304253, -0.03549395501613617, -0.02540620043873787, 0.001576211885549128, -0.008152934722602367, 0.03696175292134285, 0.001183409825898707, 0.017453419044613838, -0.01008775644004345, -0.010361299850046635, -0.010267894715070724, -0.02432536892592907, 0.011929172091186047, -0.014331018552184105, -0.030530139803886414, -0.012302792631089687, 0.04115163907408714, 0.03626788407564163, 0.0020549132023006678, -0.021042846143245697, 0.002393506933003664, 0.04248599708080292, -0.014130864292383194, 0.007459068205207586, 0.0009290476446039975, -0.004303308669477701, -0.005707721691578627, -0.00865331944078207, -0.003287527710199356, 0.004807029385119677, 0.01362380851060152, -0.0275945495814085, -0.01379727479070425, 0.005964586045593023, -0.005771103780716658, -0.027140866965055466, 0.022844230756163597, 0.014437766745686531, 0.007599175907671452, -0.015798812732100487, -0.016506023705005646, 0.006474978290498257, -0.0273810513317585, -0.01781369559466839, -0.008986909873783588, 0.0029639455024152994, 0.005120603833347559, 0.0070854476653039455, -0.012596351094543934, -0.014504484832286835, 0.0265137180685997, 0.005103924311697483, 0.009060299023985863, 0.0008781751967035234, 0.04566177353262901, -0.0458218976855278, -0.008459838107228279, -0.006431611720472574, 0.011862454004585743, -0.011895813047885895, 0.020415697246789932, -0.012349494732916355, 0.028928909450769424, -0.021122906357049942, 0.010654858313500881, 0.013563761487603188, -0.04635564237833023, 0.013570433482527733, 0.021950209513306618, -0.010408001951873302, -0.019414927810430527, 0.022964322939515114, -0.00930048432201147, -0.005307414103299379, -0.0069119809195399284, 0.010147802531719208, 0.008306385949254036, -0.011101868934929371, 0.003232485381886363, 0.012469586916267872, -0.008680007420480251, 0.0047036162577569485, -0.013543746434152126, 0.01841415837407112, -0.023751594126224518, -0.02199024148285389, -0.026206815615296364, 0.0038529622834175825, -5.9055822930531576e-05, -0.006414932198822498, 0.0029255826957523823, 0.012903254479169846, 0.015185008756816387, -0.0314108170568943, -0.01589221879839897, 0.015358475036919117, 0.013743900693953037, 0.00882011465728283, 0.022657420486211777, 0.006938667967915535, -0.030716950073838234, -0.025552980601787567, -0.013250187039375305, -0.03770899400115013, -0.015798812732100487, -0.008626632392406464, -0.00900692492723465, 0.00510058831423521, 0.007572488859295845, -0.008306385949254036, 0.0011683983029797673, 0.012596351094543934, 0.024472149088978767, 0.012583008036017418, -0.0009165380033664405, 0.005600973032414913, -0.005420834291726351, 0.01541184913367033, 0.008693350479006767, 0.024792395532131195, 0.007979468442499638, 0.029169093817472458, 0.018681028857827187, -0.0036061059217900038, 0.016986394301056862, -0.0024785723071545362, -0.010127786546945572, 0.0044434163719415665, 0.012576336041092873, 0.016465993598103523, -0.00227508251555264, -0.0005616818671114743, 0.00603130366653204, -0.003299203235656023, 0.011822422966361046, 0.0182273481041193, -0.01091505866497755, 0.006898637395352125, -0.0038863213267177343, -0.05529584735631943, 0.034693341702222824, 0.011135227978229523, -0.0037729009054601192, 0.022030271589756012, -0.004947137087583542, -0.026980744674801826, -0.006925324443727732, -0.020135480910539627, 0.004296636674553156, 0.00518398592248559, 0.03546727076172829, 0.0007976966444402933, -0.02684730850160122, -0.008720037527382374, -0.014304331503808498, -0.011682315729558468, -3.320261021144688e-05, -0.007912750355899334, 0.037415433675050735, -0.006588398944586515, -0.008359760977327824, -0.6473243832588196, -0.0141575513407588, 0.02520604617893696, 0.011168587021529675, -0.00930048432201147, 0.00013562511594500393, -0.00892686378210783, -0.00793943740427494, -0.036694880574941635, 0.020669225603342056, -0.0031457520090043545, 0.034506529569625854, -0.002084936248138547, 0.008673335425555706, 0.011215289123356342, -0.009974335320293903, 0.020789317786693573, -0.025112641975283623, -0.004203231539577246, -0.000990761793218553, 0.0033208865206688643, 0.026113411411643028, 0.011475489474833012, 0.00030481768772006035, 0.02900896966457367, -0.0022684107534587383, -0.006978699006140232, -0.015385162085294724, -0.015011541545391083, -0.020962784066796303, 0.0001533470640424639, 0.03608107566833496, 0.004743647295981646, -0.019027963280677795, 0.05919217690825462, -0.0008364764507859945, -0.005717729218304157, 0.041578635573387146, 0.01945495791733265, 0.02235051803290844, -0.00866666343063116, -0.017053110525012016, 0.002431869739666581, -0.010114443488419056, -0.007185524795204401, 0.024939173832535744, -0.005287398584187031, 0.013216828927397728, 0.011115212924778461, -0.006024632137268782, 0.015571972355246544, 0.022283799946308136, -0.027701297774910927, -0.003425967413932085, 0.005137283354997635, -0.009634073823690414, 0.020469071343541145, -0.026727216318249702, 0.03194456174969673, 0.005964586045593023, -0.02162996307015419, 0.007025401573628187, 0.003862970042973757, 0.014971510507166386, 0.007332304026931524, 0.004473439417779446, -0.006765201222151518, 0.014371049590408802, 0.01134872529655695, 0.01269642822444439, -0.0034493186976760626, 0.0178670696914196, -0.005784447304904461, 0.014851418323814869, 0.031837813556194305, -0.00572106521576643, 0.028048232197761536, 0.011969202198088169, -0.012055936269462109, -0.0028471890836954117, -0.012269433587789536, -0.0044667674228549, -0.019174743443727493, 0.01398408506065607, -0.0006901139277033508, -0.0032758519519120455, -0.025886569172143936, 0.03210468217730522, 0.01821400411427021, -0.01378393080085516, 0.027994858101010323, 0.021603276953101158, -0.004920449573546648, -0.025673072785139084, 0.010941745713353157, 0.016359245404601097, -0.002558633917942643, 0.009500637650489807, 0.0010508078848943114, -0.039416972547769547, 0.011295351199805737, -0.0061914268881082535, 0.017773665487766266, 0.01342365425080061, 0.01583884470164776, 0.011482161469757557, -0.012489602901041508, -0.00595124252140522, 0.007772642653435469, -0.009513981640338898, 0.0065083373337984085, 0.0048237089067697525, -0.02922246791422367, -0.015011541545391083, -0.045501649379730225, -0.029275842010974884, 0.021309716627001762, 0.004533485509455204, 0.00572106521576643, -0.009327171370387077, 0.024098528549075127, 0.011001791805028915, -0.009080315008759499, -0.009960992261767387, -0.017186546698212624, 0.016706177964806557, -0.0008323065703734756, -0.019388239830732346, -0.014130864292383194, 0.01641261950135231, 0.0035594033543020487, -0.013770587742328644, 0.026927370578050613, -0.018974589183926582, -0.008439822122454643, 0.005153962876647711, 0.027994858101010323, -0.0200287327170372, -0.003134076250717044, -0.005173977930098772, -0.0039196801371872425, 0.007892735302448273, 0.0011025143321603537, 0.009173720143735409, 0.003616113681346178, -0.021416466683149338, 0.021122906357049942, 0.017199890688061714, -0.03245161846280098, -0.022310486063361168, 0.033972788602113724, -0.0023968429304659367, 0.005250703543424606, 0.001108352211304009, 0.010921730659902096, -0.002241723472252488, 0.0069520119577646255, -0.02975621074438095, -0.03101050853729248, -0.028074918314814568, 0.0036728237755596638, 0.0030373353511095047, -0.015918906778097153, 0.007192196324467659, 0.029169093817472458, -0.005624324083328247, -0.010027709417045116, -0.004396713804453611, -0.009780853055417538, -0.013663838617503643, 0.017199890688061714, -0.0053541166707873344, -0.007866048254072666, 0.017400044947862625, -0.025673072785139084, 0.01585218869149685, 0.009607386775314808, -0.0019164734985679388, -0.01398408506065607, -0.0008106232271529734, -0.018974589183926582, 0.00972080696374178, -0.017560167238116264, -0.006431611720472574, 0.00855324324220419, -0.008246339857578278, -0.0014969842741265893, 0.0265137180685997, -0.017947131767868996, -0.014210926368832588, -0.017386700958013535, 0.021683337166905403, -0.0033175507560372353, -0.008259683847427368, -0.015812156721949577, 0.014290987513959408, 0.018520906567573547, 0.009674104861915112, 0.014838075265288353, 0.012242746539413929, 0.008266355842351913, 0.005330765154212713, 0.025819851085543633, 0.014544515870511532, 0.012362838722765446, -0.028928909450769424, -0.0026820620987564325, -0.0244988352060318, 0.049824975430965424, 0.003729534102603793, 0.019775204360485077, -0.023698220029473305, -0.0033609173260629177, -0.0004415895091369748, 0.023724908009171486, 0.011475489474833012, -0.01180907990783453, 0.015278413891792297, 0.006161403842270374, 0.00030857056844979525, -0.010247878730297089, 0.006615085992962122, 0.013090064749121666, 0.015278413891792297, -0.005704385694116354, 0.010534766130149364, -0.002822169801220298, 0.002642031293362379, 0.011135227978229523, -0.011635612696409225, 0.028021544218063354, 0.012916597537696362, -0.00110418233089149, 0.008966893889009953, -0.019588394090533257, -0.0619676448404789, -0.009260453283786774, -0.009093658067286015, 0.03442646935582161, -0.022670764476060867, -0.005537590943276882, 0.017560167238116264, 0.020135480910539627, -0.026820620521903038, 0.013096735812723637, 0.015104946680366993, 0.0033275585155934095, 0.008379776030778885, -0.01542519312351942, 0.0020082106348127127, -0.006244801450520754, 0.02847522683441639, -0.012723115272819996, -0.013303562067449093, -0.0003909255610778928, -0.016305869445204735, -0.02287091687321663, 0.0014544515870511532, 0.012462915852665901, 0.021229656413197517, 0.018240690231323242, 0.02560635469853878, -0.007999483495950699, -0.004600203596055508, 0.016812926158308983, -0.0014869766309857368, 0.00297562126070261, -0.01308339275419712, -0.008286370895802975, -0.001799717079848051, -0.0006254808977246284, -0.027514487504959106, 0.022430578246712685, -0.005490888375788927, 0.011749032884836197, 0.005120603833347559, -0.024592241272330284, -0.0013310234062373638, 0.014998198486864567, -0.00025811512023210526, -0.02828841656446457, -0.033839352428913116, 0.038322798907756805, 0.008046186529099941, -0.02292429283261299, -0.008633304387331009, 0.022390548139810562, 0.01227610558271408, -0.00317744305357337, 0.012422884814441204, 0.00395971117541194, 0.01162894070148468, 0.013436997309327126, -0.00028459381428547204, 0.036321260035037994, -0.013483700342476368, 0.02233717404305935, 0.0069119809195399284, 0.0008648316143080592, -0.002420194214209914, 0.01856093667447567, -0.006344878114759922, -0.010307925753295422, -0.025312794372439384, 0.010434689000248909, -0.005747752729803324, 0.0013043361250311136, -0.033092111349105835, 0.00910033006221056, -0.039577096700668335, 0.007732612080872059, -3.8154335925355554e-05, -0.033972788602113724, -0.009594042785465717, -0.00847985316067934, 0.0007389014353975654, 0.008059529587626457, 0.0011050162138417363, -0.01928149163722992, 0.02539285644888878, -0.0005137283005751669, 0.01036797184497118, -0.04448753595352173, 0.004700280725955963, 0.1487009972333908, 0.03319885954260826, -0.0012017573462799191, 0.015612003393471241, -0.014010772109031677, 0.009033611975610256, -0.008733381517231464, -0.04205900430679321, 0.02381831221282482, -0.0018247362459078431, 0.018987933173775673, 0.0061213732697069645, 0.012422884814441204, 0.008806770667433739, 0.013477028347551823, 0.0022867582738399506, 0.01930817775428295, -0.0022233761847019196, 0.024071840569376945, -0.005010519176721573, -0.01838747039437294, -0.014077490195631981, -0.019027963280677795, 0.017186546698212624, -0.008800099603831768, -0.019801892340183258, 0.015345131047070026, 0.017186546698212624, 0.013363608159124851, -0.011875797063112259, -0.013497044332325459, 0.004526813980191946, 0.007652550470083952, 0.0317043773829937, 0.007872719317674637, 0.006938667967915535, -0.0005370795843191445, 0.01227610558271408, 0.02903565764427185, -0.010828325524926186, 0.017213234677910805, -0.007372335065156221, -0.0006876119878143072, -0.020669225603342056, 0.02000204473733902, -0.0094739506021142, 0.008399791084229946, 0.02541954442858696, 0.007745955605059862, -0.025846539065241814, 0.03455990552902222, -0.00306902639567852, -0.006228121928870678, 0.00847985316067934, 0.01804053783416748, -0.002953937742859125, -0.0086466483771801, -0.011615597642958164, -0.0035327160730957985, 0.034346409142017365, -0.009227094240486622, -0.022217081859707832, 0.0003319218521937728, -0.003017319831997156, -0.002887219889089465, -0.017440075054764748, -0.042459312826395035, -0.001993199111893773, 0.0034026161301881075, 0.0016537714982405305, 0.020842691883444786, -0.03066357597708702, -0.011949187144637108, -0.004927121568471193, 0.02233717404305935, -0.015625346451997757, -0.0027821389958262444, -0.02903565764427185, 0.0035827546380460262, -0.004880419000983238, 0.008953550830483437, -0.0058111343532800674, 0.0009957655565813184, -0.017520137131214142, -0.006324863061308861, 0.00791942235082388, 0.025005891919136047, 0.0019481645431369543, -0.01018116157501936, 0.018654342740774155, -0.01010777149349451, 0.013997429050505161, 0.016519367694854736, -0.008413135074079037, 0.023484723642468452, 0.0022400557063519955, 0.002026558155193925, -0.006304847542196512, 0.014357705600559711, 0.009700791910290718, 0.004259942099452019, -0.04309980571269989, 0.013196812942624092, 0.010841668583452702, 0.015998966991901398, 0.01125532016158104, 0.007045417092740536, -0.01856093667447567, 0.011989218182861805, -0.04309980571269989, -0.008499868214130402, -0.001352706691250205, -0.004900434520095587, -0.007158837281167507, 0.011308695189654827, 0.015465224161744118, 0.011702330783009529, 0.02595328725874424, 0.0067051551304757595, 0.0012192707508802414, 0.0010141130769625306, -0.0378958024084568, 0.02344469167292118, 0.004853731952607632, -0.010581469163298607, -0.007105463184416294, 0.007705924566835165, -0.05318756029009819, -0.0066984836012125015, -0.01856093667447567, 0.01260302308946848, -0.01153553556650877, 0.02161662094295025, -0.02020219899713993, -0.023538097739219666, -0.009594042785465717, 0.005384139716625214, -0.0042365905828773975, -0.023564783856272697, 0.015638690441846848, -0.024285338819026947, -0.029809586703777313, 0.014637921005487442, 0.01965511217713356, 0.015104946680366993, -0.026086723431944847, -0.0178670696914196, 0.004176544491201639, 0.0023267888464033604, 0.025326138362288475, -0.02397843636572361, -0.014731326140463352, -0.020669225603342056, 0.008793427608907223, 0.0023918389342725277, -0.023204507306218147, -0.0005641837487928569, 0.005560941994190216, 0.027327677235007286, -0.0014803047524765134, 0.05409492552280426, -0.007899406366050243, 0.005824478343129158, -0.012176028452813625, 0.03063688799738884, -0.012349494732916355, -0.029169093817472458, -0.034506529569625854, -0.030183207243680954, 0.005981265567243099, 0.0007655886001884937, 0.006561711896210909, 0.019788548350334167, -0.000640492420643568, -0.007272257935255766, 0.03728199750185013, -0.01930817775428295, 0.00038571321056224406, -0.017586855217814445, -0.015078259631991386, -0.012029248289763927, -0.017613541334867477, -0.016719521954655647, 0.0016295862151309848, -0.02556632272899151, 0.004813700914382935, -0.009513981640338898, 0.015998966991901398, -0.006521680857986212, 0.0035660751163959503, 0.02054913341999054, -0.01856093667447567, 0.01550525426864624, -0.0005116433603689075, 0.00022538162011187524, -0.008326401934027672, -0.029435966163873672, -0.014464454725384712, -0.00024831591872498393, 0.013510387390851974, -0.002098280005156994, 0.01071490440517664, -0.022750824689865112, -0.002760455710813403, -0.025286108255386353, 0.016292527318000793, -0.03303873538970947, -0.020429039373993874, 0.014758013188838959, -0.012796505354344845, -0.007312288973480463, -0.022443922236561775, -0.03786911442875862, -0.03520039841532707, -0.007892735302448273, 0.00513061136007309, 0.001954836305230856, 0.002355144126340747, 0.003996406216174364, -0.039203476160764694, -0.03167768940329552, -0.029996396973729134, 0.020856035873293877, 0.01910802535712719, 0.048063620924949646, 0.015945592895150185, -0.03770899400115013, -0.02812829241156578, 0.020669225603342056, 0.02073594368994236, 0.008066201582551003, 0.005340773146599531, 0.021669995039701462, -0.015451880171895027, -0.0006947008077986538, -0.007158837281167507, -0.014357705600559711, -0.014998198486864567, -0.013376951217651367, 0.009140361100435257, -0.0033575815614312887, 0.0036561444867402315, -0.003287527710199356, -1.421666001988342e-05, -0.009767509996891022, 0.02467230334877968, 0.0014361041830852628, 0.0026653825771063566, -0.018347440287470818, 0.004837052430957556, -0.011835766956210136, 0.001689632423222065, 0.02505926601588726, 0.03373260051012039, 0.019334865733981133, -0.014331018552184105, 0.006244801450520754, -0.0017663580365478992, 0.0018514235271140933, 0.016679489985108376, -0.003846290521323681, 0.02255067229270935, -0.023885030299425125, 0.00936053041368723, -0.0045768520794808865, 0.010594812221825123, 0.0019164734985679388, -0.007105463184416294, -0.01100846379995346, 0.01910802535712719, 0.006421603728085756, 0.018320752307772636, -0.004720295779407024, -0.01298998761922121, 0.01233615167438984, 0.007439052686095238, 0.0026720543392002583, -0.01731998287141323, 0.0009015264804475009, 0.0041732084937393665, 0.01929483562707901, 0.011288679204881191, -0.0007176350918598473, -0.004013085272163153, -0.006054655183106661, -0.013190140947699547, -0.011668971739709377, -0.022457266226410866, 0.015905562788248062, -0.012396197766065598, -0.01821400411427021, -0.04926454275846481, 0.007152165751904249, -0.010054397396743298, -0.0033092109952121973, -0.001310174004174769, 0.018480876460671425, 0.009647417813539505, -0.010514751076698303, -0.006007952615618706, -0.02179008722305298, 0.01929483562707901, -0.029462652280926704, -0.008139591664075851, -0.003070694161579013, -0.0034860135056078434, 0.027727985754609108, 0.002617012010887265, 0.0008948546601459384, -0.011942515149712563, 0.004006413742899895, 0.016079029068350792, -0.011088525876402855, 0.002680394100025296, -0.003939695656299591, 0.0045134699903428555, 0.023204507306218147, -0.011688986793160439, -0.0043800342828035355, 0.00928714033216238, -0.015732096508145332, -0.016465993598103523, 0.005917883478105068, 0.006081342231482267, -0.009794197045266628, 0.02938259020447731, 0.0169330183416605, -0.002300101798027754, -0.040324337780475616, -0.02232383005321026, -0.004133177921175957, -0.00866666343063116, -0.011108540929853916, -0.0378958024084568, -0.0026436992920935154, -0.013096735812723637, -0.010748263448476791, 0.023404661566019058, -0.010881699621677399, -0.016879644244909286, 0.0311973188072443, 0.02292429283261299, 8.14167651697062e-05, 0.012242746539413929, 0.010241207666695118, -0.0069053093902766705, -0.02559301070868969, -0.019374895840883255, -0.01134872529655695, -0.001374390092678368, -0.00930048432201147, 0.02271079458296299, 0.01100846379995346, -0.021603276953101158, -0.007158837281167507, -0.0022267119493335485, -0.011555551551282406, 0.002667050575837493, -0.001638759975321591, 0.01727995276451111, 0.043873731046915054, -0.014798044227063656, 0.00819963775575161, 0.011288679204881191, 0.018427500501275063, 0.03117063269019127, 0.0008356425096280873, -0.024578897282481194, 0.023898374289274216, -0.007399022113531828, 0.01782703958451748, -0.008873488754034042, -0.02180343121290207, -0.00616807583719492, -0.005580957513302565, -0.012849879451096058, 0.0031374122481793165, -0.010027709417045116, 0.0024835760705173016, -0.04248599708080292, 0.009313827380537987, -0.002034897916018963, 0.019161399453878403, 0.009927633218467236, 0.018334096297621727, -0.02344469167292118, 0.001858095289207995, -0.012256089597940445, 0.006885293871164322, -0.022230425849556923, 0.006691811606287956, -0.0013935714960098267, -0.010474720038473606, -0.009053627960383892, 0.0030606866348534822, -0.006398252677172422, -0.01750679314136505, -0.003522708546370268, 0.014731326140463352, 0.00044617638923227787, 0.007392350118607283, 0.037388745695352554, 0.01782703958451748, -0.012549648992717266, 0.011035150848329067, 0.004319988191127777, -0.02053578943014145, -0.0035460598301142454, -0.0009974335553124547, -0.01619912125170231, 0.0022050286643207073, 0.004756990820169449, 0.027154210954904556, -0.007672565523535013, -0.026793934404850006, -0.02038900926709175, 0.011155243031680584, -0.03770899400115013, 0.03333229571580887, 0.01389067992568016, -0.009707463905215263, -0.006131380796432495, -0.006238129455596209, -0.025005891919136047, 0.0010082751978188753, -0.03197124972939491, 0.01873440481722355, -0.022257111966609955, -0.01000102236866951, 0.013370280154049397, -0.004193224012851715, -0.041178327053785324, -0.007145493756979704, 0.007025401573628187, -0.009327171370387077, 0.015798812732100487, 0.22588033974170685, -0.03338566794991493, 0.0007680905400775373, 0.018881183117628098, -0.0200287327170372, 0.011635612696409225, 0.026820620521903038, -0.00308403791859746, -0.02020219899713993, -0.005387475714087486, 0.0004987167776562274, -0.011502176523208618, 0.0025169351138174534, 0.007959453389048576, -0.0056610191240906715, -0.01821400411427021, -0.028235042467713356, -0.025179360061883926, -0.01126866415143013, -0.023404661566019058, 0.012876566499471664, -0.003117396729066968, 0.016519367694854736, -0.013090064749121666, 0.036134447902441025, 0.018334096297621727, 0.009634073823690414, -0.01658608578145504, 0.018173974007368088, 0.0182273481041193, -0.011602253653109074, -0.021336404606699944, -0.0023067735601216555, 0.015451880171895027, 0.004973824135959148, 0.006688475608825684, -0.002877212129533291, 0.005170641932636499, 0.014077490195631981, 0.025552980601787567, -0.0015153316780924797, -0.012623039074242115, -0.027808047831058502, -0.00013374866102822125, 0.0033008712343871593, -0.009660760872066021, 0.00173633499071002, -0.011962531134486198, 0.0024418774992227554, -0.009033611975610256, -0.016492679715156555, -0.020469071343541145, 0.05265381559729576, 0.011468817479908466, -0.005430842284113169, 0.0028455210849642754, 0.031117258593440056, 0.017186546698212624, -0.01925480365753174, -0.0010499738855287433, -0.0017813695594668388, 0.01858762465417385, -0.023324599489569664, 0.05113264545798302, -0.007859376259148121, 0.02184346131980419, 0.004049780312925577, -0.034693341702222824, 0.013190140947699547, -0.015278413891792297, 0.006638437509536743, 0.0035393878351897, -0.010347955860197544, -0.009086987003684044, -0.01877443492412567, -0.03754886984825134, 0.014290987513959408, -0.007018729578703642, -0.000623812957201153, 0.01962842419743538, -0.010514751076698303, -0.010167817585170269, -0.01674620807170868, -0.019975358620285988, -0.03101050853729248, -0.043179865926504135, 0.018240690231323242, -0.004326659720391035, 0.002283422276377678, -0.013603792525827885, -0.004516805987805128, -0.0005070565384812653, -0.006468306295573711, -0.003522708546370268, 0.001369386212900281, 0.02412521466612816, 0.011608925648033619, 0.03157094120979309, -0.0002658293815329671, 0.0032641764264553785, -0.01362380851060152, -0.011709002777934074, 0.03562739118933678, -0.014477797783911228, -0.025673072785139084, -0.004853731952607632, 0.027888108044862747, 0.026366939768195152, 0.0357341393828392, -0.03351910412311554, -0.014197582378983498, -0.014904793351888657, 0.003315882757306099, -0.009767509996891022, 0.024405431002378464, 0.014197582378983498, 0.013170125894248486, -0.009527324698865414, -0.016279183328151703, -0.001015780959278345, 0.008453166112303734, -0.030530139803886414, 0.01144213043153286, 0.006998714525252581, -0.010981776751577854, 0.0033142147585749626, -0.04995841160416603, 0.026246847584843636, -0.0190946813672781, -0.012676413170993328, -0.02472567744553089, -0.005854501388967037, -0.01782703958451748, -0.02345803566277027, 0.004079803358763456, 0.0244988352060318, 0.014184239320456982, -0.014237613417208195, -0.0014085830189287663, 0.006474978290498257, -0.00022329667990561575, 0.0021800093818455935, -0.016292527318000793, -0.006691811606287956, 0.015438537113368511, -0.029702836647629738, 0.020896065980196, -0.02647368796169758, 0.004983831662684679, -0.020775973796844482, -0.02018885500729084, 0.018280722200870514, -0.00658172694966197, -0.006681804079562426, -0.005314085632562637, -0.019348209723830223, -0.0169330183416605, -0.04451422393321991, -0.0030440071132034063, 0.0069520119577646255, -0.026380281895399094, 0.01746676303446293, 0.037949178367853165, -0.010975104756653309, -0.010588141158223152, -0.014344361610710621, -0.1696237474679947, 0.02903565764427185, 0.00910033006221056, -0.005350780673325062, 0.03640132024884224, -0.014584546908736229, 0.03765561804175377, 0.019601738080382347, -0.034293033182621, 0.017893757671117783, 0.006618421990424395, 0.0042299190536141396, 0.0013310234062373638, 0.004983831662684679, -0.017440075054764748, 0.015998966991901398, -0.025913257151842117, 0.024218620732426643, 0.0015828836476430297, 0.005143954884260893, 0.01802719384431839, -0.011915828101336956, 0.008593273349106312, 0.0008740053162910044, 0.005600973032414913, 0.02124299854040146, 0.01533178798854351, 0.0013001663610339165, 0.021736713126301765, -0.012516289949417114, -0.022297143936157227, -0.013063376769423485, 0.01164228469133377, 0.008246339857578278, 0.002987296786159277, -0.003872977802529931, 0.008346416987478733, -0.0054708728566765785, -0.0022900940384715796, 0.01639927551150322, 0.011108540929853916, 0.0035393878351897, -0.0029005634132772684, 0.0034026161301881075, -0.0028838838916271925, 0.030183207243680954, -0.0317043773829937, 0.005330765154212713, -0.015652034431695938, 0.0029139069374650717, 0.00685193482786417, -0.01961508020758629, 0.03028995543718338, 0.01344366930425167, 0.0042465985752642155, 0.008172950707376003, -0.02520604617893696, 0.0054074907675385475, -0.004006413742899895, 0.013203484937548637, -0.024979205802083015, 0.012623039074242115, 0.006815239787101746, -0.001613740692846477, -0.0014394400641322136, -0.018173974007368088, -0.007792658172547817, -0.02525942027568817, -0.006765201222151518, 0.015958936884999275, 0.02249729633331299, -0.0009348854655399919, 0.02162996307015419, -0.0059946090914309025, 0.00829304289072752, 0.0018530914094299078, -0.026286877691745758, 0.006244801450520754, 0.015812156721949577, -0.00409314688295126, -0.0328519232571125, 0.007178852800279856, 0.006558375898748636, -0.015158320777118206, -0.00847985316067934, 0.010814981535077095, 0.01027456670999527, 0.00972080696374178, -0.0028471890836954117, -0.01153553556650877, 0.015211695805191994, -0.029355904087424278, -0.022830886766314507, -0.014397736638784409, -0.0016712850192561746, 0.024298682808876038, 0.014691295102238655, 0.0229109488427639, 0.024992549791932106, -0.02975621074438095, -0.00406312383711338, 0.007705924566835165, -0.006088014226406813, 0.036347948014736176, -0.0005675196880474687, -0.006628429517149925, 0.005230688489973545, 0.009594042785465717, 0.016452649608254433, 0.01750679314136505, -0.023204507306218147, 0.014758013188838959, 0.028341790661215782, 0.01605234108865261, 0.00771259656175971, 0.016612771898508072, -0.010888371616601944, -0.015985624864697456, 0.00803284253925085, 0.006074670702219009, 0.04558171331882477, -0.003892993088811636, 0.0011717341840267181, -0.002550294157117605, -0.002617012010887265, 0.007178852800279856, -0.10440026968717575, -0.031624313443899155, -0.008693350479006767, -0.0007363994955085218, 0.0034826777409762144, 0.029435966163873672, 0.011282007209956646, 0.016319213435053825, -0.02162996307015419, 0.020802661776542664, 0.014477797783911228, -0.01908133737742901, 0.0009398892871104181, 0.017893757671117783, 0.03338566794991493, -0.02561969868838787, 0.009320499375462532, 0.0012567996745929122, -0.04384704679250717, -0.002650371054187417, -0.006731842644512653, -0.009046955965459347, 0.002591992961242795, -0.009273797273635864, -0.02001538872718811, -0.02251064032316208, -0.008493197150528431, 0.026900682598352432, -0.011635612696409225, 0.005844493396580219, -0.0023951749317348003, 0.004683601204305887, 0.015998966991901398, -0.010955089703202248, 0.012442899867892265, -0.008333073928952217, 0.0008348085102625191, 0.01227610558271408, 0.028608663007616997, -0.031117258593440056, -0.0010816649300977588, -0.0010141130769625306, 0.00254529039375484, -0.03101050853729248, 0.011028478853404522, 0.006658452562987804, -0.037388745695352554, 0.03258505463600159, 0.004897098522633314, -0.004133177921175957, -0.00378290843218565, 0.00020265580678824335, -0.02938259020447731, 0.0005746084498241544, 0.020455727353692055, 0.0054875523783266544, 0.02397843636572361, 0.010548110119998455, 0.013276875019073486, -0.0005850331508554518, -0.004870411474257708, 0.006992042530328035, -0.016892988234758377, -0.003636128967627883, 0.003862970042973757, 0.02900896966457367, 0.009647417813539505, 0.0018130606040358543, 0.004556837026029825, -0.015171664766967297, -0.024005122482776642, -0.0056776986457407475, -0.011028478853404522, 0.04592864587903023, -0.0042532701045274734, 0.010448032990098, 0.0010107771959155798, -0.03480008989572525, 0.004473439417779446, 0.00681190425530076, -0.015758782625198364, -0.007592504378408194, 0.02237720414996147, -0.010661530308425426, 0.03303873538970947, -0.015198351815342903, -0.0030440071132034063, 0.010641515254974365, 0.005841157864779234, -0.01587887480854988, 0.00812624767422676, 0.014504484832286835, 0.0171465165913105, -0.009600714780390263, -0.0021149595268070698, 0.0003104470088146627, -0.026780590415000916, -0.01658608578145504, 0.02743442729115486, 0.011375412344932556, -0.011448802426457405, -0.010421345941722393, -0.07627197355031967, 0.02919577993452549, 0.00902026891708374, -0.005160634405910969, 0.00654169637709856, -0.013590449467301369, -0.014918136410415173, 0.0008856809581629932, -0.022390548139810562, -0.008586602285504341, 0.0008598277345299721, 0.02940927818417549, -0.014891449362039566, 0.007819345220923424, -0.014144208282232285, -0.0004390875983517617, 0.018280722200870514, -0.024765707552433014, 0.002203360665589571, 0.018534250557422638, 0.01892121508717537, 2.4054952518781647e-05, 0.014077490195631981, 0.0027788032311946154, 0.01746676303446293, -0.009740822948515415, 0.002038233680650592, 0.022977666929364204, 0.0019581723026931286, -0.022030271589756012, 0.021109564229846, -0.01984192244708538, 0.002355144126340747, 0.013823961839079857, -0.010341283865272999, 0.0022867582738399506, -0.01190915610641241, -0.0024435454979538918, 0.00045493312063626945, 0.02922246791422367, -0.02559301070868969, -0.014050803147256374, 0.02991633489727974, -0.003307542996481061, -0.013230171985924244, 0.006074670702219009, -0.0034192956518381834, -0.001453617587685585, 0.023324599489569664, 0.002575313439592719, -0.0013802278554067016, 0.021763399243354797, -0.005334101151674986, 0.0003694507176987827, -0.004863739479333162, 0.015078259631991386, 0.010247878730297089, -0.012956628575921059, -0.0032675121910870075, -0.04544827714562416, 0.039577096700668335, 0.004013085272163153, 0.023044385015964508, 0.0062548089772462845, 0.010301253758370876, -0.00837310403585434, -0.003536052070558071, 0.005000511184334755, 0.001260135555639863, -0.0061914268881082535, -0.018654342740774155, 0.008826786652207375, -0.0050071831792593, 0.04168538376688957, -0.007685909513384104, 0.026113411411643028, -0.0073456475511193275, -0.0019998708739876747, -0.032878611236810684, 0.0019698478281497955, 0.010941745713353157, 0.005224016495049, -0.029862960800528526, 0.011682315729558468, 0.014411079697310925, 0.0018764426931738853, -0.008886832743883133, 0.010975104756653309, 0.01912136748433113, 0.009000252932310104, 0.010801638476550579, -0.011528863571584225, -0.0074724117293953896, 0.013944054022431374, 0.014411079697310925, 0.018307408317923546, -0.01601231098175049, -0.008159606717526913, -0.0022016926668584347, 0.0015603663632646203, -0.013904023915529251, -0.005284062586724758, -0.006408260203897953, -0.016492679715156555, -0.033839352428913116, -0.004006413742899895, -0.003207466099411249, -0.03295867517590523, -0.002805490279570222, -0.002540286397561431, 0.018707716837525368, 0.019881952553987503, -0.003956375177949667, 0.01782703958451748, -0.016719521954655647, -0.022657420486211777, -0.0010299585992470384, -0.0061280447989702225, -0.01781369559466839, 0.006918652914464474, 0.035093650221824646, 0.011128555983304977, 0.03923016041517258, -0.016826270148158073, 0.004897098522633314, 0.01082165353000164, 0.0018814465729519725, -0.004586860071867704, -0.007692581042647362, -0.024592241272330284, -0.008873488754034042, -0.01677289605140686, -0.016612771898508072, 0.00317744305357337, 0.004089811351150274, 0.007045417092740536, -0.004563508555293083, 0.03103719651699066, -0.0010399662423878908, 0.048757486045360565, 0.0008631636737845838, -0.014357705600559711, 0.030209893360733986, -0.0100143663585186, 0.00040385217289440334, 0.02719424106180668, -0.013637151569128036, 0.013997429050505161, 0.005384139716625214, -0.004179880488663912, -0.008700022473931313, 0.02165665104985237, -0.03394610062241554, -0.009794197045266628, 0.0032308173831552267, 0.015985624864697456, 0.015825500711798668, -0.0004407555388752371, -0.016892988234758377, -7.109632861102e-05, 0.004810364916920662, 0.012329479679465294, 0.011115212924778461, -0.0010749931680038571, -0.020228886976838112, -0.008079545572400093, 4.2037529055960476e-05, -0.008686678484082222, -0.02040235325694084, 0.0017763657961040735, 3.463600660325028e-05, 0.0005883690319024026, -0.009013596922159195, 0.03151756525039673, -0.024045154452323914, -0.019027963280677795, 0.004193224012851715, 0.0018614311702549458, 0.007452396675944328, -0.012776490300893784, -0.007685909513384104, -0.024792395532131195, -0.021750055253505707, 0.01190248504281044, -0.008052858524024487, -0.00313574424944818, -0.030049771070480347, -0.02215036377310753]"
U78954,N2189 N64716 N19269 N12889 N59546 N2203 N34322 N33998 N34694 N8845 N24187 N48098 N56541 N21844 N18275 N45794 N63003 N16715 N60184 N19347 N26176 N9441 N36530 N42620 N55556 N8258 N56527 N8878 N12652 N32194 N14383 N16902,"[-0.02499440126121044, -0.024117641150951385, 0.024778584018349648, -0.019167320802807808, -0.01170137245208025, -0.009158768691122532, 0.01000180747359991, 0.000559355947189033, -0.026167910546064377, -0.030646130442619324, 0.03091590292751789, 0.004076933488249779, -0.0029961583204567432, -0.009455518797039986, -0.017602641135454178, -0.007506413850933313, 0.03320896625518799, 0.031590335071086884, -0.0015132538974285126, -0.03372153639793396, -0.02011152356863022, 0.0010369372321292758, -0.021473873406648636, 0.039413731545209885, -0.014446305111050606, 0.0007359724841080606, 0.029594019055366516, -0.013657221570611, 0.008551781065762043, -0.026909785345196724, 0.00857875868678093, 0.014702589251101017, -0.011620440520346165, -0.006771284155547619, -0.02870376966893673, -0.026963738724589348, 0.0005037154187448323, -0.004508569370955229, 0.00023457543284166604, 0.005604519043117762, 0.0033300016075372696, -0.015714235603809357, 0.005354979541152716, 0.0019507907563820481, -0.027341419830918312, 0.033937353640794754, -0.012429757975041866, -0.03275035321712494, -0.014230487868189812, 0.02309250645339489, 0.013535823673009872, 0.004943577107042074, -0.02325437031686306, -0.020637579262256622, 0.0017417173366993666, -0.001520841266028583, 0.008174099959433079, 0.0196663998067379, 0.004801946692168713, 0.01203184388577938, 0.01458119135349989, 0.0066431425511837006, -0.023470187559723854, 0.007715487387031317, -0.015795167535543442, -0.0021379452664405107, -0.0019238136010244489, 0.011532764881849289, -0.009010394103825092, 0.00670721335336566, 0.024535788223147392, 0.0022020163014531136, 0.009583660401403904, 0.0014382234076038003, 0.02701769396662712, -0.02902749739587307, -0.004815435037016869, 0.030403336510062218, -0.019598955288529396, 0.0032945938874036074, 0.017440777271986008, -0.011209038086235523, -0.006805005948990583, 0.01145857758820057, 0.00935435388237238, -0.0015562488697469234, -0.021608758717775345, 0.023065529763698578, -0.02620837651193142, 0.01860079914331436, 0.007944793440401554, 0.01637517660856247, -0.007310828659683466, 0.007438970729708672, 0.017670083791017532, 0.015417485497891903, -0.019612444564700127, 0.028676792979240417, 0.0018041020957753062, -0.019261740148067474, -0.002677489770576358, 0.0012814183719456196, -0.024400902912020683, -0.011526020243763924, 0.011991377919912338, -0.007108499761670828, 0.008558525703847408, 0.0008362940861843526, -0.008248287253081799, 0.001603459008038044, 0.010878567583858967, -1.3883788597013336e-05, 0.023524142801761627, -0.015876099467277527, -0.017117051407694817, -0.02186504378914833, 0.0037970447447150946, -0.020637579262256622, -0.003716113045811653, -0.03183312714099884, 0.021811088547110558, -0.003689135890454054, 0.010264835320413113, -0.01668541505932808, 0.02015198953449726, -0.015215156599879265, -0.002338588470593095, 0.006572327110916376, 0.005216721445322037, 0.00944877415895462, 0.02685583010315895, 0.008733877912163734, 0.02700420469045639, -0.0072568743489682674, 0.010548096150159836, 0.002121084602549672, -0.04513290151953697, 0.01637517660856247, 0.0010984790278598666, -0.02058362402021885, -0.0049638100899755955, 0.019909193739295006, -0.017117051407694817, -0.010453675873577595, -0.017535198479890823, 0.0006912914686836302, 0.022283190861344337, -0.0051830001175403595, -0.004508569370955229, 0.020570136606693268, 0.008963184431195259, 0.009698313660919666, 0.005769754759967327, -0.016671927645802498, 0.0069871018640697, 0.03366757929325104, -0.0017636362463235855, 0.0078773507848382, -0.007762697525322437, -0.015579349361360073, -0.0068994262255728245, 0.009165513329207897, 0.013933738693594933, 0.028353067114949226, -0.008389918133616447, 0.020232921466231346, -0.0011144967284053564, -0.00210928195156157, -0.014082113280892372, 0.010332277975976467, -0.010379488579928875, 0.009266678243875504, -0.01443281676620245, 0.026882806792855263, 0.040034204721450806, 0.01858730986714363, 0.011188805103302002, -0.01671239361166954, -0.033613625913858414, -0.007290595676749945, -0.015161202289164066, 0.02700420469045639, 0.008255031891167164, 0.03733648359775543, -0.0016346514457836747, 0.003490178845822811, 0.001603459008038044, -0.004124143626540899, 0.009253188967704773, -0.03525923565030098, -0.012746740132570267, 0.01936964876949787, 0.0008164826431311667, -0.0044006602838635445, -0.6496116518974304, -0.015026316046714783, -0.0035441333893686533, 0.01606494002044201, 0.014810497872531414, 0.00022488048125524074, 0.008686667308211327, -0.006009177304804325, -0.035043418407440186, 0.012820927426218987, 0.001054640975780785, 0.011640673503279686, -0.0007347079226747155, 0.019760819151997566, -0.006039526779204607, -0.007304084487259388, -0.014783521182835102, 0.0045018247328698635, 0.021784111857414246, 0.0050717187114059925, -0.031104743480682373, 0.020651068538427353, 0.0037903005722910166, 0.0024397531524300575, 0.029378201812505722, 0.012240917421877384, 0.007175942417234182, -0.03088892623782158, -0.007992004044353962, 0.011910445988178253, -0.01522864494472742, 0.04451242461800575, -0.0035677384585142136, -0.001761950203217566, 0.05195813998579979, 0.007594089489430189, -0.021487362682819366, 0.010473908856511116, -0.0006660002982243896, 0.03720159828662872, -0.004643455147743225, 0.019706865772604942, 0.001158334780484438, 0.0013033372815698385, -0.006757795810699463, -0.0018513122340664268, 0.004350077826529741, -0.00841689482331276, -0.004468103405088186, 0.022714825347065926, 0.005857430398464203, 0.013124421238899231, 0.0001432111457688734, 0.012861393392086029, -0.014958872459828854, 0.0030720317736268044, 0.006575699429959059, -0.022080861032009125, 0.004356822464615107, 0.017845436930656433, -0.0035711105447262526, 0.027395375072956085, -0.018668241798877716, -0.016671927645802498, 0.0024835909716784954, 0.031590335071086884, -0.03264244645833969, 0.03450387343764305, 0.018169162794947624, -0.0058675468899309635, -0.0009644359233789146, 0.028164226561784744, -0.016510063782334328, 0.013657221570611, 0.001682704547420144, 0.023820891976356506, 0.005034625064581633, 0.0010689726332202554, -0.026140933856368065, 0.01718449406325817, 0.012213939800858498, -0.006552094127982855, -0.003655414329841733, 0.04033095762133598, 0.0322108119726181, 0.004791830200701952, -0.03091590292751789, 0.018290560692548752, 0.008875507861375809, 0.006295810453593731, 0.02916238270699978, 0.026194889098405838, -0.012301616370677948, -0.011829514056444168, 0.010278323665261269, -0.009549939073622227, -0.01762961782515049, 0.006683608051389456, 0.01731938123703003, -0.03372153639793396, 0.020853396505117416, -0.0074457149021327496, 0.015714235603809357, 0.0006512471591122448, -0.004862645175307989, -0.00849108211696148, -0.04022304713726044, -0.007068033795803785, 0.01653704047203064, -0.009401563555002213, 0.0009130105609074235, -0.006235111970454454, -0.0073580387979745865, -0.0218515545129776, -0.028919588774442673, -0.021473873406648636, 0.030834970995783806, -0.0037599510978907347, -0.005897896364331245, -0.028757724910974503, 0.015795167535543442, -0.016671927645802498, -0.0002609203802421689, -0.026572570204734802, -0.008261775597929955, 0.022579940035939217, -0.011438344605267048, -0.00906434841454029, 0.012739995494484901, -0.0021649226546287537, -0.003127672476693988, 0.008140378631651402, -0.005857430398464203, 0.013421171344816685, 0.0073580387979745865, 0.00490985531359911, 0.008862019516527653, -0.02437392622232437, 0.015323065221309662, -0.015255622565746307, -0.019126854836940765, -0.008882252499461174, -0.007331061642616987, -0.006622909568250179, -0.01295581366866827, -0.03188708424568176, -0.004572640173137188, 0.0027044671587646008, -0.037714164704084396, 0.004326472990214825, -0.015080270357429981, -0.0058844080194830894, -0.001874917303211987, 0.009516216814517975, 0.00616429653018713, -0.007438970729708672, -0.009111559018492699, -0.005914757028222084, 0.0038476272020488977, 0.005338118877261877, 0.005678706336766481, 0.00019621718092821538, -0.009361098520457745, -0.02232365682721138, 0.00020907352154608816, -0.0025189986918121576, 0.009630870074033737, -0.0035002953372895718, -0.018991967663168907, -0.013009767979383469, 0.01037274394184351, -0.016267267987132072, 0.026033025234937668, -0.00016829153173603117, 0.02607349120080471, -0.025479990988969803, 0.006730818189680576, 0.03703973442316055, 0.0021682947408407927, 0.008794575929641724, 0.016766346991062164, -0.014756543561816216, -0.009617381729185581, -0.02622186578810215, 0.03560994192957878, 0.016429131850600243, -0.0066498867236077785, 0.02792143076658249, -0.015970518812537193, 0.02171666920185089, -0.01873568445444107, 0.02682885341346264, 0.00456589600071311, 0.0062182508409023285, -0.01610540598630905, 0.009347609244287014, -0.009812966920435429, -0.015390508808195591, 0.007668277248740196, 0.037228573113679886, 0.01888405904173851, -0.007411993574351072, 0.02031385339796543, -0.002018233761191368, -0.007938049733638763, -0.0163886658847332, 0.007985259406268597, -0.0148374754935503, 0.03838859498500824, 0.005442655645310879, 0.005763010121881962, 0.012139752507209778, -0.014473282732069492, -0.006494767498224974, -0.007142221089452505, 0.009529706090688705, -0.010359255596995354, 0.012868138030171394, -0.0013497044565156102, 0.01140462327748537, -0.011991377919912338, 0.016186336055397987, 0.005270675756037235, 0.02294413186609745, -0.0033856420777738094, -0.006663375534117222, 0.002340274630114436, -0.005850686226040125, 0.012335337698459625, -0.0005559838027693331, 0.004188214428722858, 0.014850963838398457, 0.012901859357953072, 0.02653210423886776, 0.0014078740496188402, -0.0384155735373497, -0.0027820265386253595, 0.002215504879131913, 0.025506969541311264, -0.015471439808607101, -0.01162718515843153, -0.014689100906252861, 0.040196068584918976, 0.009259933605790138, 0.007317573297768831, -0.024711141362786293, 0.0349624864757061, -0.0033401180990040302, -0.007472692057490349, -0.027125602588057518, -0.00795828178524971, -0.0009012080263346434, -0.016199825331568718, 0.008126890286803246, -0.004120771773159504, -0.03010658547282219, 0.022822733968496323, 0.004437753930687904, 0.0003464887849986553, 0.03676996007561684, 0.01373140886425972, 0.0013193550985306501, 0.003810533555224538, -0.023389257490634918, -0.0054224226623773575, 0.014109089970588684, 0.0069129145704209805, 0.018479401245713234, -0.027557238936424255, 0.019099878147244453, 0.00797177106142044, -0.029755882918834686, 0.009974829852581024, -0.001371623482555151, 0.03275035321712494, 0.005324630532413721, 0.0006423952290788293, -0.001484590582549572, 0.01870870776474476, 0.009125047363340855, -0.019302206113934517, -0.026140933856368065, 0.02746281772851944, 0.015026316046714783, -0.03463876247406006, -0.02592511661350727, -0.002119398443028331, -0.011080896481871605, -0.014028158970177174, 0.015457951463758945, -0.00935435388237238, 0.009239700622856617, -0.02827213518321514, 0.017359845340251923, 0.002003059256821871, -0.014958872459828854, 0.023456700146198273, -0.015026316046714783, 0.027530260384082794, -0.015471439808607101, 0.012868138030171394, -0.018182652071118355, -0.004039839841425419, 0.0037869284860789776, 0.007513158023357391, -0.004741247743368149, -0.015012827701866627, -0.01920778676867485, -0.010143437422811985, -0.01341442670673132, 0.003264244645833969, -0.020232921466231346, -0.028595861047506332, 0.014999338425695896, -0.021325498819351196, 0.0349624864757061, -0.001920441398397088, -0.012598365545272827, 0.013535823673009872, 0.0060867369174957275, -0.013576289638876915, -0.028218179941177368, -0.025075333192944527, -0.003203545929864049, 0.13769176602363586, -0.0006179471383802593, -0.021770622581243515, 0.024630209431052208, 0.009347609244287014, 0.0021514338441193104, -0.012557899579405785, -0.03668903186917305, -0.0013345297193154693, -0.031752198934555054, -0.022579940035939217, -0.0011945853475481272, 0.026086978614330292, -0.002920284867286682, 0.018803127110004425, 0.0004758951545227319, 0.007243385538458824, -0.023146461695432663, 0.01856033317744732, -0.0196663998067379, -0.037066712975502014, 0.0010656005470082164, -0.003908325918018818, 0.02983681485056877, 0.009145280346274376, -0.028676792979240417, 0.011377645656466484, 0.010102971456944942, 0.00889574084430933, 0.005257187411189079, -0.007216408383101225, 0.03355967253446579, 0.03045728988945484, 0.00612720288336277, 0.013751641847193241, -0.000896149780601263, 0.01605145074427128, -0.010554840788245201, 0.0016422386979684234, -0.02280924655497074, 0.019302206113934517, 0.012517433613538742, -0.0007793889963068068, -0.012686041183769703, 0.013468381017446518, -0.030025655403733253, -0.02183806523680687, 0.01854684390127659, -0.02137945406138897, -0.014365374110639095, 0.0279484074562788, 0.007034312002360821, -0.004366938956081867, -0.014311419799923897, -0.0017029375303536654, 0.009725290350615978, -0.006690352689474821, 0.00261510512791574, 0.0044074044562876225, 0.027273977175354958, -0.011499043554067612, -0.005530331749469042, -0.003807161236181855, -0.0021109681110829115, 0.004576012492179871, -0.023793915286660194, -0.005149278324097395, -0.0013404310448095202, 0.0011802536901086569, -0.027813522145152092, 0.028002362698316574, -0.014243976213037968, 0.0035744826309382915, 0.03328989818692207, 0.03045728988945484, 0.010244602337479591, 0.008990161120891571, 0.006653259042650461, 0.029755882918834686, -0.009327376261353493, 0.016280757263302803, -0.04014211520552635, -0.006083365064114332, -0.00133790192194283, -0.00044006604002788663, 0.008160611614584923, 0.008221310563385487, 0.0025527202524244785, -0.031617309898138046, 0.007553623989224434, 0.01808823086321354, 0.01749473251402378, -0.00655883876606822, -0.023159950971603394, 0.00429275119677186, 0.0077087427489459515, 0.013218841515481472, 0.02012501284480095, 0.003719485364854336, 0.014513748697936535, -0.003085520351305604, -0.017697062343358994, -0.014716077595949173, -0.004646827466785908, -0.01700914278626442, -0.004346705973148346, 0.018371492624282837, 0.019787795841693878, -0.00019189661543350667, -0.0012325220741331577, 0.010217624716460705, -0.007041056640446186, 0.017535198479890823, -0.015498417429625988, 0.004124143626540899, -0.0010183904087170959, 0.0001568051375215873, 0.04607710614800453, -0.005719172302633524, 0.008248287253081799, 0.015660280361771584, -0.041895635426044464, 0.02106921561062336, 0.029243314638733864, -0.00017503583512734622, 0.014068624004721642, -0.014257464557886124, -0.03374851122498512, -0.011896957643330097, -0.01372466515749693, 0.017737528309226036, 0.009887154214084148, 0.005870919208973646, -0.03873929753899574, -0.010183903388679028, -0.011748583056032658, -0.009111559018492699, 0.0212175901979208, -0.008383173495531082, 0.02526417374610901, -0.01780497096478939, -0.002161550335586071, 0.012463479302823544, -0.038793254643678665, -0.006616164930164814, -0.024306481704115868, -0.032075922936201096, 0.010035528801381588, 0.01668541505932808, -0.0023874847684055567, 0.007101755123585463, -0.003048426704481244, -0.001505666528828442, 0.00857875868678093, 0.03695880249142647, -0.014716077595949173, 0.0009399877744726837, 0.001856370479799807, 0.010750425048172474, 0.020340830087661743, 0.03604157641530037, 0.003743090433999896, 0.015646792948246002, 0.007014079485088587, 0.008389918133616447, 0.02384786866605282, -0.02217528223991394, -0.009145280346274376, 0.011438344605267048, 0.017400311306118965, -0.011175316758453846, 0.010096227750182152, 0.010096227750182152, 0.005779871251434088, -0.009442029520869255, -0.006447557359933853, -0.024117641150951385, -0.00616429653018713, -0.028191203251481056, -0.016955187544226646, -0.016118893399834633, -0.018020788207650185, -0.031752198934555054, 0.010595305822789669, -0.01325256284326315, -0.008207821287214756, 0.013663966208696365, -0.015201668255031109, 0.004667060449719429, -0.016941698268055916, 0.026248842477798462, -0.010629028081893921, 0.006488023325800896, 0.007041056640446186, -0.010089483112096786, -0.0081943329423666, -0.03655414283275604, 0.0068994262255728245, 0.0037329739425331354, -0.012294871732592583, 0.0077964188531041145, -0.00904411543160677, -0.016617972403764725, -0.001631279243156314, -0.013704432174563408, 0.04275890812277794, -0.006241856142878532, -0.005156022496521473, 0.016968676820397377, -0.024724628776311874, -0.0058473143726587296, -0.04507894814014435, -0.021635737270116806, -0.023807404562830925, 0.00343285221606493, 0.021595271304249763, 0.00990738719701767, 0.01967988722026348, -0.018506377935409546, -0.03525923565030098, -0.00011749847180908546, -0.03396432846784592, 0.015012827701866627, -0.008666434325277805, 0.02638372965157032, 0.016658438369631767, -0.011600208468735218, -0.007209664210677147, 0.021312009543180466, 0.01839846931397915, -0.0002710368426050991, 0.0040432121604681015, 0.021811088547110558, -0.008335963822901249, 0.00795153807848692, -0.004484964068979025, 0.028164226561784744, -0.03148242458701134, -0.032831285148859024, 0.027597704902291298, 0.02682885341346264, 0.008396661840379238, -0.006811750121414661, -0.005833825562149286, -0.026896296069025993, -0.0006887623458169401, -0.014055135659873486, -0.012119519524276257, -0.006396975368261337, -0.02747630700469017, -0.004323100671172142, 0.010730192065238953, -0.005435911472886801, -0.004417520947754383, 0.019423604011535645, -0.0052032326348125935, -0.01746775582432747, -0.019288718700408936, 0.006096853408962488, -0.0066701197065413, -0.015606326051056385, 0.018290560692548752, -0.0212175901979208, 0.02450881153345108, -0.007175942417234182, 0.021500850096344948, -0.016267267987132072, -0.004973926581442356, 0.007540135178714991, 0.01684727892279625, -0.026100467890501022, -0.02402322180569172, 0.009232955984771252, -0.010831356979906559, 0.0008628497598692775, 0.02154131606221199, -0.0020165478345006704, -0.01668541505932808, -0.0029590646736323833, -0.00033468622132204473, 0.007142221089452505, 0.0035373889841139317, -0.008248287253081799, -0.0015402310527861118, -0.016671927645802498, -0.014082113280892372, -0.010979731567203999, -0.020880375057458878, 0.011559742502868176, -0.006855587940663099, -0.03485457971692085, -0.0163886658847332, -0.02295762114226818, -0.011539509519934654, -0.01458119135349989, -0.006049643270671368, 0.01746775582432747, 0.020691534504294395, -0.03215685486793518, 0.011303458362817764, -0.010312044993042946, -0.002761793788522482, -0.012409524992108345, -0.006926403380930424, -0.009678080677986145, -0.017521709203720093, 0.030807994306087494, -0.01553888339549303, -0.02574976347386837, -0.012240917421877384, 0.019396627321839333, 0.00729734031483531, 0.018047764897346497, -0.02452230080962181, 0.010413209907710552, -0.003904953831806779, 0.010716703720390797, -0.04108631983399391, 0.0072501301765441895, 0.008733877912163734, -0.032669421285390854, -0.0124769676476717, -0.0012696158373728395, -0.0006946636131033301, -0.0017568919574841857, -0.009691569022834301, 0.025965582579374313, 0.004973926581442356, -0.019895706325769424, 0.021649224683642387, 0.0066431425511837006, 0.025061843916773796, -0.005419050808995962, -0.023025063797831535, -0.01684727892279625, 0.013771874830126762, -0.024427879601716995, 0.028838656842708588, -0.005419050808995962, 0.004609733819961548, 0.030807994306087494, 0.03204894810914993, 0.03984536603093147, 0.009489240124821663, 0.004629966802895069, -0.010696470737457275, 0.012847905047237873, 0.015242134220898151, -0.023227393627166748, -0.006440813187509775, -0.00429275119677186, 0.0260465145111084, 0.013218841515481472, -0.012692785821855068, 0.0048390403389930725, 0.007776185870170593, -0.009664592333137989, -0.011964400298893452, -0.03811882436275482, 0.021892020478844643, 0.014055135659873486, 0.015053292736411095, 0.004188214428722858, 0.017251936718821526, 0.02245854213833809, -0.0004295280377846211, -0.029243314638733864, -0.01714402809739113, 0.02748979441821575, -0.03736346215009689, -0.008646201342344284, 0.01700914278626442, -0.021123168990015984, -0.005675334483385086, 1.9478795820759842e-06, 0.0010183904087170959, -0.003075404092669487, 0.011155083775520325, -0.002402659272775054, -0.013070466928184032, -0.014756543561816216, -0.0008025725255720317, -0.005887779872864485, 0.00198788451962173, 0.01994965970516205, -0.022822733968496323, 0.007654788438230753, 0.007465947885066271, -0.0240367092192173, 0.007432226091623306, 0.013839317485690117, 0.008403406478464603, 0.018074743449687958, -0.008018980734050274, 0.01826358400285244, -0.005317885894328356, 0.0006744306883774698, -0.022134816274046898, 0.02682885341346264, 0.030646130442619324, -0.002230679616332054, 0.028946565464138985, 0.01593005284667015, -0.026734432205557823, -0.00133790192194283, -0.014216999523341656, -0.017265425994992256, -0.0006862332229502499, 0.008862019516527653, -0.024292994290590286, -0.006346392910927534, -0.02027338743209839, 0.018007298931479454, -0.0234027449041605, 0.005122301168739796, -0.011128106154501438, -0.024144619703292847, -0.03490853309631348, 0.03134753927588463, 0.004157865419983864, -0.020475715398788452, 0.016442621126770973, 0.006096853408962488, -0.011128106154501438, 2.8110060156905092e-05, -0.0305921770632267, 0.0002733551955316216, -0.03172522038221359, -0.011128106154501438, 0.03477364778518677, -0.0004624065477401018, -0.00983994361013174, 0.0030990091618150473, 0.011188805103302002, -0.009442029520869255, 0.02373996004462242, 0.2150624543428421, -0.013657221570611, -0.0016085172537714243, 0.01745426654815674, -0.021460384130477905, -0.0022171910386532545, 0.011843003332614899, 0.01872219704091549, 0.009172257967293262, 0.0019002085318788886, -0.025520456954836845, -0.01825009472668171, -0.018627775833010674, -0.005375212524086237, -0.002191899809986353, -0.021878531202673912, -0.05020461976528168, -0.04448544979095459, -0.005402189679443836, -0.006933147553354502, 0.0006824395386502147, -0.008174099959433079, -0.016307733952999115, -0.0053145140409469604, 0.03623041883111, 0.009502728469669819, 0.011492298915982246, -0.010797635652124882, -0.006413836032152176, -0.0035340168979018927, -0.008484338410198689, -0.012820927426218987, 0.0016177906654775143, -0.005459516309201717, -0.0004539761575870216, -0.01684727892279625, -0.004535546526312828, -0.016118893399834633, -0.004124143626540899, 0.004926716443151236, -0.008261775597929955, 0.031455446034669876, 0.03123963065445423, -0.005051485728472471, -0.0015006082830950618, 0.020232921466231346, -0.008005492389202118, 0.011128106154501438, 0.01590307615697384, -0.011593463830649853, -0.022121326997876167, -0.005233582109212875, 0.017899390310049057, 0.022539474070072174, -0.0065622106194496155, 0.0009711802122183144, 0.01325256284326315, -0.0022795756813138723, -0.025183241814374924, 0.029270293191075325, 0.006761167664080858, 0.020421762019395828, 0.006973613519221544, 0.015390508808195591, -0.017737528309226036, 0.011067408137023449, -0.0005888622836209834, 0.018169162794947624, -0.003813905641436577, -0.0011102815624326468, -0.02011152356863022, 0.0027601076290011406, -0.011033685877919197, -0.0078031630255281925, -0.021892020478844643, -0.01858730986714363, 0.018371492624282837, -0.003304710378870368, 0.014257464557886124, 0.000524369883351028, -0.015997495502233505, 0.013407682068645954, -0.0045186858624219894, 0.01745426654815674, -0.009152024984359741, -0.031617309898138046, 0.03668903186917305, 0.01994965970516205, 0.006046271417289972, -0.011411366984248161, 0.004633339121937752, -0.023605074733495712, -0.012281383387744427, 0.010595305822789669, 0.005402189679443836, 0.014850963838398457, 0.009934363886713982, 0.02437392622232437, -0.032696399837732315, -0.0001134940393967554, -0.027840498834848404, 0.021635737270116806, 0.012524178251624107, -0.028973542153835297, -0.016617972403764725, 0.007041056640446186, 0.025857672095298767, 0.020232921466231346, 0.008713644929230213, -0.010898799635469913, -0.019275229424238205, -0.020219432190060616, 0.012679297477006912, -0.016159359365701675, -0.0012839474948123097, 0.006805005948990583, 0.015727723017334938, -0.0038611157797276974, 0.010662749409675598, -0.021770622581243515, -0.008221310563385487, -0.026882806792855263, -0.0017821830697357655, -0.005129045341163874, 0.000304126093396917, -0.007513158023357391, -0.01687425561249256, 0.0006318572559393942, 0.00019843016343656927, -0.02856888435781002, 0.012517433613538742, -0.010898799635469913, 0.001639709691517055, -0.007317573297768831, -0.019140344113111496, -0.0173058919608593, 0.012335337698459625, -0.0058473143726587296, 0.0009812966454774141, -0.018681731075048447, -0.003783556167036295, 0.00018315008492209017, -0.011215782724320889, -0.003810533555224538, 0.020961306989192963, -0.01860079914331436, 0.013232329860329628, -0.02155480533838272, 0.00452880235388875, -0.00913853570818901, -0.04578035697340965, -0.0013733095256611705, 0.011755326762795448, -0.017697062343358994, 0.024266015738248825, -0.00627557747066021, -0.012443246319890022, -0.027044670656323433, 0.012739995494484901, 0.024131130427122116, -0.03307408094406128, 0.014095601625740528, 0.028056317940354347, -0.04443149268627167, -0.012618598528206348, -0.035502031445503235, -0.1727621704339981, 0.029297269880771637, -0.001009116880595684, -0.016631461679935455, 0.010244602337479591, -0.014797009527683258, 0.025520456954836845, -0.021271543577313423, 0.004866017494350672, -0.009098069742321968, 0.004002746194601059, -0.013454892672598362, -0.013677454553544521, -0.0006112028495408595, 0.0013345297193154693, 0.011337179690599442, -0.006872448604553938, 0.00834270752966404, 0.043298449367284775, -0.02089386247098446, 0.05006973445415497, -0.02388833463191986, 0.02716606855392456, -0.010473908856511116, -0.002581383567303419, 0.012470223940908909, 0.00429275119677186, 0.009152024984359741, -0.002255970612168312, -0.008275264874100685, -0.03196801617741585, 0.009219467639923096, 0.013765130192041397, 0.0187491737306118, 0.03043031319975853, 0.009253188967704773, -0.0036014600191265345, -0.004916599951684475, -0.016779836267232895, 0.025722786784172058, 0.02682885341346264, 0.038928139954805374, 0.008572014048695564, -0.004525430034846067, -0.009023882448673248, 0.01218021847307682, 0.01953151263296604, 0.018641265109181404, 0.008032470010221004, -0.008369685150682926, 0.006784772966057062, -0.020354319363832474, 0.011998122557997704, 0.008706900291144848, -0.007128732278943062, 0.020839909091591835, 0.009738779626786709, 0.007998747751116753, 0.021015260368585587, -0.016334710642695427, 0.005530331749469042, -0.02043524943292141, -0.01140462327748537, -0.005934990011155605, -0.003834138624370098, -0.018614286556839943, -0.004221936222165823, -0.013009767979383469, -0.0036655308213084936, 0.006764539983123541, -0.01343465968966484, -0.01116182841360569, -0.008059446699917316, -0.023915313184261322, 0.02811027131974697, -0.009968086145818233, -0.017562175169587135, 0.004579384345561266, -0.0032760470639914274, 0.0010293498635292053, -0.006798261310905218, 0.04561849310994148, -0.030322404578328133, 0.007776185870170593, 0.0008742308127693832, 0.007020823657512665, 0.004785086028277874, 0.009091326035559177, -0.005307769402861595, -0.009077836759388447, 0.029081452637910843, -0.024252528324723244, -0.0008443029364570975, -0.027395375072956085, 0.005105440504848957, 0.005081835202872753, 0.025345105677843094, 0.012342081405222416, -0.0028460975736379623, -0.04324449598789215, -0.0013488613767549396, 0.004801946692168713, -0.012375803664326668, 0.01668541505932808, 0.015107247978448868, 0.016577506437897682, 0.005752893630415201, 0.012578132562339306, 0.02011152356863022, 0.010770658031105995, -0.03358664736151695, 0.01327279582619667, 0.03819975629448891, 0.02077246643602848, 0.003100695088505745, -0.006673491559922695, -0.012753484770655632, -0.006120458710938692, 0.008693411946296692, -0.021177124232053757, 0.055627044290304184, 0.008248287253081799, -0.008180844597518444, -0.0028309228364378214, 0.016132382676005363, -0.011809281073510647, -0.09582311660051346, -0.04232726991176605, 0.004663688130676746, 0.012200451456010342, -0.0005884408019483089, 0.02448183484375477, 0.01745426654815674, 0.026774898171424866, -0.03712066635489464, 0.03906302526593208, -0.0070005906745791435, -0.019410114735364914, -0.00913179200142622, -0.011735093779861927, 0.06539279967546463, -0.007391760591417551, 0.006980357691645622, 0.003989257384091616, 0.00013962823140900582, 0.03825370967388153, 0.00261510512791574, -0.022269701585173607, -0.002018233761191368, -0.025345105677843094, -0.012288127094507217, -0.025520456954836845, -0.02747630700469017, 0.011249504052102566, 0.01404164731502533, 0.009037371724843979, -0.0130232572555542, 0.002640396123751998, 0.013158142566680908, -0.02496742457151413, -0.004194959066808224, 0.002549347933381796, -0.03482760116457939, 0.01858730986714363, -0.003490178845822811, -0.025007890537381172, -0.010116460733115673, 0.0257632527500391, -0.0058540585450828075, -0.020354319363832474, -0.018654752522706985, 0.01334698311984539, -0.02000361494719982, -0.005523587577044964, -0.004663688130676746, 0.006410463713109493, -0.011357412673532963, 0.003652042243629694, 0.004326472990214825, -0.005796731915324926, 0.029216337949037552, 0.002210446633398533, 0.010183903388679028, 0.016186336055397987, 0.020367806777358055, -0.025952093303203583, -0.02747630700469017, 0.034584805369377136, -0.026154423132538795, 0.023065529763698578, -0.007911072112619877, -0.014702589251101017, -0.0041814702562987804, -0.0016017729649320245, -0.02542603760957718, -0.0025038239546120167, -0.026033025234937668, 0.028191203251481056, -0.0062115066684782505, 0.030861949548125267, 0.014783521182835102, -0.008018980734050274, -0.019396627321839333, 0.005095324013382196, 0.01671239361166954, -0.015120736323297024, -0.0008042586268857121, -0.012092542834579945, 0.022728314623236656, 0.006676863878965378, 0.03979141265153885, 0.015525395050644875, 0.005223465617746115, 0.01458119135349989, -0.0038509992882609367, -0.026194889098405838, -0.011667651124298573, 0.038334641605615616, -0.009529706090688705, -0.004076933488249779, 0.03072706237435341, 0.0041376324370503426, -0.012207196094095707, -0.03482760116457939, 0.0006773813511244953, -0.005769754759967327, -0.013751641847193241, 0.00030222925124689937, -0.07461901009082794, 0.019558491185307503, 0.0051897442899644375, -0.0074524590745568275, -0.009664592333137989, -0.0030585431959480047, -0.01544446311891079, 0.016510063782334328, -0.011438344605267048, 0.011499043554067612, 0.0001465832901885733, 0.028487952426075935, -0.0130232572555542, -0.009111559018492699, -0.00015143076598178595, 0.002655570860952139, 0.014095601625740528, -0.009455518797039986, 0.01594354212284088, 0.01935616135597229, -0.02077246643602848, 0.01891103759407997, 0.014608168974518776, -0.012321848422288895, 0.02154131606221199, 0.00467717694118619, -0.023955779150128365, 0.02588465064764023, 0.0032086039427667856, -0.008059446699917316, 0.024279505014419556, -0.024252528324723244, -0.01273325178772211, -0.005506726447492838, -0.02016547881066799, -0.025938604027032852, 0.008403406478464603, -0.006538605783134699, -0.0039015815127640963, 0.028595861047506332, -0.016914721578359604, -0.031914059072732925, 0.019706865772604942, -0.009570172056555748, -0.016617972403764725, -0.005816964898258448, 0.019167320802807808, 0.008403406478464603, 0.020232921466231346, -0.010258090682327747, 0.0011988005135208368, 0.019410114735364914, 0.006346392910927534, -0.005732661113142967, 0.008936206810176373, -0.006697096861898899, 0.02400973252952099, -0.007061289623379707, -0.026451172307133675, -0.028784701600670815, 0.009098069742321968, 0.018830105662345886, 0.0037903005722910166, 0.012618598528206348, -0.0018091603415086865, -0.002308238996192813, -0.0028241786640137434, -0.012126264162361622, -0.0034041889011859894, -0.044404517859220505, -0.03620344027876854, -0.006083365064114332, 0.0047210147604346275, 0.013279540464282036, 0.004404032602906227, -0.0005977142136543989, -0.024616720154881477, 0.006147435866296291, -0.015080270357429981, 0.01350884698331356, 0.004805318545550108, -0.004188214428722858, -0.029917744919657707, 0.01858730986714363, 0.0017939856043085456, 0.03183312714099884, -0.00534149119630456, -0.015835633501410484, 0.006852216087281704, 0.0030619152821600437, -0.0124769676476717, 0.005149278324097395, -0.0226608719676733, -0.012038587592542171, 0.018857082352042198, -0.004343333654105663, 0.008963184431195259, 0.016510063782334328, 0.018020788207650185, 0.008241543546319008, -0.0035340168979018927, -0.001222405699081719, -0.011910445988178253, -0.0318601056933403, -0.015889586880803108, -0.00930039957165718, -0.00014236810966394842, -0.004498452879488468, 0.0005863331607542932, -1.888603492261609e-06, 0.001722327433526516, 0.03261546790599823, 0.020947817713022232, 0.02074548788368702, -0.00267580384388566, -0.009172257967293262, 0.009340865537524223, -0.03852348029613495, -0.016617972403764725, 0.023645540699362755, -0.0018277071649208665, 0.026572570204734802, 0.015269110910594463, -0.007128732278943062, 0.022890178486704826, -0.0033215712755918503, 0.015700746327638626, -0.018317537382245064, -0.013137909583747387, -0.028757724910974503, 0.02105572633445263, -0.016779836267232895, -0.04308263212442398, -0.008282008580863476, 0.0020047451835125685, 0.012530921958386898, -0.018803127110004425, 0.010575073771178722, -0.0036419257521629333, 0.030781017616391182, 0.011209038086235523, 0.0023723100312054157, 0.000307076727040112, -0.02511579915881157, 0.03741741552948952, 0.01122252643108368, -0.009388075210154057, -0.0004417521122377366, 0.0031748826149851084, 0.0203003641217947, -0.016118893399834633, 0.010709959082305431, -0.014324908144772053, 0.0006461889133788645, -0.0157547015696764, 0.0017088387394323945, 0.018331026658415794, -0.015188178978860378, 0.0019659653771668673, 0.024266015738248825, -0.013218841515481472, 0.018344515934586525, 0.008828298188745975, -0.012159985490143299, 0.01607842743396759, 0.008706900291144848, 0.0011254561832174659, -0.022404586896300316, -0.046131059527397156, 0.0020384667441248894, 0.026262331753969193, 0.004538918379694223, -0.0014188336208462715, 0.027381885796785355, -0.02778654545545578, 0.00729734031483531, 0.011579975485801697, -0.005037997383624315, 0.015039804391562939, 0.0010554840555414557, 0.01452723704278469, -0.03412619233131409, -0.03682391718029976, 0.0081943329423666, -0.002158178249374032, -0.007081522140651941, -0.012996279634535313, -0.015269110910594463]"
U79199,N37083 N459 N29499 N38118 N37378 N24691 N27235 N34694 N13137 N35022 N16617 N39762 N35452 N58580 N1258 N24492 N31801 N43142 N14761,"[-0.02856248989701271, -0.02463054470717907, 0.02758936770260334, -0.0012739370577037334, -0.018883856013417244, -0.007955942302942276, 0.01550422515720129, 0.003688664175570011, -0.027142256498336792, -0.022802650928497314, 0.023499617353081703, 0.010908188298344612, -0.0020974758081138134, -0.008744961582124233, -0.012604579329490662, -0.0003760168910957873, 0.03177116811275482, 0.018489347770810127, 0.004217964597046375, -0.04555270075798035, 0.0003513600677251816, -0.009487953968346119, -0.02194788120687008, 0.041344597935676575, -0.029430411756038666, -0.007337877526879311, 0.03027203120291233, -0.023486467078328133, -0.006785564124584198, -0.015780381858348846, 0.010388751514256, 0.016411596909165382, -0.011440776288509369, -0.019883280619978905, -0.025472166016697884, -0.03955615684390068, 0.0024870538618415594, -0.012644031085073948, 0.003951670601963997, -0.0018854268128052354, -0.0004742333258036524, -0.020922156050801277, 0.00030636132578365505, -0.019238915294408798, -0.022842101752758026, 0.02346016652882099, -0.014110291376709938, -0.019436169415712357, -0.011861586943268776, 0.008389903232455254, 0.027168557047843933, 0.0029686843045055866, -0.016451047733426094, -0.0022519920021295547, 0.0033796317875385284, -0.003022929420694709, -0.00010715454118326306, 0.01902851089835167, -0.0029243018943816423, 0.0026037630159407854, 0.022276638075709343, 0.00915919616818428, -0.01182871125638485, -0.006200375035405159, -0.012519102543592453, 0.0012065416667610407, 0.002110626082867384, 0.00775868771597743, 0.00046231586020439863, -0.001762142637744546, 0.03269169107079506, 0.012532252818346024, -0.003221827792003751, 0.006124760489910841, 0.032323479652404785, -0.03313880041241646, -0.004875480197370052, 0.01854194886982441, -0.005631623789668083, -0.012025965377688408, 0.013413324020802975, -0.012900461442768574, -0.010395326651632786, 0.014570551924407482, 0.012170619331300259, 0.01230869721621275, -0.011309273540973663, 0.029693417251110077, -0.03568996116518974, -0.001514752279035747, 0.012137743644416332, 0.02198733203113079, 0.010296698659658432, 0.029693417251110077, 0.013268670998513699, 0.021921580657362938, -0.005174649879336357, 0.05391630157828331, 0.008146622218191624, -0.004717676434665918, -0.008593732491135597, 0.0025626681745052338, -0.021895280107855797, -0.01902851089835167, 0.008909340016543865, -0.003338536946102977, 6.324738023977261e-06, 0.0007339520961977541, 0.011434201151132584, -0.010809561237692833, 0.004605898633599281, 0.011743233539164066, 0.013847284950315952, -0.0013733863597735763, -0.002163227181881666, -0.011874737218022346, 0.014978212304413319, -0.02589297667145729, -0.011421050876379013, -0.007982242852449417, 0.009869313798844814, -0.02974601835012436, -0.01269663218408823, -0.018226340413093567, 0.023867826908826828, -0.014570551924407482, -0.03274429216980934, 0.013413324020802975, -0.0018426883034408092, 0.0077389623038470745, 0.05339029058814049, 0.026524191722273827, 0.01831839233636856, 0.005496833007782698, 0.004619049374014139, 0.015964485704898834, -0.03632117807865143, 0.022565945982933044, 0.008403053507208824, -0.049708202481269836, 0.005322590935975313, 0.023118259385228157, -0.0014637947315350175, -0.021619122475385666, 0.0004199882678221911, -0.008008543401956558, 0.03474314138293266, -0.0045401472598314285, 0.0019446032820269465, 0.01729266718029976, -0.002745128935202956, 0.030193129554390907, 0.007166923023760319, -0.01929151639342308, 0.009251249022781849, 0.02730005979537964, -0.011684057302772999, 0.030166829004883766, 0.015609427355229855, -0.02317086048424244, -0.01802908629179001, 0.011486802250146866, -0.002478834940120578, 0.016911309212446213, -0.0210010576993227, 0.02273689955472946, -0.012624304741621017, -0.004793290980160236, -0.010691208764910698, -0.005733538419008255, 0.0015131084946915507, 0.027904974296689034, -0.009330150671303272, 0.02272374927997589, 0.027221158146858215, 0.010283548384904861, -0.006923642475157976, 0.004559872671961784, -0.021408718079328537, -0.014123441651463509, -0.03742580488324165, 0.023354964330792427, 0.013005664572119713, 0.035505857318639755, -0.013557977974414825, -0.005513270851224661, 0.011874737218022346, -0.01931781694293022, 0.011105443350970745, -0.014754656702280045, 0.0016561181982979178, 0.023552218452095985, 0.008100596256554127, -0.014846708625555038, -0.6442603468894958, -0.0017555673839524388, -0.022368689998984337, 0.023289212957024574, 0.016700902953743935, 0.002547874115407467, 0.003455246100202203, 0.003731402801349759, -0.020830104127526283, 0.022131985053420067, 0.00767978560179472, 0.017700327560305595, -0.006936792749911547, -0.0020169299095869064, -0.005454094149172306, -0.01637214608490467, -0.002996628638356924, 0.007712661288678646, 0.006677073892205954, -0.012394174933433533, -0.009619457647204399, 0.012532252818346024, -0.0014317408204078674, -0.014189193025231361, 0.02289470285177231, -0.0018607699312269688, 0.026958150789141655, -0.030324632301926613, 0.0004845070361625403, 0.011250097304582596, -0.0217374749481678, 0.03490094467997551, -0.006374616641551256, -0.00914604589343071, 0.047919757664203644, 0.004352755378931761, -0.02858879044651985, 0.01876550354063511, 0.0055165584199130535, 0.01881810463964939, -0.00937617663294077, 0.0011670907260850072, -0.004204814322292805, 0.005227251444011927, -0.015267519280314445, 0.002559380605816841, 0.0022930866107344627, 0.011506528593599796, -0.008324150927364826, 0.015214918181300163, 0.0034486709628254175, 0.016727203503251076, -0.009704934433102608, 0.021303515881299973, 0.0012320204405114055, -0.006499544717371464, 0.0297723188996315, -0.031587064266204834, -0.012275821529328823, -0.000284786568954587, 0.004165363032370806, 0.012670331634581089, -0.008120321668684483, -0.020119985565543175, 0.01487300917506218, 0.03124515525996685, -0.04702553525567055, 0.02102735824882984, 0.028878098353743553, 0.01804223656654358, -0.002332537667825818, 0.02197418175637722, -0.006522557698190212, -7.016927702352405e-05, 0.006512694992125034, 0.003928657621145248, -0.0013059909688308835, 0.018252640962600708, -0.019646575674414635, 0.0007454586448147893, -0.011631456203758717, -0.01246650144457817, -0.0023308938834816217, 0.025971878319978714, 0.011375024914741516, 0.01634584553539753, -0.027641968801617622, 0.02785237319767475, 0.019330967217683792, -0.0007873752620071173, 0.02491985261440277, 0.03377001732587814, -0.0041127619333565235, -0.018962757661938667, 0.0067329625599086285, -0.013505376875400543, -0.01952822133898735, 0.007022269535809755, 0.03689979016780853, -0.015399022027850151, 0.02144816890358925, 0.004280428402125835, 0.009317000396549702, 0.01380783412605524, 0.006062296684831381, 0.01876550354063511, -0.050181612372398376, 0.0106123061850667, 0.018673451617360115, -0.008817288093268871, -0.0019659725949168205, -0.005999832414090633, -0.0075877332128584385, -0.010724084451794624, -0.021776925772428513, -0.026221733540296555, 0.023473316803574562, 0.004776853136718273, -0.021290363743901253, -0.03495354577898979, 0.0009279192890971899, -0.007226099725812674, -0.011079142801463604, -0.012420475482940674, 0.006936792749911547, 0.01858139969408512, -0.0082912752404809, 0.000617654004599899, 0.010152045637369156, -0.00940247718244791, -0.01951507106423378, 0.0036656511947512627, 0.0056743621826171875, 0.012913611717522144, 0.007817864418029785, 0.029719717800617218, -0.0035966120194643736, -0.017476772889494896, -0.009586581960320473, -0.007719236426055431, 0.010138895362615585, 0.005108898505568504, 0.014610002748668194, -0.018370993435382843, -0.0009764111018739641, -0.039214249700307846, -0.006216812878847122, 0.004362618084996939, -0.020198889076709747, 5.568337655859068e-05, -0.006466669030487537, -0.00915919616818428, 0.00866605993360281, 0.01608283817768097, 0.0056283362209796906, 0.0037938666064292192, -0.019896430894732475, -0.01854194886982441, 0.005286427680402994, -0.011427626013755798, 0.004448094870895147, 0.011651181615889072, -0.022763200104236603, -0.02118516154587269, 0.008810712955892086, -0.012867585755884647, 0.010520254261791706, -0.029430411756038666, -0.00567764975130558, -0.006200375035405159, 0.00659488420933485, -0.009547131136059761, 0.03384891897439957, 0.008731811307370663, 0.010079719126224518, -0.020054234191775322, -0.004510559141635895, 0.021421868354082108, 0.0017637864220887423, 0.024840950965881348, 0.018476197496056557, -0.019330967217683792, -0.014189193025231361, -0.03348070755600929, 0.03653158247470856, 0.0005847782013006508, -0.01612228900194168, 0.012354724109172821, -0.011250097304582596, 0.021172011271119118, -0.0004832741688005626, 0.02856248989701271, 0.011092293076217175, 0.011322423815727234, -0.010559705086052418, -0.004089748952537775, -0.009238098748028278, 0.008567431941628456, 0.005138486623764038, 0.031402960419654846, 0.018463047221302986, -0.008218948729336262, 0.01050052884966135, 0.007166923023760319, -0.006246400997042656, -0.021277213469147682, 0.003507847199216485, -0.01609598845243454, 0.042633332312107086, 0.022592246532440186, -0.0013216069201007485, -0.01777922920882702, -0.02222403697669506, -0.01073065958917141, -0.006759263575077057, 0.025787772610783577, 0.0034848342183977365, 0.018923306837677956, 0.002342400373890996, 0.01538587175309658, -0.012242945842444897, 0.015754081308841705, 0.0028667692095041275, 0.009639183059334755, -0.011460501700639725, -0.00690391706302762, 0.0024936289992183447, -0.012091717682778835, 0.0025215735659003258, -0.01563572883605957, 0.002853618934750557, 0.027904974296689034, 0.01184186153113842, 0.012164044193923473, -0.014333846047520638, -0.02974601835012436, -0.0019166588317602873, -0.0038431803695857525, 0.025485316291451454, -0.00769293587654829, -0.01781868003308773, 0.005799290258437395, 0.025735171511769295, 0.020382992923259735, 0.012150893919169903, -0.012190344743430614, 0.03863563388586044, -0.0004302619490772486, -0.015569976530969143, -0.029588215053081512, -0.01952822133898735, -0.01123037189245224, -0.02585352584719658, 0.011256672441959381, 0.003149501048028469, -0.025235459208488464, 0.024748899042606354, 0.0007791563402861357, 0.02072490192949772, 0.021803226321935654, 0.001451466348953545, -0.0021089822985231876, -0.003830030094832182, -0.0018180314218625426, -0.0012607867829501629, 0.00793621689081192, -0.006568583659827709, -0.008126896806061268, -0.015122865326702595, 0.011256672441959381, -0.011125168763101101, -0.03179746866226196, 0.008107171393930912, -0.011677482165396214, 0.001640502130612731, -0.00235390686430037, -0.01954137161374092, 0.006568583659827709, 0.018870705738663673, -0.002666227053850889, -0.007475955877453089, -0.019133713096380234, 0.028404686599969864, 0.01500451285392046, -0.016174890100955963, -0.0021977468859404325, 0.0008564144372940063, -0.021303515881299973, -0.01450480055063963, 0.025209158658981323, 0.004033859819173813, 0.018857555463910103, -0.02271059900522232, 0.03513764962553978, -0.004793290980160236, -0.01097394060343504, 0.013991937972605228, -0.015451623126864433, 0.018186889588832855, -0.012229795567691326, 0.023762624710798264, -0.006466669030487537, -0.001862413715571165, 0.003373056650161743, 0.02219773642718792, -0.0011218865402042866, -0.007482531014829874, -0.022526495158672333, -0.018844405189156532, 0.005036571528762579, -0.00611161021515727, -0.015477924607694149, -0.024288637563586235, -0.003800441976636648, -0.010553129948675632, 0.016437897458672523, -0.015451623126864433, -0.008462229743599892, 0.007278700824826956, -0.005569159518927336, -0.013965637423098087, -0.015714630484580994, -0.01014547049999237, -0.0027369100134819746, 0.1477043777704239, 0.004908356349915266, 0.0006677896017208695, 0.025919277220964432, -0.0007610746542923152, 0.015569976530969143, -0.013387023471295834, -0.028904398903250694, 0.0046256245113909245, -0.019449319690465927, -0.003402644768357277, -0.005825590807944536, 0.020711749792099, -0.015793532133102417, 0.0052009508945047855, 0.0023144560400396585, 0.013235795311629772, -0.03763620927929878, 0.033322904258966446, -0.011171194724738598, -0.01951507106423378, 0.005269989836961031, 0.003373056650161743, 0.02779977209866047, 0.006233250722289085, -0.019160013645887375, 0.0026728021912276745, 0.010980515740811825, 0.00440206890925765, -0.010250672698020935, 0.0023555506486445665, 0.025301212444901466, 0.008981667459011078, -0.006312152370810509, 0.002317743608728051, -0.0015780380927026272, 0.021303515881299973, -0.0005736825987696648, 0.011263247579336166, -0.02706335484981537, 0.02882549725472927, 0.036215975880622864, 0.007752112578600645, -0.02246074378490448, 0.0022519920021295547, -0.023013057187199593, -0.023499617353081703, 0.02877289615571499, -0.014386448077857494, -0.015254369005560875, 0.04218621924519539, -0.0007401163456961513, -0.010875312611460686, -0.01781868003308773, -0.024091381579637527, 0.006969668436795473, 0.020645998418331146, 0.018502498045563698, -0.007640334777534008, 0.025025054812431335, 8.357643673662096e-05, -0.0009772330522537231, -0.014715205878019333, -0.00012646907998714596, 0.00187885167542845, -0.01851564832031727, -0.023039357736706734, -0.006420642603188753, 0.0049313693307340145, -0.02680034749209881, 0.010901613160967827, 0.012505952268838882, -0.009014543145895004, 0.03398042172193527, 0.031876370310783386, 0.012032540515065193, 0.003787291469052434, 0.008258399553596973, 0.023276062682271004, -0.005851891357451677, 0.011947063729166985, -0.03148186206817627, 0.008357026614248753, -0.011631456203758717, -0.007857315242290497, 0.0034585336688905954, -0.00852140597999096, 0.005579022224992514, -0.021093109622597694, -0.006292426958680153, -0.002733622444793582, 0.03345440700650215, -0.006384479347616434, -0.024275487288832664, 0.003576886374503374, 0.01779237948358059, 0.009172346442937851, 0.019856980070471764, -0.000100219804153312, 0.017910733819007874, -0.016779806464910507, -0.017858130857348442, -0.020777503028512, -0.0002997861593030393, -0.016464198008179665, -0.0019084399100393057, 0.0008818932110443711, -0.0027632105629891157, -0.0037708536256104708, -0.012479651719331741, 0.024065081030130386, -0.014241794124245644, 0.015688329935073853, -0.0124533511698246, 0.012012815102934837, 0.025761472061276436, 0.005154924467206001, 0.04371165484189987, 0.01976492814719677, 0.013018814846873283, -0.0018854268128052354, -0.04121309518814087, 0.025524767115712166, 0.028957000002264977, -0.016188042238354683, 0.018410444259643555, -0.024301787838339806, -0.031087351962924004, -0.0023884265683591366, -0.01929151639342308, 0.02322346158325672, 0.00998766627162695, 0.016924459487199783, -0.022986754775047302, -0.02119831182062626, -0.012788684107363224, 0.008744961582124233, 0.03179746866226196, 0.00051204051123932, 0.01734527014195919, 0.004490833729505539, -0.01169720757752657, 0.0008786056423559785, -0.04657842591404915, 0.006450230721384287, -0.03658418357372284, -0.017029661685228348, -0.004471107851713896, 0.01931781694293022, 0.0006484750774689019, -0.0007832658011466265, -0.010296698659658432, -0.005888054613023996, 0.03103475086390972, 0.038714535534381866, -0.024775199592113495, 0.004681513179093599, -0.008015118539333344, 0.01727951690554619, 0.01269663218408823, 0.025209158658981323, -0.0057861399836838245, -0.005365329794585705, 0.005493545439094305, 0.004905068781226873, 0.005069447681307793, 0.0028667692095041275, -0.023026207461953163, -0.0021878841798752546, 0.007232674863189459, -0.014412748627364635, 0.002043230691924691, 0.007528556976467371, -0.0008161416044458747, 0.006851315498352051, 0.004454670008271933, -0.010632031597197056, -0.006358178798109293, -0.01759512536227703, -0.01610913872718811, -0.01710856333374977, -0.03048243746161461, -0.023118259385228157, -0.0027927986811846495, 0.0011670907260850072, -0.024065081030130386, 0.008514830842614174, 0.003065667813643813, 0.009001392871141434, -0.029220005497336388, 0.010645181871950626, -0.017411021515727043, 0.022263487800955772, -0.008508255705237389, -0.004375768359750509, -0.02634008601307869, -0.023039357736706734, 0.008120321668684483, 0.0067724138498306274, -0.019120562821626663, 0.006512694992125034, 0.011296123266220093, -0.00646995659917593, -0.0168718583881855, -0.01499136257916689, 0.04757785052061081, -0.015477924607694149, -0.002700746525079012, 0.020106835290789604, -0.026234883815050125, -0.006358178798109293, -0.04678883031010628, -0.017910733819007874, -0.019896430894732475, 0.012473076581954956, 0.007548282388597727, -0.006752688437700272, 0.006391054484993219, -0.00043601522338576615, -0.03903014212846756, 0.010697783902287483, -0.01688500866293907, 0.014583702199161053, -0.004431657027453184, 0.014780957251787186, 0.008363601751625538, -0.01777922920882702, -0.011190920136868954, 0.026155982166528702, 0.026760896667838097, 0.015122865326702595, 0.005049722269177437, 0.0215139202773571, 0.01585928350687027, 0.014491650275886059, 0.011769534088671207, 0.033033598214387894, -0.021408718079328537, -0.042317721992731094, 0.016529949381947517, 0.018410444259643555, 0.007706086151301861, 0.0027664981316775084, -0.005842028651386499, -0.0015895446995273232, 0.009527405723929405, -0.02148761972784996, -0.010461078025400639, -0.029141103848814964, -0.019633425399661064, -0.009816712699830532, 0.01551737543195486, -0.01729266718029976, -0.0015270806616172194, 0.0028207432478666306, -0.0150308134034276, -0.010632031597197056, -0.03363851457834244, 0.015214918181300163, 0.007147197611629963, -0.01583298295736313, 0.005424506030976772, -0.007528556976467371, 0.009777260944247246, -0.0059439437463879585, 0.015412172302603722, -0.008929065428674221, -0.0009624388767406344, -0.007752112578600645, 0.017976485192775726, -0.004431657027453184, -0.025682570412755013, 0.021435018628835678, -0.022828951478004456, 0.006910492200404406, 0.02343386597931385, -0.016280094161629677, -0.007640334777534008, -0.023354964330792427, 0.006183937191963196, 0.005148349329829216, 0.012505952268838882, -0.0073576029390096664, -0.011874737218022346, -0.012203495018184185, -0.004313304089009762, -0.013084566220641136, -0.027168557047843933, 0.0008432641625404358, -0.0023555506486445665, -0.03192897140979767, -0.012019390240311623, -0.010382176376879215, -0.03545325621962547, -0.0047439769841730595, 0.01638529635965824, 0.0176082756370306, 0.01706911250948906, -0.044027265161275864, 0.008764686994254589, 0.008856738917529583, 0.012933338060975075, -0.012847860343754292, -0.02493300288915634, 0.0031790893990546465, -0.024959303438663483, 0.025551067665219307, -0.020711749792099, -0.019935881718993187, -0.01108571793884039, 0.006420642603188753, 0.0032694977708160877, 0.005496833007782698, -0.037004996091127396, 0.00604914641007781, -0.014083990827202797, 0.0256431195884943, -0.052785374224185944, -0.0035571609623730183, 0.008758111856877804, -0.024762049317359924, -0.02248704433441162, 0.000511629565153271, 0.002273361198604107, 0.02488040179014206, 0.012394174933433533, 0.030377235263586044, 0.01660885103046894, -0.02197418175637722, 0.005473820026963949, 0.009494529105722904, 0.023539068177342415, 5.046948353992775e-05, -0.022881552577018738, -0.0197517778724432, 0.02101420797407627, -0.03156076371669769, 0.011151469312608242, -0.011447351425886154, -0.0071143219247460365, 0.015280669555068016, 0.02735266089439392, 0.03534805402159691, 0.024354388937354088, -0.0027714294847100973, -0.03850413113832474, -0.006640910636633635, 0.01710856333374977, -0.013373873196542263, -0.02051449567079544, -0.025524767115712166, 0.026300635188817978, 0.021369267255067825, 0.01734527014195919, -0.0006834056111983955, 0.025248609483242035, -0.0038629057817161083, 0.012933338060975075, 0.001571462955325842, 0.00965890847146511, 0.021369267255067825, -0.0032892231829464436, -0.0006271057645790279, 0.016950760036706924, 0.008883039467036724, 0.014557401649653912, -0.029220005497336388, -0.015556826256215572, 0.013952487148344517, -0.022145135328173637, 0.001530368230305612, 0.0178318303078413, -0.009192071855068207, -0.01735842041671276, 0.009718084707856178, 0.0026415700558573008, 0.01366318017244339, 0.016451047733426094, -0.002843756228685379, 0.0031889521051198244, -0.011874737218022346, -0.016740353778004646, -0.007969092577695847, 0.010316424071788788, 0.013518527150154114, -0.024262337014079094, -0.002595544094219804, 0.01612228900194168, -0.01706911250948906, 0.011927338317036629, 0.005355467088520527, -0.016161739826202393, -0.0005054653156548738, -0.00743650458753109, 0.01685870811343193, -0.0027582792099565268, -0.013209494762122631, -0.012150893919169903, 0.007568007800728083, 0.038661934435367584, -0.01121064554899931, 0.01463630422949791, 0.0009624388767406344, -0.03448013216257095, -0.001240239362232387, -0.012012815102934837, -0.011565704829990864, 0.008823863230645657, -0.007351027801632881, -0.036268576979637146, 0.001006821170449257, -0.025090806186199188, 0.022039933130145073, -0.011670907028019428, 0.007147197611629963, -0.011776109226047993, -0.027904974296689034, -0.03784661367535591, 0.02779977209866047, 0.012479651719331741, -0.014780957251787186, 0.01366318017244339, -0.005220676306635141, -0.004914931487292051, -0.025261759757995605, -0.03587406873703003, -0.0005638198927044868, -0.014728356152772903, -0.008850163780152798, 0.0176082756370306, -0.016398446634411812, -0.014741506427526474, 0.005158212035894394, 0.015714630484580994, 0.0029045764822512865, 0.017910733819007874, 0.22323979437351227, -0.013150317594408989, -0.006525845266878605, 0.025288062170147896, -0.0321393758058548, 0.005154924467206001, 0.013262095861136913, 0.012729507870972157, -0.0034585336688905954, 0.01184186153113842, -0.01906796172261238, -0.02753676474094391, -0.004865617491304874, 0.003645925549790263, 0.007219524588435888, -0.015675179660320282, -0.04684143140912056, -0.044500675052404404, -0.014268094673752785, -0.029693417251110077, 0.018370993435382843, -0.008823863230645657, -0.008258399553596973, -0.009349876083433628, 0.022802650928497314, 0.016161739826202393, -0.00012009938654955477, -0.0026974589563906193, 0.01976492814719677, -0.011947063729166985, -0.009836438111960888, -0.008468804880976677, -0.0066047473810613155, 0.0009344944846816361, 0.0024229460395872593, -0.009040843695402145, -0.015727780759334564, -0.010283548384904861, -0.010993666015565395, -0.0064929695799946785, -0.0033056612592190504, 0.016003936529159546, 0.021408718079328537, -0.008389903232455254, -0.005072735249996185, 0.020567096769809723, 0.003619625000283122, 0.000274307414656505, 0.016937609761953354, -0.003593324450775981, -0.009665483608841896, -0.02289470285177231, 0.018910156562924385, 0.024827800691127777, 0.007009119261056185, 0.002906220266595483, 0.017963334918022156, 0.006923642475157976, -0.01295306347310543, 0.02660309337079525, 0.010658333078026772, 0.018239490687847137, 0.00603599613532424, 0.024485891684889793, -0.010086294263601303, 0.028378386050462723, -0.0075154067017138, 0.0020218612626194954, -0.012999089434742928, -0.0021714463364332914, -0.0009616169845685363, -0.01908111199736595, 0.005339029245078564, -0.019883280619978905, -0.01950192078948021, -0.013755232095718384, 0.0275630671530962, 0.01589873433113098, 0.026037629693746567, 0.0008506611920893192, -0.00974438525736332, 0.03411192446947098, -0.00915919616818428, 0.01754252426326275, 0.0009221660438925028, -0.025669420138001442, 0.037925515323877335, -0.00082271674182266, -0.00039368763100355864, 0.0036919517442584038, 0.019830679520964622, -0.008403053507208824, -0.016503648832440376, 0.011427626013755798, 0.009100019931793213, 0.007055145688354969, -0.015806682407855988, 0.0064535182900726795, -0.02808907814323902, -0.007916491478681564, -0.008527981117367744, 0.03826742619276047, 0.01098709087818861, -0.02147446945309639, -0.028720295056700706, 0.007094596512615681, 0.023473316803574562, 0.023617971688508987, 0.018226340413093567, -0.0061872247606515884, -0.03910904377698898, 0.006805289536714554, 0.00020023413526359946, -0.00877783726900816, 0.024762049317359924, 0.009626032784581184, 0.0041883764788508415, -0.02102735824882984, 0.01854194886982441, -0.026708295568823814, -0.014741506427526474, -0.02340756542980671, -0.0009649045532569289, -0.005197663325816393, -0.002996628638356924, 0.00012708549911621958, -0.001208185451105237, 0.005680937319993973, 0.004231114871799946, -0.015530525706708431, 0.024538492783904076, -0.014241794124245644, -0.012012815102934837, 0.02706335484981537, -0.023973029106855392, 0.0003725238493643701, 0.008784412406384945, -0.011079142801463604, -9.74459107965231e-05, -0.010592580772936344, -0.0029785470105707645, 0.009724659845232964, -0.00843592919409275, -0.0088041378185153, 0.013413324020802975, -0.013926186598837376, 0.01733211986720562, -0.010881887748837471, 0.004704526159912348, 0.006805289536714554, -0.04510559141635895, 0.010546554811298847, 0.016464198008179665, -0.01097394060343504, 0.010638606734573841, -0.0003371823695488274, -0.016017086803913116, -0.037215400487184525, -0.021632272750139236, 0.0241702850908041, -0.03542695567011833, 0.009211797267198563, 0.0322708785533905, -0.031850069761276245, -0.0040667359717190266, -0.03292839601635933, -0.166220024228096, 0.02779977209866047, -0.002447602804750204, -0.015122865326702595, 0.033270303159952164, -0.007048570550978184, 0.016898158937692642, -0.005003695841878653, -0.01759512536227703, -0.0019018647726625204, 0.006851315498352051, -0.022131985053420067, -0.0210010576993227, 0.02535381354391575, -0.010651757940649986, 0.009251249022781849, -0.002092544222250581, 0.0022651422768831253, 0.017910733819007874, -0.006170786451548338, 0.027668269351124763, -0.023867826908826828, 0.022355539724230766, -0.026050779968500137, 0.00561518594622612, 0.020422443747520447, 0.017411021515727043, 0.025196008384227753, 0.0025626681745052338, 0.001561600249260664, -0.012131168507039547, -0.002643213840201497, 0.014268094673752785, -0.00963260792195797, 0.02711595594882965, 0.004888630472123623, -0.0032086775172501802, -0.006719812285155058, -0.007147197611629963, 0.04239662364125252, 0.030193129554390907, 0.046999234706163406, 0.005996544845402241, -0.00689076678827405, -0.007975667715072632, 0.015241218730807304, 0.015701480209827423, 0.017148014158010483, 0.011092293076217175, -0.009172346442937851, -0.0033122363965958357, -0.02856248989701271, -0.0005445053684525192, -0.007614034228026867, -0.007712661288678646, 0.010053417645394802, 0.008567431941628456, 0.028851797804236412, 0.014833558350801468, -0.005950518883764744, 0.009672058746218681, -0.02029094099998474, -0.01062545645982027, 0.0026678708381950855, -0.013340997509658337, 0.005339029245078564, 0.012446776032447815, -0.029430411756038666, -0.005526421125978231, -0.013518527150154114, -0.002858550287783146, -0.01488615944981575, -0.01973862759768963, -0.028220582753419876, 0.02610338106751442, -0.006588309071958065, -0.03287579491734505, 0.008251824416220188, -0.01634584553539753, -0.003261278849095106, 0.027957575395703316, 0.017726628109812737, -0.027484163641929626, -0.024091381579637527, -0.011631456203758717, 0.012814984656870365, -0.002084325300529599, 0.008771262131631374, 0.00902111828327179, -0.017134863883256912, 0.030613940209150314, -0.031166253611445427, 0.0034486709628254175, -0.01549107488244772, 0.011782685294747353, 0.004490833729505539, 0.03369111567735672, 0.033296603709459305, 0.006943367887288332, -0.03568996116518974, 0.0012583209900185466, -0.008199223317205906, -0.011013391427695751, 0.016201192513108253, 0.01246650144457817, 0.0031199129298329353, -0.02051449567079544, -0.002449246821925044, 0.01551737543195486, 0.025985028594732285, -0.02758936770260334, 0.006430505309253931, 0.02072490192949772, 0.023617971688508987, 0.00750225642696023, -0.011605155654251575, 0.002478834940120578, -0.009356451220810413, 0.008133471943438053, -0.01255197823047638, 0.04736744612455368, 0.021579671651124954, -0.0004902603104710579, -0.007850740104913712, 0.002205965807661414, -0.00651927012950182, -0.0990481972694397, -0.03353331238031387, -0.006308864802122116, 0.035242851823568344, 0.00046889102668501437, 0.017884431406855583, -0.001061066286638379, 0.019475620239973068, -0.04636802151799202, 0.03166596591472626, -0.010763535276055336, -0.01905481144785881, 0.0005313550354912877, -0.01268348190933466, 0.03737320378422737, -0.004099611658602953, -0.017134863883256912, 0.006446943152695894, -0.014754656702280045, 0.017174314707517624, -0.00035834615118801594, -0.045026689767837524, -0.012499377131462097, -0.009040843695402145, -0.0043461802415549755, -0.02392042800784111, -0.006105035077780485, 0.015122865326702595, 0.011677482165396214, 0.0024821225088089705, -0.021855827420949936, -0.009718084707856178, 0.010849012061953545, -0.025196008384227753, -0.0017276230501011014, 0.010638606734573841, -0.03416452556848526, 0.0031938834581524134, -0.0075154067017138, -0.02680034749209881, 0.0035374355502426624, 0.03563736006617546, -0.009672058746218681, -0.015464773401618004, -0.035479556769132614, 0.006667211186140776, -0.02271059900522232, -0.004602611064910889, 0.0024525343906134367, 0.0031215567141771317, 0.00542121846228838, 0.005122048780322075, 0.0025084230583161116, -0.0074693807400763035, 0.013084566220641136, -0.00664748577401042, 0.012394174933433533, 0.015425322577357292, -0.0031051188707351685, -0.016714053228497505, -0.008758111856877804, 0.00929069984704256, -0.009731234982609749, 0.0041489251889288425, 0.003836605232208967, -0.0038497555069625378, -0.0023062368854880333, -0.0026547203306108713, -0.0322708785533905, -0.014623153954744339, -0.023617971688508987, -0.009001392871141434, -0.001783511834219098, 0.04176541045308113, 0.01184186153113842, -0.011822136119008064, -0.007278700824826956, -0.0005017668008804321, 0.005164787173271179, -0.012959638610482216, -0.010875312611460686, 0.0010832574917003512, 0.030850645154714584, 0.00853455625474453, 0.04444807395339012, 0.01564887911081314, 0.003938520327210426, 0.014715205878019333, -0.0029785470105707645, -0.01638529635965824, -0.019567672163248062, 0.03216567635536194, 0.008218948729336262, -0.03366481512784958, 0.021277213469147682, 0.012256096117198467, -0.018239490687847137, -0.03392782062292099, -0.010263822972774506, -0.004050298128277063, -0.01979122869670391, -0.004681513179093599, -0.06007065251469612, 0.02240814082324505, -0.011920763179659843, -0.018449895083904266, -0.0029095078352838755, -0.008935640566051006, -0.008264974690973759, -0.012650606222450733, -0.02322346158325672, 0.01450480055063963, -0.009330150671303272, 0.03937205299735069, 0.002411439549177885, -0.00611161021515727, -0.00842277891933918, 0.009474803693592548, 0.008442504331469536, -0.02561681903898716, 0.01268348190933466, 0.01951507106423378, -0.024038780480623245, 0.009783836081624031, 0.011532829143106937, 0.005924218334257603, 0.0020810377318412066, 0.01662200130522251, -0.02369687333703041, 0.011631456203758717, 0.004372480791062117, -0.012499377131462097, 0.0300616268068552, -0.027142256498336792, -0.005049722269177437, 0.008672635070979595, -0.002753347856923938, -0.0032629226334393024, -0.008054569363594055, 0.013847284950315952, -0.008771262131631374, 0.046709928661584854, -0.014978212304413319, -0.03432232886552811, 0.013860435225069523, -0.013413324020802975, -0.012644031085073948, 0.004023997113108635, 0.006272701546549797, 0.033296603709459305, 0.022145135328173637, 0.0009139471221715212, 0.003488121787086129, 0.03166596591472626, 0.0038859189953655005, -0.005888054613023996, 0.0015254368772730231, -0.02367057278752327, 0.01550422515720129, -0.0038431803695857525, -0.01755567453801632, -0.012177194468677044, 0.026708295568823814, 0.021369267255067825, -0.008705510757863522, 0.00769293587654829, 0.003961533308029175, -0.003981258720159531, 0.010461078025400639, -0.02197418175637722, -0.0057499767281115055, -0.0321393758058548, -0.03369111567735672, -0.0007179251406341791, 0.0042705656960606575, 0.010618881322443485, -0.0024886976461857557, -0.0034420955926179886, -0.006555433385074139, 0.004129199776798487, -0.0032645664177834988, 0.00029670403455384076, -0.0075154067017138, -0.01659570075571537, -0.011269822716712952, 0.028141681104898453, 0.005756551865488291, 0.03729430213570595, 0.0006312152836471796, -0.008823863230645657, 0.0020070672035217285, 0.0026185570750385523, 0.0015920103760436177, 0.014439049176871777, -0.018410444259643555, 0.006871040910482407, 0.02101420797407627, -0.0037445530761033297, 0.007364178076386452, 0.029851222410798073, -0.006535707972943783, -0.003197171026840806, -0.005355467088520527, 0.0016495429445058107, -0.014228643849492073, -0.017450472339987755, -0.00902111828327179, -0.004027284681797028, -0.02415713481605053, -0.01856824941933155, -0.0070025441236793995, 0.012545403093099594, -0.00041854995652101934, 0.022999906912446022, 0.02367057278752327, 0.022881552577018738, -0.013216069899499416, 0.001630639424547553, -0.0013643454294651747, -0.040161069482564926, -0.0037149647250771523, 0.01401823852211237, 0.003514422569423914, 0.022881552577018738, 0.023854676634073257, 0.0011325711384415627, 0.012190344743430614, 0.004974107723683119, 0.017384720966219902, -0.01282155979424715, -0.02242129109799862, -0.01809483766555786, 0.041081592440605164, -0.018883856013417244, -0.023762624710798264, -0.008337301202118397, 0.0005999832646921277, 0.015622577629983425, -0.02735266089439392, 0.018726052716374397, -0.033033598214387894, 0.021172011271119118, 0.011973364278674126, 0.0006447765044867992, -0.0028092367574572563, -0.007942792028188705, 0.03887233883142471, 0.004178513307124376, 0.0009944927878677845, 0.014610002748668194, 0.013584278523921967, 0.02900960110127926, -0.008909340016543865, 0.00035793520510196686, -0.014807257801294327, -0.00977068580687046, -0.017148014158010483, 0.007890190929174423, 0.026208583265542984, -0.012703207321465015, -0.012644031085073948, 0.017700327560305595, -0.020382992923259735, 0.024038780480623245, -0.0031741580460220575, -0.007475955877453089, 0.0023917141370475292, 0.009921914897859097, 0.008620033040642738, -0.028194282203912735, -0.042633332312107086, 0.017148014158010483, 0.022263487800955772, -0.008541131392121315, -0.0004869727126788348, 0.025288062170147896, -0.027641968801617622, -0.012413900345563889, 0.016477348282933235, -0.0032530599273741245, -0.0021237763576209545, 0.009869313798844814, 0.004865617491304874, -0.036741986870765686, -0.03676828742027283, 0.006818439811468124, -0.018186889588832855, -0.013873585499823093, -0.008133471943438053, -0.014978212304413319]"
U80798,N17952 N25740 N8794 N61864 N19736 N55846 N44013 N12889 N3500 N10059 N39043 N28818 N719 N51741 N40019 N23628 N24889 N47485 N5056 N19152 N52946 N33617 N37378 N14340 N5034 N61704 N44399 N52648 N19638 N18164 N49481 N47170 N5290 N47525 N61864 N46096 N33417 N848 N6156 N56514 N3909 N52626 N11101 N44052 N53216 N46023 N33861 N6622 N60362 N9798 N50752 N1300 N37920 N250 N8960 N57888 N16715 N9803 N53880 N42470 N47020 N59359 N30353 N57812 N56753 N60184 N13374 N61342 N5938 N10679 N32166 N24591 N34140 N29326 N32640 N31801 N11005 N5445 N62546 N16030 N47173 N31694 N63709 N40944 N30160 N16781 N27373 N42620 N4486 N11231 N13429 N14761 N43189 N33213 N32498 N51330 N42128 N14742 N4607 N11249 N44867 N33013 N49040 N31172 N57726 N381 N64273 N46811 N46811 N43778 N54168 N6767 N31143 N62959 N9867 N35671 N21970 N62801,"[-0.022403255105018616, -0.028752977028489113, 0.0213663037866354, -0.003446900751441717, -0.03489787131547928, 0.008417222648859024, -0.0068105896934866905, 0.0061352914199233055, -0.021878378465771675, -0.010036658495664597, 0.033028800040483475, 0.014594120904803276, -0.010311898775398731, -0.011752107180655003, 0.00015562260523438454, -0.006452137604355812, 0.026320625096559525, -0.03361768648028374, -0.005863252095878124, -0.023785855621099472, -0.0025123651139438152, 0.00905731599777937, -0.02166074700653553, 0.007719521876424551, -0.011867323890328407, 0.004653476178646088, 0.010529530234634876, -0.023670639842748642, 0.01351876463741064, 0.0038565604481846094, -0.011630489490926266, -0.002973231952637434, -0.021916784346103668, 0.0019202789990231395, -0.025398889556527138, -0.037330225110054016, -0.00294282753020525, -0.011176023632287979, 0.0014938170788809657, 0.009703810326755047, 0.013838810846209526, -0.014440498314797878, -0.007988360710442066, -0.017871396616101265, -0.022108811885118484, 0.0035333132836967707, -0.0027299965731799603, -0.010401511564850807, -0.017295312136411667, -0.0033604882191866636, 0.027677621692419052, 0.01527261920273304, -0.018511489033699036, -6.005872637615539e-05, -0.0033604882191866636, -0.015054987743496895, -0.015106194652616978, 0.007642710581421852, -0.0021731157321482897, -0.00872446782886982, 0.012942680157721043, 0.010375907644629478, -0.017397727817296982, -0.0019458826864138246, -0.003275675931945443, -0.004208611324429512, 0.0045574624091386795, 0.010561534203588963, -0.018703518435359, -0.015285421162843704, 0.01829385757446289, 0.02683269791305065, -0.003070846199989319, -0.02456676959991455, 0.014402092434465885, -0.0056680236011743546, -0.017474539577960968, 0.0051975552923977375, -0.00872446782886982, -0.0033828916493803263, 0.0151702044531703, -0.031082917004823685, -0.004698282573372126, 0.027882451191544533, 0.009358160197734833, 0.011950536631047726, -0.007009018212556839, 0.01733371801674366, 0.005171951372176409, -0.008974104188382626, 0.009729413315653801, 0.019343610852956772, 0.009345358237624168, 0.04526737704873085, -0.021212682127952576, 0.00786674302071333, -0.012897874228656292, 0.05412626639008522, 0.028420129790902138, 0.00037005377816967666, -0.0026915911585092545, 0.007412277162075043, -0.008340411819517612, -0.01724410615861416, -0.006925806403160095, -0.008935698308050632, -0.005127144977450371, -0.015682278200984, 0.02113587036728859, -0.02818969637155533, 0.0063529228791594505, 0.01646319217979908, 0.01680884324014187, -0.005645620170980692, -0.01319871749728918, 0.004807098302990198, -0.012571427039802074, -0.014824554324150085, 0.01614314503967762, -0.014990977942943573, -0.009518182836472988, -0.025680530816316605, 0.002701192395761609, -0.004979923367500305, 0.01980447769165039, 0.018665112555027008, -0.03261914104223251, -0.019343610852956772, 0.005063135642558336, -0.0007109033176675439, 0.05509920418262482, 0.030442822724580765, 0.014120452105998993, 0.02015012688934803, -0.006804188713431358, 0.014632525853812695, -0.012693044729530811, 0.02711433917284012, 0.0070602260529994965, -0.03551236167550087, 0.021852774545550346, 0.017781782895326614, -0.004487052094191313, -0.019778873771429062, 0.005773638840764761, -0.0038053528405725956, 0.02262088656425476, 0.020162928849458694, 0.0023683442268520594, 0.0019042766653001308, 0.002669187728315592, 0.029546692967414856, 0.0018770727328956127, -0.017756180837750435, 0.008762873709201813, 0.0035333132836967707, -0.009102122858166695, 0.021263889968395233, 0.01881873421370983, -0.002406749641522765, -0.013826008886098862, 0.017000870779156685, -0.008346812799572945, -0.0076235076412558556, -0.005338375456631184, 0.02900901436805725, -0.022812914103269577, -0.0056648231111466885, 0.00965260248631239, -0.01829385757446289, 0.004029385279864073, 0.04160604625940323, -0.0026963918935507536, 0.01779458485543728, -0.0003748544550035149, 0.001638638088479638, -0.035409945994615555, 0.006170496344566345, -0.037176601588726044, -0.008167586289346218, -0.03656211122870445, 0.021583935245871544, 0.01579749584197998, 0.03013557940721512, -0.008084374479949474, -0.007610705681145191, 0.0017394527094438672, -0.016424786299467087, 0.01744893565773964, 0.007937152869999409, 0.012353794649243355, 0.003344486001878977, -0.015362231992185116, -0.02729356661438942, -0.6489006876945496, 0.007559498306363821, -0.02726796269416809, 0.013928423635661602, 0.01245621033012867, 0.0004336630227044225, 0.005741634406149387, 0.034949079155921936, -0.010151875205338001, 0.008538840338587761, 0.013352340087294579, 0.021379105746746063, -0.006881000008434057, -0.014862959273159504, -0.011912130750715733, -0.017871396616101265, 0.005636018700897694, 0.0073226639069616795, -0.004157403949648142, 0.008103577420115471, -0.013403547927737236, 0.012302587740123272, 0.011016000993549824, -0.010689552873373032, 0.0017938606906682253, -0.000880928011611104, 0.028420129790902138, -0.0020947044249624014, -0.005789641290903091, -0.0005404785042628646, -0.016130343079566956, 0.008327609859406948, 0.010324699804186821, -0.0004984724218957126, 0.05289728567004204, 0.006333720404654741, -0.019970901310443878, 0.017922604456543922, 0.0015170203987509012, 0.011528074741363525, 0.017807386815547943, -0.012648237869143486, 0.007399475201964378, -0.0036389287561178207, -0.02566772885620594, -0.012673841789364815, 0.0015306223649531603, 0.009710211306810379, -0.0037317422684282064, 0.0057448348961770535, -0.005207156762480736, 0.005607214756309986, -0.007853941060602665, 0.027600809931755066, 0.00030664456426166, -0.0016042330535128713, 0.023785855621099472, -0.031338952481746674, -0.018460283055901527, -0.011604886502027512, 0.0013233922654762864, -0.005898457020521164, -0.0011097613023594022, -0.012244978919625282, 0.02253127470612526, 0.043859172612428665, -0.04219493269920349, -0.004823100753128529, 0.028164092451334, 0.009172532707452774, -0.01602792926132679, 0.01756415143609047, -0.0049479189328849316, -0.013134708628058434, 0.007949954830110073, -0.007297060452401638, 0.013102703727781773, 0.006368925329297781, -0.016194352880120277, -0.015899909660220146, -0.0400698222219944, -0.005392783787101507, -0.01854989491403103, 0.009274947457015514, -0.0066825710237026215, 0.013134708628058434, -0.0353587381541729, 0.022684896364808083, 0.01753854751586914, -0.0003000435826834291, 0.023273780941963196, 0.021238286048173904, 0.00994704570621252, -0.010190281085669994, -0.010779166594147682, 0.0021219083573669195, -0.014658129774034023, -0.0044294437393546104, 0.028650563210248947, 1.5077191164891701e-05, 0.01127843838185072, 0.022723302245140076, -0.0047270869836211205, 0.002898021135479212, 0.013352340087294579, 0.007853941060602665, -0.02941867522895336, 0.005591212306171656, 0.03720220550894737, -0.025974974036216736, -0.002702792640775442, -0.005808844231069088, -0.003920569550246, 0.0013713992666453123, -0.016770437359809875, -0.02818969637155533, 0.0005840848898515105, 0.011924932710826397, 0.011099212802946568, -0.03428338095545769, -0.00292522506788373, 0.017986614257097244, -0.015323826111853123, -0.0017138490220531821, 0.002185917692258954, 0.022723302245140076, 0.0035589172039180994, -0.007514691911637783, -0.014107650145888329, -0.010721557773649693, -0.01925399713218212, 0.02200639806687832, 0.025731738656759262, 0.007988360710442066, 0.029137033969163895, 0.024963626638054848, -0.013672386296093464, 0.004999126307666302, -0.02143031358718872, -0.007252253592014313, 0.016642417758703232, 0.0005684826173819602, 0.024874014779925346, 0.012014545500278473, 0.013390745967626572, -0.02207040600478649, -0.025565315037965775, -0.008065171539783478, -0.022339245304465294, 0.010503926314413548, 0.006663368083536625, -0.004371835384517908, 0.01611754111945629, 0.009889436885714531, -0.0046470751985907555, 0.01355716958642006, -0.01881873421370983, -0.016642417758703232, 0.003949373960494995, -0.020726211369037628, 0.017576953396201134, 0.04793016240000725, -0.03548675775527954, -0.004439045209437609, 0.0005584811442531645, -0.001787459710612893, 0.013826008886098862, -0.022403255105018616, 0.008410821668803692, -0.009281348437070847, 0.0023475410416722298, -0.018037820234894753, 0.023043347522616386, 0.013441952876746655, 0.000942536978982389, -0.006157694850116968, -0.01605353318154812, -0.007444281596690416, -0.011080009862780571, 0.014965374022722244, 0.0066825710237026215, -0.01213616319000721, -0.015643872320652008, -0.02006051503121853, 0.03817514702677727, -0.0012865869794040918, 0.0005960866110399365, 0.013774801045656204, 0.00010721557919168845, 0.03095489740371704, 0.023478612303733826, -0.000650894595310092, 0.01351876463741064, 0.01273144967854023, -0.009678206406533718, 0.008743670769035816, 0.00796915777027607, 0.014453300274908543, -0.018268253654241562, 0.011611287482082844, -0.004618271254003048, 0.01428687572479248, 5.70082847843878e-05, 0.0018658711342141032, -0.004189408849924803, -0.025270871818065643, 0.004573464393615723, -0.016616813838481903, 0.02351701632142067, 0.024400345981121063, 0.00024963627220131457, -0.014299677684903145, -0.019676458090543747, -0.024745995178818703, 0.0004232614883221686, 0.01438929047435522, 0.0011841721134260297, -0.006023275200277567, -0.0009241342777386308, 0.011707301251590252, -0.005642419680953026, -0.006266510579735041, 0.010043059475719929, 0.013787603005766869, -0.021801568567752838, -0.008711665868759155, 0.00535757839679718, -0.006541750393807888, -0.0043046255595982075, -0.02456676959991455, 0.0041350009851157665, 0.030186785385012627, -0.007444281596690416, 0.014440498314797878, -0.019241195172071457, 0.00460866978392005, -0.00540878577157855, -0.020226938650012016, 0.024541165679693222, -0.0016802441095933318, -0.010209483094513416, 0.03072446398437023, 0.02047017402946949, 0.02708873525261879, 0.01322432141751051, 0.0008857286884449422, 0.0491335391998291, -0.003549315733835101, -0.012123361229896545, -0.00139220233540982, -0.007751526311039925, -0.00030644453363493085, 0.004106196574866772, 0.011988941580057144, 0.0019490831764414907, -0.009076518937945366, 0.02035495825111866, 0.012232176959514618, 0.04222053289413452, 0.008782075718045235, 0.002669187728315592, -0.009780621156096458, -0.009204537607729435, -0.002681989688426256, 0.01669362559914589, -0.010939189232885838, -0.004679080098867416, -0.01154087670147419, -0.006122489459812641, -0.005533603951334953, -0.013237123377621174, -0.022633688524365425, -0.004215012304484844, -0.033924929797649384, -0.014350885525345802, 0.0036389287561178207, -0.019407620653510094, -0.00020062914700247347, 0.015426241792738438, -0.018690716475248337, -0.008065171539783478, -0.025795748457312584, 0.020828627049922943, 0.023427404463291168, 0.004634273238480091, -0.0016914458246901631, 0.01829385757446289, -0.0039717769250273705, -0.01875472441315651, 0.030366012826561928, -0.009479776956140995, 0.03308000788092613, -0.010023856535553932, 0.016386380419135094, -0.02207040600478649, -0.010273492895066738, 0.01312190666794777, -0.016040731221437454, 0.014760544523596764, 0.0008529239566996694, 0.020047713071107864, 0.0037605464458465576, -0.011227231472730637, 0.006519347429275513, 0.04718765616416931, 0.015695080161094666, -0.007796332705765963, -0.015963919460773468, 0.004512655548751354, 0.01669362559914589, -0.014901365153491497, -0.007412277162075043, -0.015362231992185116, -0.0018194643780589104, -0.0059656668454408646, 0.0015946316998451948, -0.03512830287218094, 0.0028164093382656574, -0.003050043247640133, -0.013505962677299976, -0.015720684081315994, -0.012545823119580746, -0.004983123857527971, -0.021391907706856728, 0.14665810763835907, 0.018972355872392654, 0.025821352377533913, -0.007156239822506905, 0.020713409408926964, 0.003091649152338505, -0.02319697104394436, -0.001477814745157957, -0.0049895248375833035, -0.0056680236011743546, -0.00495752040296793, -0.023568224161863327, 0.013160312548279762, -0.0016018328024074435, 0.013633981347084045, -0.00017062478582374752, 0.005421587731689215, -0.02424672245979309, 0.042374156415462494, -0.0044326442293822765, 0.011758508160710335, -0.0073674703016877174, -0.0026659874711185694, 0.016936860978603363, 0.0065129464492201805, -0.005930461920797825, 0.002851614262908697, 0.01485015731304884, 0.0069002024829387665, -0.015951117500662804, 0.006977013777941465, -0.008442826569080353, -0.019766071811318398, -0.0021235086023807526, 0.008321208879351616, -0.006362524349242449, 0.015221411362290382, 0.0038021523505449295, 0.004205410834401846, -0.012744251638650894, 0.04506254941225052, 0.0092173395678401, 0.0028804184403270483, -0.030878087505698204, -0.007329064887017012, -0.0184346791356802, 0.0028852191753685474, 0.03471864387392998, 0.0044294437393546104, -0.008455628529191017, 0.052077967673540115, -0.0013025893131271005, -0.009249343536794186, -0.019202789291739464, -0.008942099288105965, -0.00376694742590189, 0.04199010133743286, 0.01560546737164259, -0.0026931914035230875, 0.01200814452022314, -0.008903693407773972, -0.022928131744265556, -0.018255451694130898, -0.011592084541916847, 0.0011449663434177637, -0.02102065458893776, -0.036075640469789505, -0.015259817242622375, -0.011918531730771065, -0.03418096527457237, 0.002499563153833151, 0.003670933423563838, -0.012372997589409351, 0.012334592640399933, 0.01483735628426075, 0.002339540049433708, 0.008314807899296284, 0.002997235395014286, 0.029393071308732033, -0.01246901135891676, 0.010798368602991104, -0.012321790680289268, -0.0014426095876842737, -0.021801568567752838, -0.0039269705303013325, 0.011393655091524124, -0.008052369579672813, -0.009153329767286777, -4.93821753480006e-05, -0.021417511627078056, -0.0069834147579967976, 0.010855977423489094, 0.006676170043647289, -0.017935406416654587, -0.01387721672654152, 0.006237706169486046, 0.010164677165448666, 0.0035781199112534523, -0.02012452483177185, 0.01186092384159565, -0.0007473086006939411, 0.002211521379649639, -0.0030324405524879694, 0.011560079641640186, 0.004003781825304031, -0.0009441371657885611, -0.013697990216314793, -0.0019138781353831291, -0.0037061385810375214, -0.006525748409330845, 0.02624381333589554, -0.03576839715242386, 0.01698806881904602, -0.016962464898824692, 0.011656093411147594, 0.035435549914836884, 0.0010257490212097764, 0.005527202971279621, 0.01918998919427395, -0.007482687011361122, -0.0028964208904653788, -0.02468198537826538, 0.020867031067609787, 0.038200750946998596, -0.01939481869339943, -0.0004324628389440477, -0.03356647863984108, -0.023875469341874123, -0.013800404965877533, -0.013582773506641388, 0.00646173907443881, 0.02642303891479969, -2.575374128355179e-05, -0.0004956719931215048, -0.03162059560418129, -0.023939479142427444, -0.010484723374247551, 0.017807386815547943, -0.004880709107965231, -0.024489957839250565, 0.009530984796583652, -0.00931975431740284, -0.0068553960882127285, -0.03441140055656433, -0.008890891447663307, -0.04117078334093094, -0.007444281596690416, -0.008673259988427162, -0.007732323370873928, 0.014862959273159504, -0.0023987486492842436, -0.007943553850054741, -0.011406457051634789, 0.02644864283502102, -0.012641836889088154, -0.027421584352850914, 0.005956065375357866, -0.022953735664486885, 0.010337501764297485, 0.012865869328379631, 0.0345650240778923, -0.016834445297718048, 0.0005016729119233787, -0.0036133250687271357, 0.005171951372176409, -0.004029385279864073, 0.01609193906188011, 0.0042246137745678425, -0.014069244265556335, 0.021212682127952576, 0.014043640345335007, 0.0011105613084509969, 0.011374453082680702, 0.0018210646230727434, 0.01600232534110546, -0.0031684604473412037, 0.00371253932826221, -0.02688390575349331, -0.00411579804494977, -0.008506836369633675, -0.026576662436127663, -0.02534768357872963, 0.005280767101794481, 0.001835466711781919, -0.011892927810549736, -0.029546692967414856, -0.0015850303461775184, 0.015426241792738438, 0.0023923476692289114, -0.019868487492203712, 0.007860342040657997, -0.009895837865769863, 0.01886994205415249, -0.012616232968866825, -0.008961302228271961, -0.01918998919427395, -0.0021939186844974756, 0.020751815289258957, 0.0037061385810375214, -0.002382746199145913, 0.0013145910343155265, 0.008660458028316498, -0.02157113514840603, -0.0040645906701684, -0.002085102954879403, 0.0355379618704319, -0.017384925857186317, -0.001623435877263546, 0.030903689563274384, -0.018485885113477707, -0.018677914515137672, -0.040863536298274994, -0.014734940603375435, -0.02397788316011429, 0.00639452924951911, -0.0007133036269806325, -0.0054599931463599205, -0.004189408849924803, -0.0033092808444052935, -0.030929293483495712, -0.0014170059002935886, 0.010593539103865623, 0.011009600013494492, -0.014248469844460487, -0.002481960691511631, 0.007559498306363821, -0.021788766607642174, -0.02090543694794178, 0.01806342415511608, 0.025629324838519096, 0.017346519976854324, 0.015285421162843704, 0.033720098435878754, 0.03031480498611927, -0.013237123377621174, 0.018908347934484482, 0.027191150933504105, -0.008526038378477097, -0.035435549914836884, 0.0012601830530911684, -0.0005964866722933948, -0.01669362559914589, -0.004275821149349213, -0.01863950863480568, 0.007777130231261253, 0.002931626047939062, -0.012219375930726528, 0.0072778575122356415, -0.016847247257828712, -0.024374742060899734, -0.016424786299467087, 0.007514691911637783, -0.0310061052441597, -0.002755600493401289, 0.004282222129404545, -0.01234099268913269, 0.019855685532093048, -0.015643872320652008, 0.026154199615120888, 0.02119988016784191, -0.02271050028502941, 0.005828046705573797, 0.009332556277513504, 0.004176606889814138, -0.023888271301984787, -0.01312190666794777, -0.01600232534110546, 0.007431479636579752, -0.010753562673926353, 0.01616874895989895, 0.0016482394421473145, -0.026602264493703842, 0.025194060057401657, 0.016399182379245758, 0.016616813838481903, 0.008378817699849606, -0.01721850223839283, -0.005741634406149387, -0.036536507308483124, -0.001809863024391234, 0.002307535381987691, 0.01351876463741064, 0.006362524349242449, -0.0193692147731781, -0.0031380560249090195, -0.003102850867435336, -0.034744247794151306, -0.013185915537178516, 0.00421821279451251, 0.01213616319000721, -0.011553678661584854, -0.011764909140765667, 0.0035909218713641167, -0.017807386815547943, -0.004749489948153496, 0.02685830183327198, -0.00048247011727653444, 0.023273780941963196, -0.026154199615120888, 0.018357867375016212, -0.012597030028700829, 0.011841720901429653, -0.024003487080335617, -0.025245267897844315, 0.017986614257097244, -0.029316259548068047, 0.013608377426862717, -0.020022109150886536, -0.026090191677212715, -0.023734647780656815, -0.010241487994790077, 0.005258364137262106, 0.028727374970912933, -0.02035495825111866, 0.0024259525816887617, -0.02278731018304825, 0.023478612303733826, -0.033438459038734436, -0.0012321789981797338, 0.04181087389588356, -0.004717485513538122, -0.027805639430880547, 0.023209773004055023, -0.001140965730883181, 0.010190281085669994, 0.033003196120262146, 0.0019442825578153133, 0.01250101625919342, -0.01854989491403103, 0.0012345793657004833, 0.02319697104394436, 0.034949079155921936, -0.0012529820669442415, -0.011451263912022114, -0.017871396616101265, 0.01593831554055214, -0.022979339584708214, 0.0062153032049536705, -0.0021699152421206236, -0.025731738656759262, 0.007994761690497398, -0.00222432310692966, -0.004106196574866772, 0.015631070360541344, 0.003917369060218334, -0.03466743603348732, -0.025590918958187103, 0.00816118624061346, 0.014427696354687214, -0.011118415743112564, -0.04718765616416931, 0.02662786841392517, 0.018997959792613983, 0.029290655627846718, -0.019266799092292786, 0.02548850327730179, -0.026179803535342216, 0.014504507184028625, 0.027165547013282776, -0.004147802479565144, 0.012411403469741344, -0.007175442762672901, 0.007994761690497398, 0.020739013329148293, -0.0060968860052526, 0.022224029526114464, -0.015746288001537323, -0.010926387272775173, 0.006631363648921251, -0.013313934206962585, 0.009441372007131577, 0.014248469844460487, -0.010900784283876419, -0.03551236167550087, -0.009178933687508106, 0.013288331218063831, 0.01872912049293518, 0.013441952876746655, -0.021059060469269753, 0.0014354086015373468, -0.008865288458764553, -0.005107942037284374, -0.005594412796199322, 0.010740760713815689, 0.015183006413280964, -0.018793130293488503, -0.008967703208327293, 0.0003040441661141813, 0.008449227549135685, -0.010375907644629478, 0.003446900751441717, -0.03243991360068321, -0.011771310120821, -0.008353213779628277, -0.008468430489301682, -0.01428687572479248, -0.0136595843359828, -0.02047017402946949, -0.011976140551269054, 0.044089607894420624, -0.016629615798592567, -0.0014754143776372075, -0.0006512946565635502, -0.0006692972383461893, -0.01262903492897749, -0.01008786540478468, -0.008519638329744339, 0.018946753814816475, -0.03469303995370865, -0.015746288001537323, 0.02754960209131241, -0.026704680174589157, 0.012917077168822289, -0.010721557773649693, 0.014376488514244556, -0.0050087277777493, -0.01200814452022314, -0.025603720918297768, 0.020534183830022812, 0.005472795106470585, -0.00654815137386322, -0.0011713701533153653, 0.004451846703886986, 0.001833866466768086, -0.021507125347852707, -0.01355716958642006, -0.004983123857527971, -0.011892927810549736, 0.004791096318513155, 0.006336920894682407, -0.03182542324066162, -0.033720098435878754, 0.0018450680654495955, 0.00024723593378439546, 0.009082919918000698, 0.01600232534110546, 0.2294093370437622, 0.014645327813923359, -0.0008753272122703493, 0.026755888015031815, -0.035845208913087845, 0.013697990216314793, 0.01200814452022314, 0.027831243351101875, -0.024784401059150696, 0.005018329247832298, -0.015541458502411842, 0.0011705700308084488, 0.011982540600001812, 0.010414313524961472, 0.015016581863164902, 0.010516728274524212, -0.02708873525261879, -0.033694494515657425, -0.014683733694255352, -0.044038400053977966, 0.006490543019026518, -0.005895256530493498, 0.005968867335468531, -0.009735814295709133, 0.025565315037965775, 0.01971486397087574, -0.01600232534110546, 0.023862667381763458, 0.03261914104223251, 0.0007729122880846262, -0.017551349475979805, -0.005331974942237139, -0.026576662436127663, -0.007137036882340908, 0.004845504183322191, 0.00016252361820079386, -0.02296653762459755, -0.00936456024646759, -0.007085829507559538, 0.0024499560240656137, -0.020252542570233345, 0.003373290179297328, 0.037407036870718, -0.01438929047435522, -0.017039276659488678, 0.025974974036216736, 0.024925220757722855, -0.017551349475979805, 0.015515854582190514, 0.0021347100846469402, -0.008308406919240952, -0.02970031462609768, 0.004186208359897137, 0.027575206011533737, -0.002656386001035571, -0.0016274364897981286, 0.015695080161094666, 0.007431479636579752, -0.011912130750715733, 0.020828627049922943, 0.018140235915780067, 0.017602557316422462, -0.004547860939055681, 0.010900784283876419, -0.007879544980823994, 0.024605175480246544, -0.029341863468289375, 0.012232176959514618, 0.016975266858935356, -0.026115793734788895, -0.0010129471775144339, -0.023222574964165688, 0.006368925329297781, -0.013531566597521305, -0.0046950820833444595, -0.0243875440210104, 0.02946988120675087, 0.022249633446335793, 0.02479720301926136, 0.00220672064460814, 0.0031892633996903896, 0.017756180837750435, 0.005853650625795126, 0.007284258492290974, 0.0169240590184927, -0.03231189399957657, 0.02642303891479969, -0.007821936160326004, -0.01831946149468422, 0.013441952876746655, 0.03797031566500664, -0.0065129464492201805, -0.018165839836001396, -0.004963921383023262, 0.006346522364765406, 0.0022899326868355274, -0.032798364758491516, 0.022518472746014595, -0.025654926896095276, 0.013992433436214924, -0.004435844719409943, 0.039557747542858124, 0.0065129464492201805, -0.0060904850251972675, -0.011720103211700916, 0.0038789636455476284, -0.0002904421999119222, 0.00817398726940155, 0.014478904195129871, -0.0012209773994982243, -0.04096595197916031, -0.010702354833483696, 0.005927261430770159, -0.0005784840323030949, 0.01127843838185072, 0.020956644788384438, -0.007847540080547333, -0.03766307234764099, 0.02903461828827858, -0.020918238908052444, -0.009543786756694317, -0.02839452587068081, 0.010548733174800873, 0.00081011769361794, 0.0013697990216314793, 0.00839161965996027, 0.0052423616871237755, 0.015848703682422638, 0.006404130719602108, -0.035435549914836884, 0.01904916763305664, -0.013390745967626572, -0.012315389700233936, 0.036690130829811096, -0.028855392709374428, 0.0036037235986441374, 0.01120802853256464, -0.0017250506207346916, -0.007527493871748447, 0.010881581343710423, 0.0038533599581569433, 0.00875647272914648, 0.016015127301216125, -0.0303404089063406, -0.0009113324340432882, -0.008686061948537827, 0.039532143622636795, 0.010068663395941257, -0.031364556401968, 0.0037861501332372427, -0.0216351430863142, 0.022518472746014595, 0.017295312136411667, 0.004160604439675808, 0.013813206925988197, 0.01055513322353363, -0.016847247257828712, -0.016629615798592567, -0.050157688558101654, 0.009671805426478386, -0.042092517018318176, -0.008237997069954872, 0.01229618676006794, -0.009134126827120781, -0.003846958978101611, 0.004858306143432856, -0.15986962616443634, 0.03126214072108269, 0.007226650137454271, 0.004077392630279064, 0.03115972690284252, 0.00649694399908185, 0.010030257515609264, -0.012360195629298687, -0.032363101840019226, 0.0068105896934866905, 0.019612450152635574, -0.021379105746746063, -0.020918238908052444, 0.028112884610891342, 0.00222432310692966, 0.0026147798635065556, -0.02102065458893776, 0.0019362813327461481, -0.016706427559256554, 0.009607795625925064, 0.0184346791356802, -0.02026534453034401, 0.011112014763057232, -0.03807273134589195, 0.02326097898185253, 0.038661617785692215, -0.0019186787540093064, 0.011944135650992393, -0.009070117957890034, 0.01273144967854023, 0.0039749774150550365, 0.009434971027076244, 0.024848410859704018, 0.001423406763933599, 0.015861503779888153, 0.016744833439588547, 0.0022499270271509886, -0.006452137604355812, -0.002901221625506878, 0.03218387812376022, 0.03031480498611927, 0.03341285511851311, 0.009550187736749649, -0.002481960691511631, -0.003197264624759555, 0.020137326791882515, 0.0072458526119589806, 0.0129938879981637, 0.025654926896095276, 0.0025923766661435366, 0.0038885651156306267, -0.0385592021048069, -0.016386380419135094, -0.002822810085490346, 0.0007893146830610931, 0.0015338228549808264, 0.00830200593918562, 0.013582773506641388, 0.002182717202231288, -0.0026835899334400892, 0.0147477425634861, -0.014325281605124474, 0.011176023632287979, 0.004839103203266859, -0.0136595843359828, 0.021596737205982208, 0.019855685532093048, -0.026986321434378624, -0.010740760713815689, -0.02552690915763378, -0.012437007389962673, -0.021059060469269753, -0.022032001987099648, -0.01579749584197998, 0.018396273255348206, 0.008148384280502796, -0.015323826111853123, 0.028317714110016823, -0.02839452587068081, -0.013211519457399845, 0.024976428598165512, 0.01788419857621193, -0.012449809350073338, -0.036459699273109436, -0.015118996612727642, 0.014350885525345802, -0.02049577794969082, -0.011886526830494404, 0.02667907625436783, -0.0246563833206892, 0.0171928983181715, -0.032388705760240555, 1.3827008842781652e-05, -0.004253418184816837, 0.016219956800341606, -0.0006200901116244495, 0.016309570521116257, 0.019433224573731422, 0.011227231472730637, -0.020098920911550522, -0.0004336630227044225, -0.020918238908052444, -0.03597322851419449, 0.0007009018445387483, 0.002229123841971159, 0.001301789190620184, -0.00530637102201581, 0.019010761752724648, 0.029137033969163895, 0.004967121873050928, -0.01678323931992054, -0.010779166594147682, 0.0002880418614950031, 0.02079022116959095, 0.0036357282660901546, 0.01776898093521595, 0.010113469325006008, -0.022774508222937584, 0.010497525334358215, -0.013467556796967983, 0.05218038335442543, 0.019868487492203712, 0.003350886981934309, -0.0045670634135603905, -0.014978175982832909, 0.022672094404697418, -0.11040323972702026, -0.007175442762672901, 0.006772183813154697, 0.035230718553066254, -0.0018994760466739535, -0.0018818734679371119, -0.007290659472346306, 0.02058539167046547, -0.044934529811143875, 0.01602792926132679, -0.017576953396201134, -0.02015012688934803, -0.003202065359801054, -0.014466102235019207, 0.014760544523596764, 0.014542913064360619, -0.020214136689901352, -0.009466975927352905, -0.013800404965877533, 0.0032148670870810747, -0.009633399546146393, -0.008468430489301682, -0.014005235396325588, 0.00029484284459613264, 0.00474628945812583, -0.01678323931992054, 0.004877508617937565, 0.0330544039607048, 0.022147217765450478, 0.0033540872391313314, -0.00763630960136652, -0.0070282211527228355, 0.0011561679420992732, -0.0027411982882767916, 0.016155946999788284, 0.012616232968866825, -0.01591271162033081, -0.011380854062736034, 0.010209483094513416, -0.02754960209131241, 0.0076555125415325165, 0.019318006932735443, -0.007220249157398939, -0.032388705760240555, -0.0016578409122303128, -0.004797497298568487, -0.00017692570690996945, 0.0003816554672084749, 0.027677621692419052, -0.008007563650608063, 0.013633981347084045, 0.00490631302818656, -0.006544950883835554, 0.006708174478262663, -0.011086410842835903, -0.008257200010120869, 0.016079137101769447, 0.023158565163612366, -0.039071276783943176, -0.002606778871268034, 0.021622341126203537, -0.015195808373391628, 0.0019058769103139639, -0.0193692147731781, -0.008141983300447464, -0.01115041971206665, -0.018972355872392654, 0.005047133192420006, -0.00376694742590189, -0.02058539167046547, -0.008007563650608063, -0.02168635092675686, -0.013045095838606358, 0.0323374979197979, -0.004656676668673754, -0.017141690477728844, -0.019612450152635574, -0.01451730914413929, -0.007412277162075043, -0.01577189192175865, -0.007482687011361122, 0.013621179386973381, 0.02985393814742565, -0.00534157594665885, 0.029777126386761665, 0.025654926896095276, 0.004605469293892384, 0.015336628071963787, -0.006279312539845705, -1.4077045307203662e-05, -0.019215591251850128, 0.009294150397181511, 0.014888563193380833, -0.0516171008348465, -0.008013964630663395, 0.021097466349601746, -0.012757053598761559, -0.0021123068872839212, -0.011604886502027512, -0.003619726048782468, -0.015784693881869316, -0.0006112888222560287, -0.04565143212676048, 0.013531566597521305, -0.017320916056632996, -0.0018162638880312443, 0.016309570521116257, -0.009991851635277271, 0.020943842828273773, -0.022902527824044228, -0.030673256143927574, 0.01968926005065441, -0.018857140094041824, 0.03243991360068321, 0.006228105165064335, -0.002233924577012658, -0.02113587036728859, 0.0032900781370699406, 0.026704680174589157, -0.006618561688810587, 0.0238114595413208, 0.019702062010765076, -0.013339538127183914, -0.003398893866688013, 0.0005132745718583465, 0.022339245304465294, -0.0111056137830019, 0.01229618676006794, -0.022249633446335793, 0.006346522364765406, -0.006240906659513712, -0.0016786438645794988, 0.01788419857621193, -0.005696827545762062, -0.009287749417126179, 0.015323826111853123, 0.017781782895326614, 0.003789350623264909, -0.012686643749475479, 0.008154785260558128, 0.009780621156096458, 0.04962000995874405, 0.0008705264772288501, -0.038021523505449295, 0.016475994139909744, -0.026320625096559525, 0.002454756759107113, 0.01854989491403103, 0.0024243523366749287, 0.0444224551320076, 0.012200172990560532, -0.0024675584863871336, -0.002752400003373623, 0.024221118539571762, 0.004963921383023262, -0.02328658290207386, -0.004791096318513155, -0.037330225110054016, 0.004794296808540821, 0.00292522506788373, -0.007501889951527119, -0.015515854582190514, 0.012577828019857407, 0.0036133250687271357, -0.01131044328212738, 0.013480358757078648, 0.013813206925988197, -0.01881873421370983, -0.0027892051730304956, -0.0092173395678401, 0.011899328790605068, -0.04050508514046669, -0.0162583626806736, -0.00648094154894352, -0.0003828556218650192, -0.006519347429275513, -0.013403547927737236, -0.006026475690305233, 0.0038533599581569433, 0.010068663395941257, -0.012334592640399933, -0.012757053598761559, 0.007949954830110073, -0.015464646741747856, 0.00753389485180378, 0.02012452483177185, 0.01374919805675745, 0.04199010133743286, 0.01614314503967762, 0.0024467555340379477, 0.011483268812298775, 0.013339538127183914, 0.013505962677299976, 0.020918238908052444, -0.0008369216229766607, 0.006311316974461079, 0.003322082804515958, 0.0002994435199070722, -0.0024947624187916517, 0.028855392709374428, -0.016181550920009613, 0.0030452425125986338, 0.010196681134402752, 0.011950536631047726, -0.01632237248122692, -0.00618329830467701, -0.010593539103865623, 0.008084374479949474, -0.032209478318691254, -0.03858480602502823, -0.009838229045271873, -0.0012121761683374643, 0.010516728274524212, 0.02706313319504261, 0.013505962677299976, 0.028855392709374428, -0.019382016733288765, 0.02546289935708046, 0.010939189232885838, -0.02644864283502102, 0.001274585141800344, 0.018140235915780067, -0.0003168460389133543, 0.010388709604740143, 0.01774337887763977, -0.022697698324918747, 0.024105902761220932, 0.00742507865652442, 0.016629615798592567, -0.013723594136536121, -0.028036072850227356, -0.005636018700897694, 0.02406749688088894, -0.0012473812093958259, -0.02108466438949108, -0.009607795625925064, -0.0216351430863142, 0.019612450152635574, 0.0008921296102926135, 0.011444862931966782, -0.029341863468289375, -0.0029604302253574133, 0.010811170563101768, -0.013582773506641388, 0.007393074221909046, 0.010990397073328495, 0.029956351965665817, -0.0030292400624603033, 0.014338083565235138, 0.0007281057769432664, 0.004173406399786472, 0.024489957839250565, 0.0006168896215967834, 0.01120802853256464, -0.023363394662737846, -0.013301132246851921, -0.012725048698484898, -0.0052423616871237755, 0.03315681591629982, 0.01035030372440815, -0.005351177416741848, 0.00465987715870142, -0.02543729543685913, 0.026576662436127663, -0.0021731157321482897, -0.003939772490411997, 0.002457957249134779, 0.012219375930726528, -0.00031744613079354167, -0.02374744974076748, -0.03827756270766258, 0.03423217311501503, 0.023414602503180504, -0.03917369246482849, -0.008250799030065536, 0.02985393814742565, -0.0007413077400997281, -0.0011713701533153653, 0.016732031479477882, -0.0028324115555733442, -0.011182424612343311, -0.009851031005382538, 0.014453300274908543, -0.03745824098587036, -0.014261271804571152, 0.009940644726157188, -0.024182714521884918, -0.020201334729790688, -0.0005476796068251133, 0.002403549151495099]"
U85394,N46911 N1150 N8129 N53387 N38118 N49995 N55189 N10059 N33683 N871 N33247 N26978 N20997 N16290 N44237 N58641 N57571 N43725 N19994 N4536 N54822 N64314 N1966 N14185 N35552 N13137 N5241 N11101 N46392 N59704 N53033 N9120 N37811 N55148 N4069 N16423 N41997 N21493 N34649 N54625 N22753 N3057 N712 N6466 N34105 N12349 N34394 N61267 N4166 N44885 N41375 N52875 N15765 N14452 N13138 N13429 N37663 N51705 N32194 N49040,"[-0.020762629806995392, -0.02040235325694084, 0.0058511653915047646, -0.0020549132023006678, -0.015972280874848366, 0.0023367966059595346, 0.0011075182119384408, -0.006605078466236591, -0.033625852316617966, -0.00531742163002491, 0.025099297985434532, 0.036668192595243454, -0.0073389760218560696, 0.013850648887455463, 0.005637668073177338, 0.030770324170589447, 0.01944161392748356, 0.010861684568226337, 0.0037128545809537172, -0.05673695728182793, -0.035253770649433136, -0.014691295102238655, -0.01962842419743538, -0.016159091144800186, -0.014024116098880768, -0.01570540852844715, 0.014557859860360622, -0.010441360995173454, 0.005751088261604309, -0.0004449254192877561, -0.0022350517101585865, -0.007178852800279856, 0.0043800342828035355, -0.027087492868304253, -0.03549395501613617, -0.02540620043873787, 0.001576211885549128, -0.008152934722602367, 0.03696175292134285, 0.001183409825898707, 0.017453419044613838, -0.01008775644004345, -0.010361299850046635, -0.010267894715070724, -0.02432536892592907, 0.011929172091186047, -0.014331018552184105, -0.030530139803886414, -0.012302792631089687, 0.04115163907408714, 0.03626788407564163, 0.0020549132023006678, -0.021042846143245697, 0.002393506933003664, 0.04248599708080292, -0.014130864292383194, 0.007459068205207586, 0.0009290476446039975, -0.004303308669477701, -0.005707721691578627, -0.00865331944078207, -0.003287527710199356, 0.004807029385119677, 0.01362380851060152, -0.0275945495814085, -0.01379727479070425, 0.005964586045593023, -0.005771103780716658, -0.027140866965055466, 0.022844230756163597, 0.014437766745686531, 0.007599175907671452, -0.015798812732100487, -0.016506023705005646, 0.006474978290498257, -0.0273810513317585, -0.01781369559466839, -0.008986909873783588, 0.0029639455024152994, 0.005120603833347559, 0.0070854476653039455, -0.012596351094543934, -0.014504484832286835, 0.0265137180685997, 0.005103924311697483, 0.009060299023985863, 0.0008781751967035234, 0.04566177353262901, -0.0458218976855278, -0.008459838107228279, -0.006431611720472574, 0.011862454004585743, -0.011895813047885895, 0.020415697246789932, -0.012349494732916355, 0.028928909450769424, -0.021122906357049942, 0.010654858313500881, 0.013563761487603188, -0.04635564237833023, 0.013570433482527733, 0.021950209513306618, -0.010408001951873302, -0.019414927810430527, 0.022964322939515114, -0.00930048432201147, -0.005307414103299379, -0.0069119809195399284, 0.010147802531719208, 0.008306385949254036, -0.011101868934929371, 0.003232485381886363, 0.012469586916267872, -0.008680007420480251, 0.0047036162577569485, -0.013543746434152126, 0.01841415837407112, -0.023751594126224518, -0.02199024148285389, -0.026206815615296364, 0.0038529622834175825, -5.9055822930531576e-05, -0.006414932198822498, 0.0029255826957523823, 0.012903254479169846, 0.015185008756816387, -0.0314108170568943, -0.01589221879839897, 0.015358475036919117, 0.013743900693953037, 0.00882011465728283, 0.022657420486211777, 0.006938667967915535, -0.030716950073838234, -0.025552980601787567, -0.013250187039375305, -0.03770899400115013, -0.015798812732100487, -0.008626632392406464, -0.00900692492723465, 0.00510058831423521, 0.007572488859295845, -0.008306385949254036, 0.0011683983029797673, 0.012596351094543934, 0.024472149088978767, 0.012583008036017418, -0.0009165380033664405, 0.005600973032414913, -0.005420834291726351, 0.01541184913367033, 0.008693350479006767, 0.024792395532131195, 0.007979468442499638, 0.029169093817472458, 0.018681028857827187, -0.0036061059217900038, 0.016986394301056862, -0.0024785723071545362, -0.010127786546945572, 0.0044434163719415665, 0.012576336041092873, 0.016465993598103523, -0.00227508251555264, -0.0005616818671114743, 0.00603130366653204, -0.003299203235656023, 0.011822422966361046, 0.0182273481041193, -0.01091505866497755, 0.006898637395352125, -0.0038863213267177343, -0.05529584735631943, 0.034693341702222824, 0.011135227978229523, -0.0037729009054601192, 0.022030271589756012, -0.004947137087583542, -0.026980744674801826, -0.006925324443727732, -0.020135480910539627, 0.004296636674553156, 0.00518398592248559, 0.03546727076172829, 0.0007976966444402933, -0.02684730850160122, -0.008720037527382374, -0.014304331503808498, -0.011682315729558468, -3.320261021144688e-05, -0.007912750355899334, 0.037415433675050735, -0.006588398944586515, -0.008359760977327824, -0.6473243832588196, -0.0141575513407588, 0.02520604617893696, 0.011168587021529675, -0.00930048432201147, 0.00013562511594500393, -0.00892686378210783, -0.00793943740427494, -0.036694880574941635, 0.020669225603342056, -0.0031457520090043545, 0.034506529569625854, -0.002084936248138547, 0.008673335425555706, 0.011215289123356342, -0.009974335320293903, 0.020789317786693573, -0.025112641975283623, -0.004203231539577246, -0.000990761793218553, 0.0033208865206688643, 0.026113411411643028, 0.011475489474833012, 0.00030481768772006035, 0.02900896966457367, -0.0022684107534587383, -0.006978699006140232, -0.015385162085294724, -0.015011541545391083, -0.020962784066796303, 0.0001533470640424639, 0.03608107566833496, 0.004743647295981646, -0.019027963280677795, 0.05919217690825462, -0.0008364764507859945, -0.005717729218304157, 0.041578635573387146, 0.01945495791733265, 0.02235051803290844, -0.00866666343063116, -0.017053110525012016, 0.002431869739666581, -0.010114443488419056, -0.007185524795204401, 0.024939173832535744, -0.005287398584187031, 0.013216828927397728, 0.011115212924778461, -0.006024632137268782, 0.015571972355246544, 0.022283799946308136, -0.027701297774910927, -0.003425967413932085, 0.005137283354997635, -0.009634073823690414, 0.020469071343541145, -0.026727216318249702, 0.03194456174969673, 0.005964586045593023, -0.02162996307015419, 0.007025401573628187, 0.003862970042973757, 0.014971510507166386, 0.007332304026931524, 0.004473439417779446, -0.006765201222151518, 0.014371049590408802, 0.01134872529655695, 0.01269642822444439, -0.0034493186976760626, 0.0178670696914196, -0.005784447304904461, 0.014851418323814869, 0.031837813556194305, -0.00572106521576643, 0.028048232197761536, 0.011969202198088169, -0.012055936269462109, -0.0028471890836954117, -0.012269433587789536, -0.0044667674228549, -0.019174743443727493, 0.01398408506065607, -0.0006901139277033508, -0.0032758519519120455, -0.025886569172143936, 0.03210468217730522, 0.01821400411427021, -0.01378393080085516, 0.027994858101010323, 0.021603276953101158, -0.004920449573546648, -0.025673072785139084, 0.010941745713353157, 0.016359245404601097, -0.002558633917942643, 0.009500637650489807, 0.0010508078848943114, -0.039416972547769547, 0.011295351199805737, -0.0061914268881082535, 0.017773665487766266, 0.01342365425080061, 0.01583884470164776, 0.011482161469757557, -0.012489602901041508, -0.00595124252140522, 0.007772642653435469, -0.009513981640338898, 0.0065083373337984085, 0.0048237089067697525, -0.02922246791422367, -0.015011541545391083, -0.045501649379730225, -0.029275842010974884, 0.021309716627001762, 0.004533485509455204, 0.00572106521576643, -0.009327171370387077, 0.024098528549075127, 0.011001791805028915, -0.009080315008759499, -0.009960992261767387, -0.017186546698212624, 0.016706177964806557, -0.0008323065703734756, -0.019388239830732346, -0.014130864292383194, 0.01641261950135231, 0.0035594033543020487, -0.013770587742328644, 0.026927370578050613, -0.018974589183926582, -0.008439822122454643, 0.005153962876647711, 0.027994858101010323, -0.0200287327170372, -0.003134076250717044, -0.005173977930098772, -0.0039196801371872425, 0.007892735302448273, 0.0011025143321603537, 0.009173720143735409, 0.003616113681346178, -0.021416466683149338, 0.021122906357049942, 0.017199890688061714, -0.03245161846280098, -0.022310486063361168, 0.033972788602113724, -0.0023968429304659367, 0.005250703543424606, 0.001108352211304009, 0.010921730659902096, -0.002241723472252488, 0.0069520119577646255, -0.02975621074438095, -0.03101050853729248, -0.028074918314814568, 0.0036728237755596638, 0.0030373353511095047, -0.015918906778097153, 0.007192196324467659, 0.029169093817472458, -0.005624324083328247, -0.010027709417045116, -0.004396713804453611, -0.009780853055417538, -0.013663838617503643, 0.017199890688061714, -0.0053541166707873344, -0.007866048254072666, 0.017400044947862625, -0.025673072785139084, 0.01585218869149685, 0.009607386775314808, -0.0019164734985679388, -0.01398408506065607, -0.0008106232271529734, -0.018974589183926582, 0.00972080696374178, -0.017560167238116264, -0.006431611720472574, 0.00855324324220419, -0.008246339857578278, -0.0014969842741265893, 0.0265137180685997, -0.017947131767868996, -0.014210926368832588, -0.017386700958013535, 0.021683337166905403, -0.0033175507560372353, -0.008259683847427368, -0.015812156721949577, 0.014290987513959408, 0.018520906567573547, 0.009674104861915112, 0.014838075265288353, 0.012242746539413929, 0.008266355842351913, 0.005330765154212713, 0.025819851085543633, 0.014544515870511532, 0.012362838722765446, -0.028928909450769424, -0.0026820620987564325, -0.0244988352060318, 0.049824975430965424, 0.003729534102603793, 0.019775204360485077, -0.023698220029473305, -0.0033609173260629177, -0.0004415895091369748, 0.023724908009171486, 0.011475489474833012, -0.01180907990783453, 0.015278413891792297, 0.006161403842270374, 0.00030857056844979525, -0.010247878730297089, 0.006615085992962122, 0.013090064749121666, 0.015278413891792297, -0.005704385694116354, 0.010534766130149364, -0.002822169801220298, 0.002642031293362379, 0.011135227978229523, -0.011635612696409225, 0.028021544218063354, 0.012916597537696362, -0.00110418233089149, 0.008966893889009953, -0.019588394090533257, -0.0619676448404789, -0.009260453283786774, -0.009093658067286015, 0.03442646935582161, -0.022670764476060867, -0.005537590943276882, 0.017560167238116264, 0.020135480910539627, -0.026820620521903038, 0.013096735812723637, 0.015104946680366993, 0.0033275585155934095, 0.008379776030778885, -0.01542519312351942, 0.0020082106348127127, -0.006244801450520754, 0.02847522683441639, -0.012723115272819996, -0.013303562067449093, -0.0003909255610778928, -0.016305869445204735, -0.02287091687321663, 0.0014544515870511532, 0.012462915852665901, 0.021229656413197517, 0.018240690231323242, 0.02560635469853878, -0.007999483495950699, -0.004600203596055508, 0.016812926158308983, -0.0014869766309857368, 0.00297562126070261, -0.01308339275419712, -0.008286370895802975, -0.001799717079848051, -0.0006254808977246284, -0.027514487504959106, 0.022430578246712685, -0.005490888375788927, 0.011749032884836197, 0.005120603833347559, -0.024592241272330284, -0.0013310234062373638, 0.014998198486864567, -0.00025811512023210526, -0.02828841656446457, -0.033839352428913116, 0.038322798907756805, 0.008046186529099941, -0.02292429283261299, -0.008633304387331009, 0.022390548139810562, 0.01227610558271408, -0.00317744305357337, 0.012422884814441204, 0.00395971117541194, 0.01162894070148468, 0.013436997309327126, -0.00028459381428547204, 0.036321260035037994, -0.013483700342476368, 0.02233717404305935, 0.0069119809195399284, 0.0008648316143080592, -0.002420194214209914, 0.01856093667447567, -0.006344878114759922, -0.010307925753295422, -0.025312794372439384, 0.010434689000248909, -0.005747752729803324, 0.0013043361250311136, -0.033092111349105835, 0.00910033006221056, -0.039577096700668335, 0.007732612080872059, -3.8154335925355554e-05, -0.033972788602113724, -0.009594042785465717, -0.00847985316067934, 0.0007389014353975654, 0.008059529587626457, 0.0011050162138417363, -0.01928149163722992, 0.02539285644888878, -0.0005137283005751669, 0.01036797184497118, -0.04448753595352173, 0.004700280725955963, 0.1487009972333908, 0.03319885954260826, -0.0012017573462799191, 0.015612003393471241, -0.014010772109031677, 0.009033611975610256, -0.008733381517231464, -0.04205900430679321, 0.02381831221282482, -0.0018247362459078431, 0.018987933173775673, 0.0061213732697069645, 0.012422884814441204, 0.008806770667433739, 0.013477028347551823, 0.0022867582738399506, 0.01930817775428295, -0.0022233761847019196, 0.024071840569376945, -0.005010519176721573, -0.01838747039437294, -0.014077490195631981, -0.019027963280677795, 0.017186546698212624, -0.008800099603831768, -0.019801892340183258, 0.015345131047070026, 0.017186546698212624, 0.013363608159124851, -0.011875797063112259, -0.013497044332325459, 0.004526813980191946, 0.007652550470083952, 0.0317043773829937, 0.007872719317674637, 0.006938667967915535, -0.0005370795843191445, 0.01227610558271408, 0.02903565764427185, -0.010828325524926186, 0.017213234677910805, -0.007372335065156221, -0.0006876119878143072, -0.020669225603342056, 0.02000204473733902, -0.0094739506021142, 0.008399791084229946, 0.02541954442858696, 0.007745955605059862, -0.025846539065241814, 0.03455990552902222, -0.00306902639567852, -0.006228121928870678, 0.00847985316067934, 0.01804053783416748, -0.002953937742859125, -0.0086466483771801, -0.011615597642958164, -0.0035327160730957985, 0.034346409142017365, -0.009227094240486622, -0.022217081859707832, 0.0003319218521937728, -0.003017319831997156, -0.002887219889089465, -0.017440075054764748, -0.042459312826395035, -0.001993199111893773, 0.0034026161301881075, 0.0016537714982405305, 0.020842691883444786, -0.03066357597708702, -0.011949187144637108, -0.004927121568471193, 0.02233717404305935, -0.015625346451997757, -0.0027821389958262444, -0.02903565764427185, 0.0035827546380460262, -0.004880419000983238, 0.008953550830483437, -0.0058111343532800674, 0.0009957655565813184, -0.017520137131214142, -0.006324863061308861, 0.00791942235082388, 0.025005891919136047, 0.0019481645431369543, -0.01018116157501936, 0.018654342740774155, -0.01010777149349451, 0.013997429050505161, 0.016519367694854736, -0.008413135074079037, 0.023484723642468452, 0.0022400557063519955, 0.002026558155193925, -0.006304847542196512, 0.014357705600559711, 0.009700791910290718, 0.004259942099452019, -0.04309980571269989, 0.013196812942624092, 0.010841668583452702, 0.015998966991901398, 0.01125532016158104, 0.007045417092740536, -0.01856093667447567, 0.011989218182861805, -0.04309980571269989, -0.008499868214130402, -0.001352706691250205, -0.004900434520095587, -0.007158837281167507, 0.011308695189654827, 0.015465224161744118, 0.011702330783009529, 0.02595328725874424, 0.0067051551304757595, 0.0012192707508802414, 0.0010141130769625306, -0.0378958024084568, 0.02344469167292118, 0.004853731952607632, -0.010581469163298607, -0.007105463184416294, 0.007705924566835165, -0.05318756029009819, -0.0066984836012125015, -0.01856093667447567, 0.01260302308946848, -0.01153553556650877, 0.02161662094295025, -0.02020219899713993, -0.023538097739219666, -0.009594042785465717, 0.005384139716625214, -0.0042365905828773975, -0.023564783856272697, 0.015638690441846848, -0.024285338819026947, -0.029809586703777313, 0.014637921005487442, 0.01965511217713356, 0.015104946680366993, -0.026086723431944847, -0.0178670696914196, 0.004176544491201639, 0.0023267888464033604, 0.025326138362288475, -0.02397843636572361, -0.014731326140463352, -0.020669225603342056, 0.008793427608907223, 0.0023918389342725277, -0.023204507306218147, -0.0005641837487928569, 0.005560941994190216, 0.027327677235007286, -0.0014803047524765134, 0.05409492552280426, -0.007899406366050243, 0.005824478343129158, -0.012176028452813625, 0.03063688799738884, -0.012349494732916355, -0.029169093817472458, -0.034506529569625854, -0.030183207243680954, 0.005981265567243099, 0.0007655886001884937, 0.006561711896210909, 0.019788548350334167, -0.000640492420643568, -0.007272257935255766, 0.03728199750185013, -0.01930817775428295, 0.00038571321056224406, -0.017586855217814445, -0.015078259631991386, -0.012029248289763927, -0.017613541334867477, -0.016719521954655647, 0.0016295862151309848, -0.02556632272899151, 0.004813700914382935, -0.009513981640338898, 0.015998966991901398, -0.006521680857986212, 0.0035660751163959503, 0.02054913341999054, -0.01856093667447567, 0.01550525426864624, -0.0005116433603689075, 0.00022538162011187524, -0.008326401934027672, -0.029435966163873672, -0.014464454725384712, -0.00024831591872498393, 0.013510387390851974, -0.002098280005156994, 0.01071490440517664, -0.022750824689865112, -0.002760455710813403, -0.025286108255386353, 0.016292527318000793, -0.03303873538970947, -0.020429039373993874, 0.014758013188838959, -0.012796505354344845, -0.007312288973480463, -0.022443922236561775, -0.03786911442875862, -0.03520039841532707, -0.007892735302448273, 0.00513061136007309, 0.001954836305230856, 0.002355144126340747, 0.003996406216174364, -0.039203476160764694, -0.03167768940329552, -0.029996396973729134, 0.020856035873293877, 0.01910802535712719, 0.048063620924949646, 0.015945592895150185, -0.03770899400115013, -0.02812829241156578, 0.020669225603342056, 0.02073594368994236, 0.008066201582551003, 0.005340773146599531, 0.021669995039701462, -0.015451880171895027, -0.0006947008077986538, -0.007158837281167507, -0.014357705600559711, -0.014998198486864567, -0.013376951217651367, 0.009140361100435257, -0.0033575815614312887, 0.0036561444867402315, -0.003287527710199356, -1.421666001988342e-05, -0.009767509996891022, 0.02467230334877968, 0.0014361041830852628, 0.0026653825771063566, -0.018347440287470818, 0.004837052430957556, -0.011835766956210136, 0.001689632423222065, 0.02505926601588726, 0.03373260051012039, 0.019334865733981133, -0.014331018552184105, 0.006244801450520754, -0.0017663580365478992, 0.0018514235271140933, 0.016679489985108376, -0.003846290521323681, 0.02255067229270935, -0.023885030299425125, 0.00936053041368723, -0.0045768520794808865, 0.010594812221825123, 0.0019164734985679388, -0.007105463184416294, -0.01100846379995346, 0.01910802535712719, 0.006421603728085756, 0.018320752307772636, -0.004720295779407024, -0.01298998761922121, 0.01233615167438984, 0.007439052686095238, 0.0026720543392002583, -0.01731998287141323, 0.0009015264804475009, 0.0041732084937393665, 0.01929483562707901, 0.011288679204881191, -0.0007176350918598473, -0.004013085272163153, -0.006054655183106661, -0.013190140947699547, -0.011668971739709377, -0.022457266226410866, 0.015905562788248062, -0.012396197766065598, -0.01821400411427021, -0.04926454275846481, 0.007152165751904249, -0.010054397396743298, -0.0033092109952121973, -0.001310174004174769, 0.018480876460671425, 0.009647417813539505, -0.010514751076698303, -0.006007952615618706, -0.02179008722305298, 0.01929483562707901, -0.029462652280926704, -0.008139591664075851, -0.003070694161579013, -0.0034860135056078434, 0.027727985754609108, 0.002617012010887265, 0.0008948546601459384, -0.011942515149712563, 0.004006413742899895, 0.016079029068350792, -0.011088525876402855, 0.002680394100025296, -0.003939695656299591, 0.0045134699903428555, 0.023204507306218147, -0.011688986793160439, -0.0043800342828035355, 0.00928714033216238, -0.015732096508145332, -0.016465993598103523, 0.005917883478105068, 0.006081342231482267, -0.009794197045266628, 0.02938259020447731, 0.0169330183416605, -0.002300101798027754, -0.040324337780475616, -0.02232383005321026, -0.004133177921175957, -0.00866666343063116, -0.011108540929853916, -0.0378958024084568, -0.0026436992920935154, -0.013096735812723637, -0.010748263448476791, 0.023404661566019058, -0.010881699621677399, -0.016879644244909286, 0.0311973188072443, 0.02292429283261299, 8.14167651697062e-05, 0.012242746539413929, 0.010241207666695118, -0.0069053093902766705, -0.02559301070868969, -0.019374895840883255, -0.01134872529655695, -0.001374390092678368, -0.00930048432201147, 0.02271079458296299, 0.01100846379995346, -0.021603276953101158, -0.007158837281167507, -0.0022267119493335485, -0.011555551551282406, 0.002667050575837493, -0.001638759975321591, 0.01727995276451111, 0.043873731046915054, -0.014798044227063656, 0.00819963775575161, 0.011288679204881191, 0.018427500501275063, 0.03117063269019127, 0.0008356425096280873, -0.024578897282481194, 0.023898374289274216, -0.007399022113531828, 0.01782703958451748, -0.008873488754034042, -0.02180343121290207, -0.00616807583719492, -0.005580957513302565, -0.012849879451096058, 0.0031374122481793165, -0.010027709417045116, 0.0024835760705173016, -0.04248599708080292, 0.009313827380537987, -0.002034897916018963, 0.019161399453878403, 0.009927633218467236, 0.018334096297621727, -0.02344469167292118, 0.001858095289207995, -0.012256089597940445, 0.006885293871164322, -0.022230425849556923, 0.006691811606287956, -0.0013935714960098267, -0.010474720038473606, -0.009053627960383892, 0.0030606866348534822, -0.006398252677172422, -0.01750679314136505, -0.003522708546370268, 0.014731326140463352, 0.00044617638923227787, 0.007392350118607283, 0.037388745695352554, 0.01782703958451748, -0.012549648992717266, 0.011035150848329067, 0.004319988191127777, -0.02053578943014145, -0.0035460598301142454, -0.0009974335553124547, -0.01619912125170231, 0.0022050286643207073, 0.004756990820169449, 0.027154210954904556, -0.007672565523535013, -0.026793934404850006, -0.02038900926709175, 0.011155243031680584, -0.03770899400115013, 0.03333229571580887, 0.01389067992568016, -0.009707463905215263, -0.006131380796432495, -0.006238129455596209, -0.025005891919136047, 0.0010082751978188753, -0.03197124972939491, 0.01873440481722355, -0.022257111966609955, -0.01000102236866951, 0.013370280154049397, -0.004193224012851715, -0.041178327053785324, -0.007145493756979704, 0.007025401573628187, -0.009327171370387077, 0.015798812732100487, 0.22588033974170685, -0.03338566794991493, 0.0007680905400775373, 0.018881183117628098, -0.0200287327170372, 0.011635612696409225, 0.026820620521903038, -0.00308403791859746, -0.02020219899713993, -0.005387475714087486, 0.0004987167776562274, -0.011502176523208618, 0.0025169351138174534, 0.007959453389048576, -0.0056610191240906715, -0.01821400411427021, -0.028235042467713356, -0.025179360061883926, -0.01126866415143013, -0.023404661566019058, 0.012876566499471664, -0.003117396729066968, 0.016519367694854736, -0.013090064749121666, 0.036134447902441025, 0.018334096297621727, 0.009634073823690414, -0.01658608578145504, 0.018173974007368088, 0.0182273481041193, -0.011602253653109074, -0.021336404606699944, -0.0023067735601216555, 0.015451880171895027, 0.004973824135959148, 0.006688475608825684, -0.002877212129533291, 0.005170641932636499, 0.014077490195631981, 0.025552980601787567, -0.0015153316780924797, -0.012623039074242115, -0.027808047831058502, -0.00013374866102822125, 0.0033008712343871593, -0.009660760872066021, 0.00173633499071002, -0.011962531134486198, 0.0024418774992227554, -0.009033611975610256, -0.016492679715156555, -0.020469071343541145, 0.05265381559729576, 0.011468817479908466, -0.005430842284113169, 0.0028455210849642754, 0.031117258593440056, 0.017186546698212624, -0.01925480365753174, -0.0010499738855287433, -0.0017813695594668388, 0.01858762465417385, -0.023324599489569664, 0.05113264545798302, -0.007859376259148121, 0.02184346131980419, 0.004049780312925577, -0.034693341702222824, 0.013190140947699547, -0.015278413891792297, 0.006638437509536743, 0.0035393878351897, -0.010347955860197544, -0.009086987003684044, -0.01877443492412567, -0.03754886984825134, 0.014290987513959408, -0.007018729578703642, -0.000623812957201153, 0.01962842419743538, -0.010514751076698303, -0.010167817585170269, -0.01674620807170868, -0.019975358620285988, -0.03101050853729248, -0.043179865926504135, 0.018240690231323242, -0.004326659720391035, 0.002283422276377678, -0.013603792525827885, -0.004516805987805128, -0.0005070565384812653, -0.006468306295573711, -0.003522708546370268, 0.001369386212900281, 0.02412521466612816, 0.011608925648033619, 0.03157094120979309, -0.0002658293815329671, 0.0032641764264553785, -0.01362380851060152, -0.011709002777934074, 0.03562739118933678, -0.014477797783911228, -0.025673072785139084, -0.004853731952607632, 0.027888108044862747, 0.026366939768195152, 0.0357341393828392, -0.03351910412311554, -0.014197582378983498, -0.014904793351888657, 0.003315882757306099, -0.009767509996891022, 0.024405431002378464, 0.014197582378983498, 0.013170125894248486, -0.009527324698865414, -0.016279183328151703, -0.001015780959278345, 0.008453166112303734, -0.030530139803886414, 0.01144213043153286, 0.006998714525252581, -0.010981776751577854, 0.0033142147585749626, -0.04995841160416603, 0.026246847584843636, -0.0190946813672781, -0.012676413170993328, -0.02472567744553089, -0.005854501388967037, -0.01782703958451748, -0.02345803566277027, 0.004079803358763456, 0.0244988352060318, 0.014184239320456982, -0.014237613417208195, -0.0014085830189287663, 0.006474978290498257, -0.00022329667990561575, 0.0021800093818455935, -0.016292527318000793, -0.006691811606287956, 0.015438537113368511, -0.029702836647629738, 0.020896065980196, -0.02647368796169758, 0.004983831662684679, -0.020775973796844482, -0.02018885500729084, 0.018280722200870514, -0.00658172694966197, -0.006681804079562426, -0.005314085632562637, -0.019348209723830223, -0.0169330183416605, -0.04451422393321991, -0.0030440071132034063, 0.0069520119577646255, -0.026380281895399094, 0.01746676303446293, 0.037949178367853165, -0.010975104756653309, -0.010588141158223152, -0.014344361610710621, -0.1696237474679947, 0.02903565764427185, 0.00910033006221056, -0.005350780673325062, 0.03640132024884224, -0.014584546908736229, 0.03765561804175377, 0.019601738080382347, -0.034293033182621, 0.017893757671117783, 0.006618421990424395, 0.0042299190536141396, 0.0013310234062373638, 0.004983831662684679, -0.017440075054764748, 0.015998966991901398, -0.025913257151842117, 0.024218620732426643, 0.0015828836476430297, 0.005143954884260893, 0.01802719384431839, -0.011915828101336956, 0.008593273349106312, 0.0008740053162910044, 0.005600973032414913, 0.02124299854040146, 0.01533178798854351, 0.0013001663610339165, 0.021736713126301765, -0.012516289949417114, -0.022297143936157227, -0.013063376769423485, 0.01164228469133377, 0.008246339857578278, 0.002987296786159277, -0.003872977802529931, 0.008346416987478733, -0.0054708728566765785, -0.0022900940384715796, 0.01639927551150322, 0.011108540929853916, 0.0035393878351897, -0.0029005634132772684, 0.0034026161301881075, -0.0028838838916271925, 0.030183207243680954, -0.0317043773829937, 0.005330765154212713, -0.015652034431695938, 0.0029139069374650717, 0.00685193482786417, -0.01961508020758629, 0.03028995543718338, 0.01344366930425167, 0.0042465985752642155, 0.008172950707376003, -0.02520604617893696, 0.0054074907675385475, -0.004006413742899895, 0.013203484937548637, -0.024979205802083015, 0.012623039074242115, 0.006815239787101746, -0.001613740692846477, -0.0014394400641322136, -0.018173974007368088, -0.007792658172547817, -0.02525942027568817, -0.006765201222151518, 0.015958936884999275, 0.02249729633331299, -0.0009348854655399919, 0.02162996307015419, -0.0059946090914309025, 0.00829304289072752, 0.0018530914094299078, -0.026286877691745758, 0.006244801450520754, 0.015812156721949577, -0.00409314688295126, -0.0328519232571125, 0.007178852800279856, 0.006558375898748636, -0.015158320777118206, -0.00847985316067934, 0.010814981535077095, 0.01027456670999527, 0.00972080696374178, -0.0028471890836954117, -0.01153553556650877, 0.015211695805191994, -0.029355904087424278, -0.022830886766314507, -0.014397736638784409, -0.0016712850192561746, 0.024298682808876038, 0.014691295102238655, 0.0229109488427639, 0.024992549791932106, -0.02975621074438095, -0.00406312383711338, 0.007705924566835165, -0.006088014226406813, 0.036347948014736176, -0.0005675196880474687, -0.006628429517149925, 0.005230688489973545, 0.009594042785465717, 0.016452649608254433, 0.01750679314136505, -0.023204507306218147, 0.014758013188838959, 0.028341790661215782, 0.01605234108865261, 0.00771259656175971, 0.016612771898508072, -0.010888371616601944, -0.015985624864697456, 0.00803284253925085, 0.006074670702219009, 0.04558171331882477, -0.003892993088811636, 0.0011717341840267181, -0.002550294157117605, -0.002617012010887265, 0.007178852800279856, -0.10440026968717575, -0.031624313443899155, -0.008693350479006767, -0.0007363994955085218, 0.0034826777409762144, 0.029435966163873672, 0.011282007209956646, 0.016319213435053825, -0.02162996307015419, 0.020802661776542664, 0.014477797783911228, -0.01908133737742901, 0.0009398892871104181, 0.017893757671117783, 0.03338566794991493, -0.02561969868838787, 0.009320499375462532, 0.0012567996745929122, -0.04384704679250717, -0.002650371054187417, -0.006731842644512653, -0.009046955965459347, 0.002591992961242795, -0.009273797273635864, -0.02001538872718811, -0.02251064032316208, -0.008493197150528431, 0.026900682598352432, -0.011635612696409225, 0.005844493396580219, -0.0023951749317348003, 0.004683601204305887, 0.015998966991901398, -0.010955089703202248, 0.012442899867892265, -0.008333073928952217, 0.0008348085102625191, 0.01227610558271408, 0.028608663007616997, -0.031117258593440056, -0.0010816649300977588, -0.0010141130769625306, 0.00254529039375484, -0.03101050853729248, 0.011028478853404522, 0.006658452562987804, -0.037388745695352554, 0.03258505463600159, 0.004897098522633314, -0.004133177921175957, -0.00378290843218565, 0.00020265580678824335, -0.02938259020447731, 0.0005746084498241544, 0.020455727353692055, 0.0054875523783266544, 0.02397843636572361, 0.010548110119998455, 0.013276875019073486, -0.0005850331508554518, -0.004870411474257708, 0.006992042530328035, -0.016892988234758377, -0.003636128967627883, 0.003862970042973757, 0.02900896966457367, 0.009647417813539505, 0.0018130606040358543, 0.004556837026029825, -0.015171664766967297, -0.024005122482776642, -0.0056776986457407475, -0.011028478853404522, 0.04592864587903023, -0.0042532701045274734, 0.010448032990098, 0.0010107771959155798, -0.03480008989572525, 0.004473439417779446, 0.00681190425530076, -0.015758782625198364, -0.007592504378408194, 0.02237720414996147, -0.010661530308425426, 0.03303873538970947, -0.015198351815342903, -0.0030440071132034063, 0.010641515254974365, 0.005841157864779234, -0.01587887480854988, 0.00812624767422676, 0.014504484832286835, 0.0171465165913105, -0.009600714780390263, -0.0021149595268070698, 0.0003104470088146627, -0.026780590415000916, -0.01658608578145504, 0.02743442729115486, 0.011375412344932556, -0.011448802426457405, -0.010421345941722393, -0.07627197355031967, 0.02919577993452549, 0.00902026891708374, -0.005160634405910969, 0.00654169637709856, -0.013590449467301369, -0.014918136410415173, 0.0008856809581629932, -0.022390548139810562, -0.008586602285504341, 0.0008598277345299721, 0.02940927818417549, -0.014891449362039566, 0.007819345220923424, -0.014144208282232285, -0.0004390875983517617, 0.018280722200870514, -0.024765707552433014, 0.002203360665589571, 0.018534250557422638, 0.01892121508717537, 2.4054952518781647e-05, 0.014077490195631981, 0.0027788032311946154, 0.01746676303446293, -0.009740822948515415, 0.002038233680650592, 0.022977666929364204, 0.0019581723026931286, -0.022030271589756012, 0.021109564229846, -0.01984192244708538, 0.002355144126340747, 0.013823961839079857, -0.010341283865272999, 0.0022867582738399506, -0.01190915610641241, -0.0024435454979538918, 0.00045493312063626945, 0.02922246791422367, -0.02559301070868969, -0.014050803147256374, 0.02991633489727974, -0.003307542996481061, -0.013230171985924244, 0.006074670702219009, -0.0034192956518381834, -0.001453617587685585, 0.023324599489569664, 0.002575313439592719, -0.0013802278554067016, 0.021763399243354797, -0.005334101151674986, 0.0003694507176987827, -0.004863739479333162, 0.015078259631991386, 0.010247878730297089, -0.012956628575921059, -0.0032675121910870075, -0.04544827714562416, 0.039577096700668335, 0.004013085272163153, 0.023044385015964508, 0.0062548089772462845, 0.010301253758370876, -0.00837310403585434, -0.003536052070558071, 0.005000511184334755, 0.001260135555639863, -0.0061914268881082535, -0.018654342740774155, 0.008826786652207375, -0.0050071831792593, 0.04168538376688957, -0.007685909513384104, 0.026113411411643028, -0.0073456475511193275, -0.0019998708739876747, -0.032878611236810684, 0.0019698478281497955, 0.010941745713353157, 0.005224016495049, -0.029862960800528526, 0.011682315729558468, 0.014411079697310925, 0.0018764426931738853, -0.008886832743883133, 0.010975104756653309, 0.01912136748433113, 0.009000252932310104, 0.010801638476550579, -0.011528863571584225, -0.0074724117293953896, 0.013944054022431374, 0.014411079697310925, 0.018307408317923546, -0.01601231098175049, -0.008159606717526913, -0.0022016926668584347, 0.0015603663632646203, -0.013904023915529251, -0.005284062586724758, -0.006408260203897953, -0.016492679715156555, -0.033839352428913116, -0.004006413742899895, -0.003207466099411249, -0.03295867517590523, -0.002805490279570222, -0.002540286397561431, 0.018707716837525368, 0.019881952553987503, -0.003956375177949667, 0.01782703958451748, -0.016719521954655647, -0.022657420486211777, -0.0010299585992470384, -0.0061280447989702225, -0.01781369559466839, 0.006918652914464474, 0.035093650221824646, 0.011128555983304977, 0.03923016041517258, -0.016826270148158073, 0.004897098522633314, 0.01082165353000164, 0.0018814465729519725, -0.004586860071867704, -0.007692581042647362, -0.024592241272330284, -0.008873488754034042, -0.01677289605140686, -0.016612771898508072, 0.00317744305357337, 0.004089811351150274, 0.007045417092740536, -0.004563508555293083, 0.03103719651699066, -0.0010399662423878908, 0.048757486045360565, 0.0008631636737845838, -0.014357705600559711, 0.030209893360733986, -0.0100143663585186, 0.00040385217289440334, 0.02719424106180668, -0.013637151569128036, 0.013997429050505161, 0.005384139716625214, -0.004179880488663912, -0.008700022473931313, 0.02165665104985237, -0.03394610062241554, -0.009794197045266628, 0.0032308173831552267, 0.015985624864697456, 0.015825500711798668, -0.0004407555388752371, -0.016892988234758377, -7.109632861102e-05, 0.004810364916920662, 0.012329479679465294, 0.011115212924778461, -0.0010749931680038571, -0.020228886976838112, -0.008079545572400093, 4.2037529055960476e-05, -0.008686678484082222, -0.02040235325694084, 0.0017763657961040735, 3.463600660325028e-05, 0.0005883690319024026, -0.009013596922159195, 0.03151756525039673, -0.024045154452323914, -0.019027963280677795, 0.004193224012851715, 0.0018614311702549458, 0.007452396675944328, -0.012776490300893784, -0.007685909513384104, -0.024792395532131195, -0.021750055253505707, 0.01190248504281044, -0.008052858524024487, -0.00313574424944818, -0.030049771070480347, -0.02215036377310753]"
U89744,N24422 N25287 N39121 N41777 N58226 N119 N29197 N33727 N45189 N13480 N14167 N53494 N26040 N18094 N51458 N48222 N3812 N22561 N58264 N59289 N16541 N35488 N55141 N7534 N48423 N45794 N18939 N57967 N41832 N55051 N63411 N2533 N50748 N52631 N58090 N5092 N49689 N12349 N13057 N56638 N4885 N58997 N23554 N25604 N13286 N61342 N8448 N24578 N10417 N4693 N57528 N28149 N12215 N52145 N7132 N306 N8331 N11405 N28088 N49526 N42620 N55556 N25885 N38105 N43608 N62058 N8629 N22260 N27023 N8959 N63658 N16710 N55911 N10888 N2735 N53428 N8519 N4654,"[-0.00792404729872942, -0.022197656333446503, 0.009059741161763668, -0.0428982637822628, -0.037813451141119, 0.005552640650421381, -0.008104725740849972, 0.003610345534980297, -0.0015277020866051316, -0.01912612095475197, 0.03967185690999031, 0.010892338119447231, -0.013886441476643085, -0.0013623489066958427, -0.008285404182970524, -0.025849945843219757, 0.02201697789132595, -0.004471795167773962, -0.017629068344831467, -0.02686948888003826, -0.030534682795405388, 0.028960198163986206, -0.04408557713031769, 0.004462116397917271, 0.009950228966772556, 0.018287256360054016, -0.0023004256654530764, -0.008266045711934566, 0.02348821796476841, -0.011324676685035229, -0.010369661264121532, 0.0025762831792235374, 0.0011389204300940037, 0.015138285234570503, -0.03154132142663002, -0.01469949446618557, 0.007304577622562647, -0.0012591039994731545, -0.004681511782109737, 0.018467934802174568, 0.02267516404390335, -0.012815275229513645, 0.006023695692420006, 0.0013413772685453296, -0.030405627563595772, 0.017887180671095848, 0.016532091423869133, -0.0276696365326643, -0.03259958326816559, 0.01815819926559925, 0.01971977949142456, 0.022029884159564972, -0.04377584531903267, -0.026792054995894432, -0.013912252150475979, 0.0049202656373381615, -0.00020729642710648477, 0.016377225518226624, -0.013318593613803387, -0.004958982113748789, -0.012763652950525284, -0.0023810858838260174, -0.033890143036842346, 0.027953561395406723, -0.0004339512961450964, 0.006878692656755447, -0.003768439404666424, 0.009214608930051327, -0.01322825439274311, -0.01170539204031229, 0.01396387442946434, 0.006627032998949289, 0.020907094702124596, -0.029760347679257393, 0.0004395974974613637, -0.01814529299736023, -0.016196545213460922, 0.011292412877082825, -0.019448760896921158, 0.022804221138358116, 0.025901567190885544, 0.003594213631004095, -0.0019310025963932276, 0.01872604712843895, -0.015202813781797886, 0.0005053354543633759, -0.014183269813656807, 0.0039297593757510185, 0.004436304792761803, 0.02537243813276291, -0.004726681392639875, -0.005723639857023954, -0.011647316627204418, 0.01018252968788147, -0.007582048419862986, 0.00940174050629139, -0.04354354366660118, 0.02759220264852047, 0.009021024219691753, -0.02544987201690674, 0.012989500537514687, 0.0009606616804376245, -0.024339988827705383, -0.001711607095785439, 0.014880173839628696, -0.020261814817786217, 0.0019390685483813286, -0.006533467210829258, -0.0002220168971689418, -0.012963689863681793, 0.02769544906914234, 0.003632930340245366, 0.02965710125863552, -0.040523629635572433, -0.02890857681632042, 0.011182715184986591, 0.0006747216684743762, -0.02152656391263008, 0.01961653307080269, -0.030250759795308113, 0.023359162732958794, 0.026314547285437584, 0.019268082454800606, 0.006730278022587299, 0.004604077897965908, 0.0020245681516826153, 0.025682171806693077, -0.014815645292401314, -0.001456721220165491, 0.005720413755625486, 0.024172216653823853, 0.005000925622880459, 0.037658583372831345, 0.013460556045174599, -0.005894639529287815, -0.006788352970033884, -0.01782265305519104, 0.033141616731882095, -0.020223097875714302, 0.0006485071498900652, -0.0025133683811873198, 0.005807526409626007, -0.02686948888003826, 0.0017374183516949415, -0.011034300550818443, 0.02011985331773758, 0.00034139383933506906, -0.0031199322547763586, 0.0010106709087267518, -0.0020003702957183123, 0.020920000970363617, -0.01417036447674036, -0.016816016286611557, -0.006104355677962303, -0.0062753548845648766, 0.030921852216124535, -0.011221432127058506, -0.002929574577137828, -0.014738211408257484, -0.020920000970363617, -0.009834078140556812, 0.01685473322868347, 0.019926268607378006, 0.020636077970266342, 0.019990796223282814, 0.018184009939432144, 0.007898235693573952, -0.014673683792352676, 0.002700499724596739, 0.005678470246493816, 0.0009517890866845846, -0.012157089076936245, 0.0012744293780997396, 0.01839050091803074, 0.023023616522550583, 0.023707613348960876, 0.001674503437243402, -0.03450961410999298, -0.0415818877518177, -0.003787797875702381, 0.000342200422892347, 0.0336836539208889, 0.009008118882775307, 0.020326342433691025, 0.010885885916650295, -0.0060527329333126545, 8.146669279085472e-05, 0.00883389264345169, 0.01079554669559002, -0.03949118033051491, -0.016403036192059517, -0.004736360628157854, -0.0002738409966696054, -0.016312696039676666, -0.6620063781738281, -0.012266786769032478, 0.00564943253993988, 0.006372147239744663, 0.008872609585523605, 0.001105849863961339, 0.012311955913901329, 0.016609525308012962, -0.02373342402279377, -0.0051138498820364475, 0.01005992665886879, -0.010776188224554062, -0.00047952422755770385, -2.0127212337683886e-05, 0.027385713532567024, -0.01783555932343006, -0.013125009834766388, -0.003295771311968565, -0.004575040191411972, 0.0440339557826519, -0.04137539863586426, 0.030534682795405388, 0.0189067255705595, 0.02587575651705265, 0.013486366719007492, 0.008937138132750988, -0.006504429504275322, -0.02235252410173416, -0.015202813781797886, -0.007704651914536953, 0.0055268295109272, 0.0006376180099323392, 0.0022923597134649754, 0.0040039666928350925, 0.049247823655605316, 0.01203448511660099, 0.0006327783921733499, 0.006310845259577036, -0.005036415997892618, 0.039387933909893036, 0.029424801468849182, 0.01211191900074482, 0.012963689863681793, -0.011311771348118782, 0.008227328769862652, -0.014221986755728722, 0.02159109339118004, 0.004271758254617453, 0.0037232697941362858, 0.014596249908208847, -0.0018035596003755927, 0.009640494361519814, -0.019771400839090347, 0.015512548387050629, -0.0110536590218544, 0.023591462522745132, 0.002640811260789633, -0.005584904458373785, 0.007452992256730795, 0.0007388464291580021, 0.004287890158593655, 0.0036361569073051214, -0.02579832263290882, -0.007814349606633186, -0.013125009834766388, 0.027256658300757408, -0.008349932730197906, 0.017125749960541725, 0.02537243813276291, -0.022146034985780716, -0.008149895817041397, 0.028469786047935486, -0.02301071025431156, 0.015654509887099266, 0.009988945908844471, 0.030844418331980705, 0.012279692105948925, -0.019823024049401283, -0.025849945843219757, 0.009079099632799625, -0.008737101219594479, -0.010021209716796875, -0.033296484500169754, 0.003691005753353238, 0.027488958090543747, 0.004720228258520365, -0.008827440440654755, -0.0039878347888588905, -0.011156903579831123, 0.012311955913901329, 0.01964234560728073, 0.024262554943561554, -0.006314071826636791, -0.004174966365098953, -0.004323380999267101, 0.0029731309041380882, -0.020468303933739662, -0.012860444374382496, 0.011079469695687294, 0.001989077776670456, 0.01690635457634926, 0.0050138309597969055, 0.006494750268757343, -0.015473831444978714, 0.005346150603145361, -0.011014942079782486, -0.017022505402565002, -0.004110438283532858, 0.021539470180869102, -0.00708518223837018, -0.011950599029660225, 0.008136989548802376, 0.018171105533838272, -0.0199520792812109, -0.02323010563850403, -0.023772140964865685, -0.007640123832970858, -0.007556237280368805, 0.004475021734833717, -0.02777288295328617, 0.022404147312045097, 0.0058881863951683044, 0.0259660966694355, -0.0109181497246027, -0.0031263851560652256, 0.016041679307818413, -0.010130907408893108, -0.03288350626826286, -0.00024923967430368066, 0.01602877303957939, 0.01840340532362461, 0.03154132142663002, 0.006891597993671894, 0.00018461077706888318, 0.011686033569276333, -0.010259963572025299, 0.01343474444001913, -0.004729907494038343, 0.021126490086317062, -0.018596990033984184, -0.01790008693933487, -0.01244101207703352, -0.003952344413846731, -0.0032425355166196823, 0.000377489224774763, -0.02769544906914234, -0.01676439307630062, -0.005149340257048607, -0.04214973747730255, 0.015344775281846523, -0.009266231209039688, 0.009033930487930775, -0.015254436060786247, -0.010066378861665726, 0.005549414083361626, -0.0014881786191836, 0.006923862267285585, -0.0020165021996945143, 0.005936582572758198, -0.017190277576446533, 0.0071174465119838715, 0.014712400734424591, -0.01145373284816742, -0.02021019160747528, -0.012266786769032478, -0.011156903579831123, 0.02299780398607254, -0.005833337549120188, -0.021823393180966377, -0.01707412861287594, 0.026921112090349197, -0.020352153107523918, 0.01691926084458828, 0.0023262370377779007, 0.018416311591863632, -0.001277655828744173, 0.010079285129904747, 0.00838219653815031, -0.013008859008550644, -0.01971977949142456, 0.0012445851461961865, 0.0020681247115135193, -0.011595694348216057, -0.011214978992938995, 0.013008859008550644, 0.024507761001586914, 0.04181418940424919, 0.03685843572020531, -0.01618364080786705, 0.03505164757370949, -0.008156348019838333, -0.010601961985230446, 0.008543516509234905, -0.011182715184986591, 0.0035684024915099144, 0.03293512761592865, 0.004481474403291941, -0.027385713532567024, -0.023539841175079346, 0.017758125439286232, -0.00139057997148484, 0.011679581366479397, 0.021733054891228676, 0.001921323360875249, -0.008879062719643116, -0.011550525203347206, -0.013628329150378704, -0.021294264122843742, 0.030199138447642326, 0.005139661021530628, 0.003862005192786455, -0.004084627144038677, -0.0039297593757510185, -0.00817570649087429, -0.0013429905520752072, 0.006685108412057161, -0.00891777966171503, -0.015254436060786247, -0.0016535317990928888, 0.01071165967732668, -0.009911512024700642, 0.017474202439188957, 0.027205035090446472, 0.020481210201978683, 0.0018584084464237094, -0.0007150517194531858, 0.00749170919880271, 0.0024940099101513624, -0.009608229622244835, 0.006188242230564356, 0.013770290650427341, 0.0036038928665220737, 0.00462020980194211, 0.028521407395601273, 0.006091449875384569, 0.004539549816399813, 0.004239494446665049, -0.008149895817041397, 0.02085547335445881, -0.03381270915269852, 0.0007779665756970644, 0.01831306703388691, 0.030173325911164284, -0.00642699608579278, 0.010537434369325638, -0.02561764419078827, 0.03381270915269852, 0.00189873855561018, 0.011266601271927357, 0.007433633785694838, 0.01783555932343006, 0.006401184946298599, -0.004823473282158375, -0.004258852917701006, -0.01371866837143898, -0.013705762103199959, 0.02957966737449169, 0.0051170759834349155, 0.003184460336342454, 0.038226429373025894, 0.010872980579733849, -0.013157273642718792, 0.00833057425916195, -0.028521407395601273, 0.0017438711365684867, 0.0227655041962862, 0.03192849084734917, 0.02079094387590885, -2.5584371542208828e-05, 0.023875387385487556, 0.007336841896176338, -0.017603257670998573, 0.008614497259259224, 0.011221432127058506, 0.029269933700561523, 0.01059550978243351, -0.013537989929318428, -0.014092930592596531, 0.02062317170202732, -0.00185356882866472, -0.011976409703493118, -0.04493734985589981, 0.004752492532134056, 0.020739322528243065, -0.022133128717541695, -0.025811228901147842, 0.022894559428095818, 0.013499272987246513, -0.015396397560834885, 0.009763097390532494, -0.024507761001586914, 0.017022505402565002, -0.04413720220327377, -0.0035006478428840637, -0.009879248216748238, -0.01880348101258278, 0.03120577521622181, -0.008775818161666393, 0.025023985654115677, -0.016570808365941048, -0.003884589998051524, -0.00865966733545065, -0.020003702491521835, -0.02604353055357933, 0.03285769373178482, 0.01782265305519104, -0.015667416155338287, -0.01219580601900816, 0.02175886556506157, 0.0008066009031608701, 0.005449395626783371, -0.008291857317090034, -0.03226403519511223, 0.022804221138358116, -0.004375003278255463, 0.0029941024258732796, -0.024288365617394447, 0.007891783490777016, 0.029347367584705353, 0.010014756582677364, -0.009956681169569492, -0.03719398006796837, -0.031257398426532745, -0.004249173682183027, 0.12441012263298035, -0.014118742197751999, -0.014002591371536255, 0.005139661021530628, 0.025436965748667717, -0.01191188208758831, -0.014312325976788998, 0.0011671514948830009, -0.014854362234473228, -0.025669267401099205, -0.02906344272196293, -0.004255626350641251, 0.030354004353284836, 0.020016608759760857, 0.034122444689273834, 0.020416682586073875, -0.01244101207703352, -0.011763467453420162, 0.010756829753518105, -0.005678470246493816, -0.027953561395406723, -0.014428476803004742, 0.007988574914634228, 0.004913812503218651, 0.02957966737449169, -0.013357310555875301, 0.02004241943359375, 0.017435485497117043, -0.009614682756364346, 0.007859518751502037, -0.002345595508813858, -0.0020519925747066736, 0.011034300550818443, 0.020894190296530724, 0.0167514868080616, -0.007020654156804085, 0.0049686613492667675, 0.00749170919880271, -0.004555681720376015, -0.01822272688150406, 0.004749265965074301, -0.01987464539706707, -0.024998174980282784, -0.008827440440654755, 0.0005375994951464236, -0.009672758169472218, -0.017964614555239677, 0.017048316076397896, -0.0059623937122523785, -0.019190648570656776, 0.024043159559369087, 0.0072852191515266895, -0.003839420387521386, -0.007123899180442095, 0.02774707041680813, 0.010563245043158531, -0.015512548387050629, -0.019332610070705414, -0.0011090761981904507, -0.006917409133166075, -0.03427731245756149, -0.012886255979537964, 0.008033744990825653, -0.0036006662994623184, -0.01717737317085266, -0.023436596617102623, -0.02612096443772316, -0.015473831444978714, -0.014712400734424591, -0.015667416155338287, 0.015628699213266373, -0.026430698111653328, 0.0004617790109477937, -0.001165538327768445, 0.027075979858636856, 0.018545368686318398, 0.0033619124442338943, -0.008556422777473927, 0.038716841489076614, 0.01236357819288969, 0.013667046092450619, -0.01317663211375475, -0.019500384107232094, -0.0011986088939011097, -0.003991061355918646, 0.03195429965853691, 0.0070012956857681274, -0.024920741096138954, -0.017061222344636917, 0.022546108812093735, -0.005723639857023954, -0.005410678684711456, 0.019332610070705414, -0.01757744699716568, -0.000709808780811727, -0.005181604065001011, 0.004807341378182173, 0.005713960621505976, -0.0010993970790877938, 0.006627032998949289, 0.015589982271194458, -0.005342924501746893, 0.0072529553435742855, 0.006404411047697067, 0.00944690965116024, -0.017125749960541725, -0.010111548937857151, 0.008124084211885929, -0.009466268122196198, 0.008640308864414692, -0.005536508746445179, -0.005701055284589529, -0.007033559959381819, -0.007962764240801334, 0.01338312216103077, -0.004704096354544163, -0.0023149445187300444, 0.011937693692743778, 0.004207230173051357, 0.014673683792352676, 0.022442864254117012, -0.01137629896402359, 0.015215719118714333, 0.04478248208761215, 0.0012962076580151916, 0.0006364081054925919, 0.007872425019741058, -0.02544987201690674, -0.0218362994492054, 0.009763097390532494, 0.0010969772702082992, 0.022546108812093735, -0.011318223550915718, -0.02849559672176838, -0.02159109339118004, -0.01191188208758831, -0.01618364080786705, 0.0015083437319844961, -0.017345145344734192, 0.0033457805402576923, -0.01913902536034584, 0.009846983477473259, 0.014893079176545143, -0.005713960621505976, -0.0073432945646345615, -0.018016237765550613, 0.0015196361346170306, 0.010356755927205086, -0.008149895817041397, 0.013563800603151321, 0.012337767519056797, -0.009182344190776348, -0.017525823786854744, -0.0073432945646345615, -0.026740433648228645, -0.017783936113119125, -0.012795916758477688, -0.005091264843940735, 0.007278766483068466, 0.00998249277472496, 0.042020682245492935, 0.001284915255382657, 0.014544627629220486, 0.010201888158917427, 0.0008493507630191743, 0.01791299320757389, -0.014118742197751999, 0.008769365027546883, 0.021745961159467697, 0.01808076538145542, 0.03776182606816292, 0.003042498603463173, 0.024365799501538277, -0.004971887916326523, -0.016622431576251984, -0.005926903337240219, -0.014570438303053379, -0.022855842486023903, -0.011105281300842762, 0.014725306071341038, -0.008885515853762627, -0.02013275772333145, -0.015164096839725971, 0.018674423918128014, -0.044395312666893005, -0.01211837213486433, 0.02120392397046089, -0.010279322043061256, 0.000788452394772321, -0.0008929072064347565, 0.032470524311065674, -0.0001336941058980301, -0.007956311106681824, 0.004036230966448784, -0.00838219653815031, 0.002668235683813691, -0.016144923865795135, -0.013473461382091045, -0.007827254943549633, 0.018545368686318398, 0.012066749855875969, 0.01445428840816021, -0.03319324180483818, 0.021578187122941017, -0.006614127196371555, 0.029037632048130035, -0.003820061916485429, 0.00370713765732944, 0.0021987941581755877, -0.022068601101636887, -0.008317668922245502, -0.04047200828790665, -0.004665379412472248, -0.03845873102545738, -0.008756459690630436, 0.02292037196457386, 0.015654509887099266, 0.0073432945646345615, -0.0336836539208889, -0.0003607522521633655, 0.01592552848160267, -0.014080025255680084, 0.007504614535719156, -0.017216090112924576, 0.011944145895540714, 0.017629068344831467, 0.01038901973515749, -0.014286515302956104, 0.012202258221805096, -0.0028279428370296955, 0.004145928658545017, 0.011118186637759209, 0.04485991597175598, -0.0017083807615563273, -0.01010509580373764, 0.005897865630686283, 0.011189167387783527, -0.012202258221805096, -0.017641974613070488, 0.02504979819059372, 0.016622431576251984, 0.011221432127058506, -0.025398248806595802, -0.028211673721671104, -0.028624651953577995, -0.006607674527913332, 0.007904688827693462, 0.016725676134228706, 0.013092746026813984, -0.040110647678375244, -0.00824668724089861, 0.02563055045902729, -0.0018745404668152332, 0.006994843017309904, 0.009085552766919136, 0.00572686642408371, 0.028108427301049232, -0.017758125439286232, -0.008014386519789696, -0.016609525308012962, 0.0020729643292725086, 0.012395842932164669, -0.002427868777886033, 0.025566022843122482, -0.0026730753015726805, 0.014854362234473228, -0.03179943561553955, 0.002853753976523876, 0.019848834723234177, 0.015602887608110905, -0.03358040750026703, -0.012473275884985924, 0.003065083408728242, 0.0023585010785609484, 0.008724194951355457, 0.004607304465025663, -0.009763097390532494, -0.027798693627119064, 8.388649439439178e-05, 0.0032489884179085493, 0.00784661341458559, -0.0010953639866784215, -0.008472535759210587, 0.00152447575237602, 0.0011042365804314613, -0.010982678271830082, -0.013460556045174599, -0.0009243646054528654, 0.018338877707719803, 0.013757385313510895, -0.02143622562289238, -0.020261814817786217, -0.00019721391436178237, 0.0041201175190508366, -0.02077803947031498, 0.007575595751404762, -0.005152566358447075, 0.005875281058251858, -0.011305318213999271, 0.027385713532567024, -0.039052389562129974, -0.012550709769129753, -0.013331499882042408, 0.01424779836088419, -0.01383481826633215, 0.000994538888335228, 0.028521407395601273, -0.028392352163791656, -0.014144553802907467, -0.011937693692743778, -0.0009292042232118547, -0.007814349606633186, -0.0029650649521499872, -0.014996323734521866, 0.0010300293797627091, -0.0003067099896725267, -0.0021407187450677156, 0.0032780261244624853, 0.012073202058672905, 0.037245601415634155, -0.04129796475172043, -0.004820247180759907, 0.02579832263290882, 0.004626662936061621, -0.03303837403655052, -0.010066378861665726, 0.019939174875617027, 0.0027456695679575205, -0.017771031707525253, 0.012892709113657475, -0.0019939173944294453, 0.030173325911164284, -0.020726416260004044, -0.01708703301846981, -0.011673128232359886, 0.007272313814610243, -0.019242271780967712, 0.007549784611910582, 0.0002950142661575228, -0.0021197472233325243, 0.02694692276418209, 0.024017348885536194, 0.02826329506933689, -0.014144553802907467, 0.007782085333019495, -0.0028440747410058975, 0.025720888748764992, -0.0032796391751617193, -0.01162795815616846, -0.01627397909760475, -0.030844418331980705, 0.024094782769680023, -0.008511252701282501, -0.026379074901342392, -0.008298310451209545, -0.010821357369422913, -0.03737466037273407, -0.011982862837612629, -0.0359550416469574, 0.012628143653273582, 0.022959088906645775, 0.026004813611507416, 0.022855842486023903, 0.022778408601880074, 0.02471425198018551, 0.0003835387178696692, -0.024249648675322533, -0.001084071584045887, 0.0192938931286335, -0.044730860739946365, -0.012763652950525284, 0.0021794356871396303, -0.02169433794915676, 0.013757385313510895, -0.021294264122843742, -0.013473461382091045, -0.013602517545223236, 4.690888454206288e-05, -0.016712769865989685, -0.015228625386953354, 0.0008469309541396797, 0.024172216653823853, -0.0016809562221169472, -0.0036006662994623184, 0.021500753238797188, -0.026095151901245117, -0.005904318764805794, 0.005817205645143986, -0.0014026790158823133, -0.007982122711837292, 0.027566391974687576, 0.01748710684478283, 0.018622800707817078, -7.637502130819485e-05, 0.0004379843012429774, -0.023927008733153343, 0.030095892027020454, -0.03203173354268074, 0.027385713532567024, 0.006533467210829258, 0.0005718800239264965, 0.009434004314243793, 0.011937693692743778, 0.00932430662214756, -0.01063422579318285, -0.0007138418150134385, 0.007685293443500996, 0.002242350485175848, 0.018016237765550613, -0.008278951980173588, -0.004707322921603918, -0.005171924829483032, 0.014854362234473228, -0.003974929451942444, 0.00879517663270235, 0.004813794046640396, -0.014118742197751999, -0.005378414876759052, 0.008027291856706142, -0.005317112896591425, -0.036187343299388885, 0.002831169171258807, 0.015138285234570503, -0.005791394505649805, 0.0019406817154958844, -0.009963134303689003, -0.013150821439921856, -0.03311580792069435, -0.009408192709088326, 0.02323010563850403, -0.00505254790186882, -0.010582603514194489, 0.009008118882775307, -0.00011615052790148184, -0.014312325976788998, 0.015383492223918438, 0.20452818274497986, -0.003118318971246481, 0.006343109533190727, 0.036342211067676544, -0.003394176485016942, -0.0020148891489952803, 0.023049427196383476, 0.016286885365843773, -0.001629333826713264, 0.00435241824015975, -0.020313436165452003, 0.02079094387590885, -0.010085737332701683, -0.01071165967732668, -0.002860206877812743, 0.0014551080530509353, -0.03285769373178482, -0.03791669383645058, 0.0009275910560972989, 0.01987464539706707, -0.021655621007084846, -0.009085552766919136, -0.0047879829071462154, -0.005636527203023434, 0.016325602307915688, 0.0006138233002275229, 0.00472345482558012, 0.013034670613706112, -0.006255996413528919, -0.006794806104153395, 0.011427921243011951, -0.028030995279550552, -0.003997514024376869, -0.004475021734833717, -0.007511067669838667, -0.01808076538145542, -0.019280988723039627, -0.010227699764072895, 0.00998249277472496, 0.022313807159662247, 0.004236267879605293, 0.016816016286611557, 0.0276696365326643, -0.02950223535299301, -0.020481210201978683, 0.028289107605814934, 0.006665749941021204, -0.00879517663270235, 0.01396387442946434, 0.0031667151488363743, -0.024520667269825935, 0.01051807589828968, 0.0012518445728346705, 0.019577816128730774, -0.01371866837143898, 0.004200777504593134, 0.009201702661812305, -0.00924041960388422, -0.01668695919215679, 0.002861819928511977, 0.01310565136373043, 0.008304762654006481, -0.013731573708355427, 0.005036415997892618, -0.03365784138441086, -0.010801998898386955, -0.009175891987979412, 0.04173675552010536, 0.010350302793085575, -0.010582603514194489, -0.016390129923820496, 0.001367995166219771, -0.011563430540263653, 0.009911512024700642, 0.007382011506706476, -0.0246497243642807, 0.005701055284589529, 0.015525453723967075, 0.005029963329434395, 0.017190277576446533, -0.000646490603685379, -0.01871314086019993, 0.0003387723700143397, -0.006781900301575661, 0.0021181339398026466, -0.01964234560728073, 0.019410043954849243, 0.018054954707622528, -0.0010921376524493098, -0.02463681809604168, 0.0008549969643354416, -0.05632010102272034, -0.014893079176545143, -0.016867637634277344, 0.014092930592596531, 0.02388829179108143, 0.04821537435054779, 0.017280617728829384, -0.01277655828744173, 0.004139475990086794, -0.028727898374199867, 0.001919710193760693, 0.004300795961171389, -0.024946551769971848, 0.0022213789634406567, 0.006072091404348612, 0.000714245077688247, 0.023630179464817047, 0.003729722462594509, -0.021384602412581444, 0.0002627502544783056, -0.03172200173139572, 0.007382011506706476, -0.007749821525067091, -0.020558644086122513, 0.004349192138761282, 0.017267711460590363, -0.020932907238602638, 0.02120392397046089, -0.006943220738321543, 0.012595879845321178, -0.0400848388671875, -0.0032715732231736183, -0.010563245043158531, 0.005317112896591425, -0.011621505953371525, -0.00824668724089861, 0.009556607343256474, 0.017861369997262955, -0.025256287306547165, -0.007698198780417442, -0.0077175572514534, 0.02849559672176838, -0.022481579333543777, -0.030431438237428665, -0.009169438853859901, 0.016067489981651306, -0.014441382139921188, 0.006639938801527023, -0.026998545974493027, -0.003729722462594509, -0.002785999560728669, 0.0016196545911952853, -0.019268082454800606, 0.0031296114902943373, -0.013066934421658516, 0.02676624432206154, 0.0020068229641765356, -0.025682171806693077, -0.02867627516388893, -0.018042048439383507, -0.0005892219487577677, 0.002661783015355468, -0.020236004143953323, 0.022378334775567055, -0.016880543902516365, -0.009279136545956135, -0.0004621823027264327, 0.02102324552834034, 0.018751857802271843, -0.02751477062702179, -0.00784016028046608, -0.0021778224036097527, -0.041685134172439575, -0.015280247665941715, -0.0004827506490983069, -0.16240425407886505, 0.027798693627119064, -0.016222357749938965, 0.007756274193525314, 0.009563060477375984, 0.0071174465119838715, 0.018467934802174568, -0.0070722769014537334, -0.002618226455524564, -0.02137169800698757, 0.01832597330212593, -0.015202813781797886, -0.003849099390208721, -0.005833337549120188, 0.008014386519789696, -0.002826329553499818, -0.03554206341505051, 0.0072529553435742855, 0.020571548491716385, -0.009666305035352707, 0.045453574508428574, -0.010208341293036938, 0.02152656391263008, -0.02594028413295746, -0.0026117737870663404, 0.015667416155338287, -0.013163726776838303, -0.017409672960639, -0.03319324180483818, -0.012279692105948925, -0.0037103642243891954, 0.01358961220830679, 0.036677755415439606, 0.03853616490960121, 0.0346386693418026, 0.025837039574980736, -0.012789463624358177, 0.002273001242429018, -0.008401555009186268, 0.000527113676071167, 0.013679951429367065, 0.01136984582990408, 0.007769179996103048, 0.013809007592499256, -0.001419617561623454, 0.011092375963926315, 0.017125749960541725, 0.0035909872967749834, 0.0023117181845009327, -0.01343474444001913, 0.021242640912532806, -0.04963499307632446, -0.005313886795192957, 0.0015156030422076583, -0.003974929451942444, 0.035516250878572464, -0.0003085248463321477, -0.01937132701277733, 0.001890672487206757, -0.030999286100268364, -0.006585089955478907, -0.017512919381260872, 0.01716446690261364, -0.013783195987343788, 0.0032780261244624853, -0.02406897023320198, 0.013357310555875301, 0.0038297411520034075, -0.030508872121572495, 0.008195064961910248, -0.02612096443772316, -0.003252214752137661, -0.005371962208300829, -0.0011695713037624955, 0.01938423328101635, 0.012615238316357136, 0.003168328432366252, 0.009363023564219475, 0.010130907408893108, -0.00626244954764843, -0.045376140624284744, 0.058436620980501175, -0.008653214201331139, 0.006414090283215046, -0.006943220738321543, 0.010524528101086617, -0.0214491318911314, -0.007181974593549967, 0.0026343585923314095, 0.00042870838660746813, 0.030612116679549217, -0.009634041227400303, -0.015396397560834885, -0.016970882192254066, 0.009827625006437302, 0.005171924829483032, 0.011208525858819485, -0.007394916843622923, -0.0014075185172259808, -0.021139396354556084, -0.00433306023478508, 0.008240235038101673, -0.03825224190950394, -0.009343665093183517, -0.006362468004226685, 0.02201697789132595, 0.02676624432206154, 0.01937132701277733, 0.025643454864621162, -0.024030253291130066, -0.010298680514097214, 0.015370586887001991, 0.011118186637759209, 0.03293512761592865, 0.0192938931286335, 0.008337026461958885, -0.0071948799304664135, -0.006423769518733025, 0.017551636323332787, -0.008827440440654755, 0.05735255032777786, 0.006833523046225309, -0.014273609966039658, 0.003820061916485429, 0.013421839103102684, 0.027824504300951958, -0.10943961143493652, -0.015022135339677334, 0.0027456695679575205, 0.022275090217590332, -0.008446724154055119, 0.015835188329219818, 0.002279454143717885, 0.0515708364546299, -0.024752968922257423, 0.02373342402279377, -0.008891968056559563, -0.027075979858636856, -0.008136989548802376, -0.014531721360981464, 0.036832623183727264, 0.016532091423869133, 0.0003468383802101016, 0.0071948799304664135, 0.004597625229507685, 0.026559755206108093, 0.010879432782530785, -0.005330018699169159, 0.010427736677229404, -0.029708724468946457, 0.001987464725971222, 0.0005771229625679553, -0.012021579779684544, 0.03892333433032036, 0.02119101956486702, 0.0011098828399553895, 0.016119113191962242, 0.014815645292401314, -0.006717372220009565, -0.023049427196383476, -0.000706179067492485, -0.003981382120400667, -0.006352788768708706, 0.019577816128730774, 0.03262539207935333, -0.02356565184891224, -0.005104170646518469, 0.011079469695687294, -0.012163541279733181, -0.036187343299388885, 0.03915563225746155, 0.0051912833005189896, -0.009937322698533535, -0.005626847967505455, -0.008401555009186268, -0.009911512024700642, -0.010911696590483189, -0.008717742748558521, -0.026017718017101288, -0.0012373258359730244, 0.01618364080786705, 0.01964234560728073, 0.016945071518421173, 0.026508131995797157, 0.00605595950037241, -0.025527305901050568, 0.004397588316351175, 0.016467563807964325, -0.018455028533935547, 0.02200407162308693, -0.002137492410838604, -0.030457250773906708, -0.017448389902710915, 0.010401925072073936, -0.0019326157635077834, 0.0032554413191974163, -0.02364308573305607, 0.019151931628584862, -0.024469044059515, -0.007917594164609909, -0.02316557802259922, -0.007685293443500996, -0.026921112090349197, -0.02957966737449169, 0.008298310451209545, -0.010505170561373234, -0.012299050576984882, -0.027050167322158813, -0.0007372332038357854, -0.011621505953371525, 0.00952434353530407, 0.008969401940703392, 0.013602517545223236, 0.008556422777473927, -0.02686948888003826, -0.004068494774401188, -0.015486737713217735, 0.02374633029103279, -0.014209081418812275, 0.004213683307170868, -0.001606749021448195, 0.009285589680075645, -0.024365799501538277, -0.013499272987246513, -0.005894639529287815, -0.008304762654006481, -0.004036230966448784, -0.0051622455939650536, -0.06256642192602158, -0.008337026461958885, 0.024688439443707466, 0.0036522888112813234, 0.0035361384507268667, -0.02053283341228962, 0.007898235693573952, 0.015615792945027351, 0.0199520792812109, 7.5807879511557985e-06, -0.004552455618977547, 0.02939898893237114, 0.02224927954375744, -0.006162431091070175, -0.006072091404348612, 0.018855102360248566, 0.026585565879940987, 0.019913362339138985, 0.007891783490777016, 0.00985988974571228, -0.014867267571389675, 0.0013268585316836834, 0.025153042748570442, -0.007678840775042772, 0.02357855811715126, -0.005168698728084564, -0.015215719118714333, 0.022455768659710884, -0.006685108412057161, 0.002826329553499818, -0.00015154013817664236, 0.0002663799386937171, -0.022391241043806076, -0.016209451481699944, -0.012002221308648586, -0.01848083920776844, 0.01071811281144619, -0.012247428297996521, 0.006949673406779766, -0.003474836703389883, 0.0020068229641765356, -0.02875370904803276, 0.01742257922887802, -0.006527014542371035, 0.012699124403297901, -0.022688070312142372, 0.02950223535299301, 0.005875281058251858, 0.01822272688150406, -0.028366539627313614, 0.015577076934278011, -0.005020284093916416, 0.012957236729562283, -0.036264777183532715, 0.004429852124303579, -0.007982122711837292, 0.02388829179108143, -0.014802739955484867, -0.011679581366479397, -0.021616904065012932, 0.0050267367623746395, 0.005843016784638166, 0.02192663960158825, -0.0020374739542603493, -0.006397958379238844, 3.271774767199531e-05, -0.01961653307080269, -0.008337026461958885, 0.008182159624993801, -0.029786158353090286, -0.007336841896176338, -0.00472345482558012, -0.012460370548069477, 0.004578266758471727, 0.004149155225604773, 0.010756829753518105, -0.0049944729544222355, 0.024120593443512917, -0.013783195987343788, 0.009711475111544132, 0.018700234591960907, -0.008169254288077354, -0.033890143036842346, 0.014893079176545143, 0.027256658300757408, 0.020248908549547195, -0.014299420639872551, -0.003207045141607523, -0.014634966850280762, 0.012137730605900288, -0.02440451644361019, 0.006588316056877375, -0.012608785182237625, -0.026391981169581413, 0.016002962365746498, 0.004239494446665049, -0.00022564659593626857, -0.004571814090013504, 0.025178853422403336, 0.020739322528243065, 0.019255176186561584, 0.006581863388419151, -0.012963689863681793, -0.03370946645736694, -0.02159109339118004, -0.0017600031569600105, -0.03275445103645325, -0.027463147416710854, -0.002886018017306924, 0.013125009834766388, 0.00858223345130682, 0.026817867532372475, -0.0017616163240745664, 0.006917409133166075, -0.01133112981915474, 0.020842567086219788, 0.014325232245028019, -0.025979001075029373, -0.014092930592596531, 0.016312696039676666, -0.01383481826633215, 0.03234146907925606, 0.010860074311494827, -0.018842196092009544, 0.026430698111653328, -0.009543702006340027, -6.533467239933088e-05, -0.022300900891423225, 0.0015704520046710968, -0.012086108326911926, 0.004623436369001865, 0.013157273642718792, -0.038226429373025894, -0.027385713532567024, -0.026224208995699883, 0.019693966954946518, -0.018829291686415672, -0.001331698033027351, -0.00850479956716299, 0.024198027327656746, 0.0012268399586901069, 0.006504429504275322, 0.015460926108062267, -0.006285034120082855, 0.015331869944930077, 0.011847354471683502, 0.016609525308012962, -0.018751857802271843, 0.005846243351697922, 0.006943220738321543, 0.0009033930255100131, 0.016777299344539642, -0.021139396354556084, 0.008872609585523605, -0.01104075275361538, 0.005539734847843647, -0.0025585379917174578, -0.017035411670804024, 0.006594768725335598, 0.00027464760933071375, -0.002548858756199479, 0.02965710125863552, 0.016454657539725304, -0.00321349804289639, 0.004123343620449305, 0.008478988893330097, -0.007498161867260933, -0.00509449141100049, -0.01617073453962803, 0.012350672855973244, 0.016325602307915688, -0.01322825439274311, -0.011653769761323929, 0.024701345711946487, -0.0019697193056344986, 0.0048460583202540874, -0.009814719669520855, 0.018455028533935547, 0.03007008135318756, -0.029941026121377945, 0.025604739785194397, -0.012795916758477688, -0.012131277471780777, 0.009763097390532494, 0.00034744333242997527, -0.007982122711837292, -0.017964614555239677, -0.005672017578035593]"
U92093,N27142 N41997 N18536 N58615 N7606 N16111 N8042 N54822 N13853 N17378 N45794 N47143 N24048 N37039 N49699 N5978 N47232 N18693 N50370 N26503 N29874 N18642 N32836 N61342 N31181 N51184 N43446 N11005 N37934 N11851 N27151 N17542 N12047 N55167 N12808 N2912 N17166 N35004 N16284 N54536 N42864 N51983 N32555,"[-0.007939099334180355, -0.022190751507878304, 0.008971828036010265, -0.04288404807448387, -0.03784949705004692, 0.005602551624178886, -0.008061735890805721, 0.0036597312428057194, -0.0014393652090802789, -0.019144203513860703, 0.03970840573310852, 0.010927557945251465, -0.01389019750058651, -0.001401444780640304, -0.008384463377296925, -0.02589566446840763, 0.02198420651257038, -0.004440732300281525, -0.017646746709942818, -0.02692839317023754, -0.030594579875469208, 0.02894221432507038, -0.044097501784563065, 0.004502050578594208, 0.009972283616662025, 0.018330929800868034, -0.002301048021763563, -0.008313464000821114, 0.023481661453843117, -0.011327739804983139, -0.01037892047315836, 0.002570525510236621, 0.0010754897957667708, 0.015155289322137833, -0.0315498523414135, -0.014677652157843113, 0.007267826236784458, -0.0012780014658346772, -0.00471827806904912, 0.018447110429406166, 0.022629661485552788, -0.012838104739785194, 0.006012415513396263, 0.0013433537678793073, -0.030388033017516136, 0.01790492795407772, 0.016549473628401756, -0.02762548439204693, -0.03258258104324341, 0.018214747309684753, 0.01977674849331379, 0.02199711464345455, -0.04376186802983284, -0.02682512067258358, -0.01394183374941349, 0.004869959782809019, -0.0002688724489416927, 0.016394563019275665, -0.013322196900844574, -0.00495064165443182, -0.012670286931097507, -0.002347843488678336, -0.03387349098920822, 0.02796112187206745, -0.00046634141472168267, 0.006816007662564516, -0.0037726860027760267, 0.009191283024847507, -0.013206014409661293, -0.011727921664714813, 0.01389019750058651, 0.006674007512629032, 0.02089984156191349, -0.02979421429336071, 0.00046835848479531705, -0.018124382942914963, -0.016265472397208214, 0.011263194493949413, -0.019415294751524925, 0.02279748022556305, 0.02592148259282112, 0.0036629585083574057, -0.0019686385057866573, 0.018705293536186218, -0.015181107446551323, 0.0005651767714880407, -0.014212924987077713, 0.003946959041059017, 0.00447945948690176, 0.025418028235435486, -0.004747323226183653, -0.0057477792724967, -0.011579466983675957, 0.010217556729912758, -0.0075453720055520535, 0.009417192079126835, -0.0436069555580616, 0.027573848143219948, 0.00901701021939516, -0.025495482608675957, 0.01290910504758358, 0.0009786714799702168, -0.024359481409192085, -0.0017136837122961879, 0.01493583433330059, -0.020215658470988274, 0.0019444340141490102, -0.006573961582034826, -0.00026443495880812407, -0.012954287230968475, 0.02772875875234604, 0.0036177767906337976, 0.02969094179570675, -0.04058622568845749, -0.02891639620065689, 0.011127648875117302, 0.000699108699336648, -0.021506568416953087, 0.019608931615948677, -0.030336396768689156, 0.023352570831775665, 0.026270028203725815, 0.019273294135928154, 0.006757916416972876, 0.004589186981320381, 0.0020638431888073683, 0.02570202760398388, -0.014845470897853374, -0.001433717436157167, 0.005754233803600073, 0.024204572662711143, 0.005028096493333578, 0.03769458830356598, 0.013502923771739006, -0.005909143015742302, -0.006822462193667889, -0.01777583733201027, 0.03315058350563049, -0.020215658470988274, 0.0006418245611712337, -0.002491457387804985, 0.005857506301254034, -0.02692839317023754, 0.0016943200025707483, -0.010998557321727276, 0.020138204097747803, 0.000349554349668324, -0.0031514354050159454, 0.0009931942913681269, -0.0020202749874442816, 0.02097729593515396, -0.014187106862664223, -0.01684638299047947, -0.006109233945608139, -0.006264143157750368, 0.0308785792440176, -0.011308375746011734, -0.002917457837611437, -0.014755107462406158, -0.02089984156191349, -0.009772192686796188, 0.01683347299695015, 0.01986711286008358, 0.020602932199835777, 0.020022021606564522, 0.018214747309684753, 0.00792619027197361, -0.014716380275785923, 0.0026608894113451242, 0.005670324433594942, 0.0009786714799702168, -0.012050650082528591, 0.0013013991992920637, 0.018421292304992676, 0.0229911170899868, 0.02372693456709385, 0.0016830245731398463, -0.03454476594924927, -0.04159313812851906, -0.0038501406088471413, 0.0003199037746526301, 0.0336669459939003, 0.009075100533664227, 0.020396385341882706, 0.010824284516274929, -0.006002733949571848, 0.00016559961659368128, 0.008855646476149559, 0.010766193270683289, -0.0395018607378006, -0.016433291137218475, -0.004760232754051685, -0.0002827900752890855, -0.016381654888391495, -0.6617723703384399, -0.012289468199014664, 0.005641278810799122, 0.006338370498269796, 0.008913736790418625, 0.0011101830750703812, 0.012295922264456749, 0.01669147238135338, -0.02373984456062317, -0.005105550866574049, 0.010088466107845306, -0.010785557329654694, -0.00044617094681598246, 3.5928662782680476e-06, 0.027418939396739006, -0.01782747358083725, -0.013128560036420822, -0.003298276336863637, -0.004579504951834679, 0.044045865535736084, -0.04138658940792084, 0.030439669266343117, 0.01887311227619648, 0.02586984634399414, 0.013528741896152496, 0.008939554914832115, -0.00645455252379179, -0.022306933999061584, -0.015232743695378304, -0.007706735748797655, 0.00547991506755352, 0.0007039496558718383, 0.0022929797414690256, 0.004053459037095308, 0.049261145293712616, 0.011979649774730206, 0.0006337563972920179, 0.006357734091579914, -0.005092641804367304, 0.039372771978378296, 0.029406942427158356, 0.012121649459004402, 0.012999468483030796, -0.011289012618362904, 0.008268281817436218, -0.014225834049284458, 0.021596932783722878, 0.004237413872033358, 0.003763004206120968, 0.014535652473568916, -0.0018314792541787028, 0.009675374254584312, -0.01984129473567009, 0.015632925555109978, -0.011185739189386368, 0.02364948019385338, 0.0026512073818594217, -0.005625142715871334, 0.007461462635546923, 0.0007108076242730021, 0.0043148682452738285, 0.003737185848876834, -0.02580530196428299, -0.0077970996499061584, -0.013115650974214077, 0.027238212525844574, -0.008313464000821114, 0.017065836116671562, 0.025366391986608505, -0.022113297134637833, -0.008106918074190617, 0.028503304347395897, -0.023055661469697952, 0.015671653673052788, 0.010030374862253666, 0.03085276111960411, 0.012270104140043259, -0.01982838474214077, -0.02588275633752346, 0.009094464592635632, -0.008720100857317448, -0.00996582955121994, -0.033331308513879776, 0.003788822330534458, 0.027418939396739006, 0.00474086869508028, -0.008791100233793259, -0.003963095135986805, -0.011172830127179623, 0.012270104140043259, 0.019634749740362167, 0.024230390787124634, -0.006270597688853741, -0.004156732000410557, -0.004311641212552786, 0.0029981397092342377, -0.020435113459825516, -0.012844559736549854, 0.011095375753939152, 0.0019831613171845675, 0.01689801923930645, 0.004918368998914957, 0.006461007054895163, -0.01538765337318182, 0.005434733349829912, -0.011030830442905426, -0.0169625636190176, -0.004050231538712978, 0.021545296534895897, -0.007029007654637098, -0.011928013525903225, 0.008100463077425957, 0.018176019191741943, -0.01994456723332405, -0.023223480209708214, -0.02381729893386364, -0.007629281375557184, -0.007558281067758799, 0.00445041386410594, -0.02780621312558651, 0.022397298365831375, 0.005899460986256599, 0.02590857446193695, -0.010972739197313786, -0.0030207305680960417, 0.016097653657197952, -0.010114284232258797, -0.03289239853620529, -0.00023317070736084133, 0.01602019928395748, 0.018408384174108505, 0.0315498523414135, 0.006919280160218477, 0.0002311536663910374, 0.011682740412652493, -0.010262738913297653, 0.013425469398498535, -0.004763459786772728, 0.021145114675164223, -0.018563292920589447, -0.01791783794760704, -0.012444376945495605, -0.003940504509955645, -0.003320867195725441, 0.00042640388710424304, -0.02772875875234604, -0.01680765487253666, -0.005173323675990105, -0.042186956852674484, 0.015297289937734604, -0.009210646152496338, 0.009029919281601906, -0.015232743695378304, -0.010056192986667156, 0.005489597097039223, -0.0014425924746319652, 0.006880552973598242, -0.002012206707149744, 0.0060091884806752205, -0.017207836732268333, 0.007132280617952347, 0.014755107462406158, -0.01148910354822874, -0.020215658470988274, -0.012289468199014664, -0.011198649182915688, 0.0229265708476305, -0.005828461144119501, -0.02176475152373314, -0.017078746110200882, 0.02695421129465103, -0.020331840962171555, 0.01693674549460411, 0.002347843488678336, 0.018369656056165695, -0.0013788538053631783, 0.010023919865489006, 0.00841028243303299, -0.013051105663180351, -0.01969929412007332, 0.0012610582634806633, 0.0020299567840993404, -0.011579466983675957, -0.011263194493949413, 0.013012378476560116, 0.024501482024788857, 0.04185131937265396, 0.03692004084587097, -0.016175108030438423, 0.03503531217575073, -0.008113372139632702, -0.010630647651851177, 0.008571646176278591, -0.011243830434978008, 0.0035693675745278597, 0.03294403478503227, 0.004405232146382332, -0.027444757521152496, -0.023572025820612907, 0.01778874732553959, -0.0014200016157701612, 0.011631104163825512, 0.02172602340579033, 0.0018863430013880134, -0.00887500960379839, -0.011514921672642231, -0.013593288138508797, -0.021351659670472145, 0.030233124271035194, 0.005153960082679987, 0.003895322559401393, -0.004072822630405426, -0.003943731542676687, -0.008203736506402493, -0.0013054332230240107, 0.006725643761456013, -0.008978283032774925, -0.015271471813321114, -0.0017088428139686584, 0.010695193894207478, -0.009862556122243404, 0.017466019839048386, 0.027212394401431084, 0.020486749708652496, 0.0018637520261108875, -0.000693460984621197, 0.0075453720055520535, 0.002499525435268879, -0.009572101756930351, 0.006228643469512463, 0.013761105947196484, 0.003672640537843108, 0.004647277761250734, 0.028477486222982407, 0.006012415513396263, 0.004556914325803518, 0.004279368557035923, -0.008229554630815983, 0.02089984156191349, -0.03371858224272728, 0.0007523588137701154, 0.018343837931752205, 0.030181488022208214, -0.006477143615484238, 0.010604829527437687, -0.02567620947957039, 0.03387349098920822, 0.001917002140544355, 0.011289012618362904, 0.007467917166650295, 0.01793074794113636, 0.006393234245479107, -0.004844141658395529, -0.004230959340929985, -0.013709469698369503, -0.013722378760576248, 0.029587669298052788, 0.005176551174372435, 0.0031352988444268703, 0.038262587040662766, 0.010785557329654694, -0.013160833157598972, 0.008390918374061584, -0.028554940596222878, 0.0016862518386915326, 0.02275875210762024, 0.03196294605731964, 0.02082238718867302, -9.45995343499817e-05, 0.02394638955593109, 0.007332371547818184, -0.017595110461115837, 0.008629736490547657, 0.011276103556156158, 0.029277849942445755, 0.010553193278610706, -0.013606197200715542, -0.014083833433687687, 0.020654568448662758, -0.0017685474595054984, -0.012050650082528591, -0.04492368549108505, 0.00474409619346261, 0.02078365907073021, -0.022139115259051323, -0.02589566446840763, 0.02284911647439003, 0.013528741896152496, -0.015374744310975075, 0.009823828935623169, -0.024488572031259537, 0.01705292798578739, -0.044149138033390045, -0.0035274128895252943, -0.009888374246656895, -0.01884729415178299, 0.031162580475211143, -0.008842737413942814, 0.025004936382174492, -0.016562381759285927, -0.0038759587332606316, -0.008733009919524193, -0.020047839730978012, -0.026089301332831383, 0.03284076228737831, 0.01780165545642376, -0.015620017424225807, -0.012250741012394428, 0.02172602340579033, 0.0008350577554665506, 0.005405687727034092, -0.008307009004056454, -0.032324399799108505, 0.02282329834997654, -0.004385868553072214, 0.003001366974785924, -0.024359481409192085, 0.00788100901991129, 0.029381124302744865, 0.010043283924460411, -0.009978738613426685, -0.037126585841178894, -0.031317487359046936, -0.004237413872033358, 0.12454704940319061, -0.014083833433687687, -0.014032197184860706, 0.005086187273263931, 0.025456754490733147, -0.01193446759134531, -0.01435492467135191, 0.001138421706855297, -0.01488419808447361, -0.02570202760398388, -0.029071304947137833, -0.0042696865275502205, 0.030362214893102646, 0.01998329535126686, 0.034157492220401764, 0.020370567217469215, -0.01243146788328886, -0.011715012602508068, 0.010701647959649563, -0.00571550615131855, -0.028012758120894432, -0.0144452890381217, 0.007997190579771996, 0.00492482353001833, 0.029561851173639297, -0.013322196900844574, 0.02003493160009384, 0.017504746094346046, -0.009623738005757332, 0.00790682714432478, -0.0023607525508850813, -0.002060615923255682, 0.011030830442905426, 0.02089984156191349, 0.01675601862370968, -0.007016098592430353, 0.00495064165443182, 0.007422735448926687, -0.0045698233880102634, -0.018227657303214073, 0.00469245994463563, -0.01989293098449707, -0.025030754506587982, -0.008862100541591644, 0.0005607392522506416, -0.009688283316791058, -0.01794365607202053, 0.01705292798578739, -0.0060059609822928905, -0.019182929769158363, 0.024036753922700882, 0.0073581901378929615, -0.0038533678743988276, -0.007158098742365837, 0.02778039500117302, 0.010559648275375366, -0.015503834933042526, -0.019376566633582115, -0.0011819899082183838, -0.006906371098011732, -0.034338220953941345, -0.01294137816876173, 0.00799073651432991, -0.0035661403089761734, -0.017259472981095314, -0.023442935198545456, -0.026179665699601173, -0.015490925870835781, -0.014729289337992668, -0.015645835548639297, 0.015658743679523468, -0.026437846943736076, 0.00046835848479531705, -0.0012070013908669353, 0.027057483792304993, 0.018537474796175957, 0.0033660491462796926, -0.008610373362898827, 0.03872731700539589, 0.012321741320192814, 0.013683651573956013, -0.013231832534074783, -0.019531475380063057, -0.0012061945162713528, -0.003943731542676687, 0.03196294605731964, 0.0068999165669083595, -0.02491457387804985, -0.01705292798578739, 0.022552207112312317, -0.00568968802690506, -0.00545409694314003, 0.019312022253870964, -0.017582200467586517, -0.0006268984288908541, -0.005183005705475807, 0.004824778065085411, 0.00571550615131855, -0.001084364834241569, 0.006628825329244137, 0.015581290237605572, -0.005383096635341644, 0.007274280767887831, 0.00645778002217412, 0.00952046550810337, -0.017130382359027863, -0.010146556422114372, 0.008139191195368767, -0.009468828327953815, 0.008610373362898827, -0.005538006313145161, -0.005680006463080645, -0.007016098592430353, -0.007997190579771996, 0.013425469398498535, -0.0047699143178761005, -0.0022607070859521627, 0.012011921964585781, 0.004195459187030792, 0.014703471213579178, 0.022539297118782997, -0.011334194801747799, 0.015206925570964813, 0.04474295675754547, 0.001308660488575697, 0.0006857961998321116, 0.007848735898733139, -0.025456754490733147, -0.02182929776608944, 0.009759283624589443, 0.0010512853041291237, 0.022565115243196487, -0.011295466683804989, -0.028529122471809387, -0.021661479026079178, -0.011928013525903225, -0.016110563650727272, 0.0014312970452010632, -0.017362747341394424, 0.003369276411831379, -0.019157111644744873, 0.00990128330886364, 0.01483256183564663, -0.00571873364970088, -0.007390462793409824, -0.01803402043879032, 0.0016507518012076616, 0.01037892047315836, -0.008184372447431087, 0.013580379076302052, 0.0123281953856349, -0.009197737090289593, -0.017569292336702347, -0.007422735448926687, -0.02672184817492962, -0.0177629292011261, -0.01285101380199194, -0.005015187431126833, 0.007325917016714811, 0.00994001142680645, 0.042057864367961884, 0.001286069629713893, 0.014587288722395897, 0.010114284232258797, 0.00083989865379408, 0.01790492795407772, -0.014083833433687687, 0.008771737106144428, 0.02175184153020382, 0.018072746694087982, 0.0377720408141613, 0.0029577987734228373, 0.024411117658019066, -0.004992596339434385, -0.016665654256939888, -0.005847824737429619, -0.014509834349155426, -0.02288784272968769, -0.011114739812910557, 0.014780925586819649, -0.00890082772821188, -0.020099475979804993, -0.015181107446551323, 0.018705293536186218, -0.04440732300281525, -0.012199104763567448, 0.021325841546058655, -0.010307920165359974, 0.0008039951790124178, -0.0008778191404417157, 0.03245348855853081, -0.00017023882537614554, -0.00793264526873827, 0.004040549974888563, -0.008319918066263199, 0.0026350710541009903, -0.016162199899554253, -0.013515832833945751, -0.007848735898733139, 0.018602021038532257, 0.012024831026792526, 0.014458198100328445, -0.033228036016225815, 0.021609842777252197, -0.006593325641006231, 0.029045486822724342, -0.003798504127189517, 0.0037307313177734613, 0.002202616073191166, -0.022061660885810852, -0.008307009004056454, -0.04048295319080353, -0.004679550416767597, -0.03849495202302933, -0.008784646168351173, 0.02291366085410118, 0.015607108362019062, 0.007390462793409824, -0.03361530974507332, -0.0003751708718482405, 0.01592983491718769, -0.014109651558101177, 0.007519553881138563, -0.017220746725797653, 0.011928013525903225, 0.017672564834356308, 0.01040473859757185, -0.01440656092017889, 0.012160376645624638, -0.002825480420142412, 0.004108322784304619, 0.011179285123944283, 0.04492368549108505, -0.00167979730758816, -0.010191738605499268, 0.005918824579566717, 0.011185739189386368, -0.012186195701360703, -0.017608018592000008, 0.025069482624530792, 0.016626928001642227, 0.011179285123944283, -0.025456754490733147, -0.028167666867375374, -0.028606576845049858, -0.006580416578799486, 0.007893918082118034, 0.01669147238135338, 0.013147923164069653, -0.040198951959609985, -0.008248917758464813, 0.025663301348686218, -0.0018185701919719577, 0.007080644369125366, 0.009100919589400291, 0.005725188180804253, 0.028090212494134903, -0.0177629292011261, -0.008048826828598976, -0.016601109877228737, 0.0020815932657569647, 0.012334650382399559, -0.002486616373062134, 0.025598755106329918, -0.0027464120648801327, 0.014871289022266865, -0.03178221732378006, 0.0028642076067626476, 0.01986711286008358, 0.015620017424225807, -0.03364112973213196, -0.012425013817846775, 0.0030901171267032623, 0.002320411615073681, 0.008758828043937683, 0.004589186981320381, -0.009778646752238274, -0.02780621312558651, 0.00020059538655914366, 0.003249867120757699, 0.007842281833291054, -0.0010698421392589808, -0.008474827744066715, 0.001562001765705645, 0.0010754897957667708, -0.0109662851318717, -0.01343837846070528, -0.0008794327732175589, 0.018343837931752205, 0.013735287822782993, -0.021377477794885635, -0.020215658470988274, -0.00017306269728578627, 0.004143822938203812, -0.0208094771951437, 0.007571190129965544, -0.0051797786727547646, 0.005815552081912756, -0.011295466683804989, 0.027393121272325516, -0.039062950760126114, -0.012573468498885632, -0.013309287838637829, 0.014264561235904694, -0.01386437937617302, 0.0009956146823242307, 0.028554940596222878, -0.028374213725328445, -0.014096742495894432, -0.011979649774730206, -0.0009375237859785557, -0.007810008712112904, -0.003033639630302787, -0.015000380575656891, 0.0010601602261886, -0.0002876310027204454, -0.0021719569340348244, 0.0032466398552060127, 0.012005467899143696, 0.037255678325891495, -0.041283316910266876, -0.004869959782809019, 0.02574075572192669, 0.004624687135219574, -0.03309894725680351, -0.010011010803282261, 0.01993165910243988, 0.0027060711290687323, -0.01775001920759678, 0.012973650358617306, -0.0019379793666303158, 0.030155669897794724, -0.02082238718867302, -0.017065836116671562, -0.011656922288239002, 0.007235553581267595, -0.019286202266812325, 0.007577644661068916, 0.00024507130729034543, -0.002155820606276393, 0.02692839317023754, 0.02394638955593109, 0.028219303116202354, -0.014174197800457478, 0.007822917774319649, -0.002786753000691533, 0.02575366571545601, -0.003307958133518696, -0.011669831350445747, -0.016304200515151024, -0.03080112487077713, 0.024075482040643692, -0.00846191868185997, -0.026386210694909096, -0.008274736814200878, -0.010830739513039589, -0.037410587072372437, -0.011947376653552055, -0.03580985590815544, 0.012625104747712612, 0.02295238897204399, 0.02598602883517742, 0.0228620246052742, 0.02283620648086071, 0.02469511888921261, 0.00036972484667785466, -0.024256208911538124, -0.001084364834241569, 0.019260384142398834, -0.04474295675754547, -0.012689650058746338, 0.002142911544069648, -0.02172602340579033, 0.013786924071609974, -0.021377477794885635, -0.013528741896152496, -0.013644924387335777, 1.7409642168786377e-05, -0.01673020049929619, -0.015206925570964813, 0.0008382850210182369, 0.024152936413884163, -0.0016572063323110342, -0.0036177767906337976, 0.021519478410482407, -0.026128029450774193, -0.005934961140155792, 0.005831688176840544, -0.0014667970826849341, -0.0079520083963871, 0.027599666267633438, 0.017491837963461876, 0.018679475411772728, -3.3785549021558836e-05, 0.00048409143346361816, -0.02393348142504692, 0.030181488022208214, -0.0320662185549736, 0.027367303147912025, 0.006522325333207846, 0.0006087449728511274, 0.00943655613809824, 0.0119602857157588, 0.009262283332645893, -0.010727466084063053, -0.000687813269905746, 0.007680917624384165, 0.0022703888826072216, 0.01803402043879032, -0.008236008696258068, -0.004695686977356672, -0.0051797786727547646, 0.014806743711233139, -0.00395341357216239, 0.008784646168351173, 0.004808641504496336, -0.014109651558101177, -0.005376642104238272, 0.00798428151756525, -0.0053024147637188435, -0.036222949624061584, 0.002788366749882698, 0.015206925570964813, -0.005786506459116936, 0.0019331384683027864, -0.009946465492248535, -0.013154378160834312, -0.03307312726974487, -0.009391373954713345, 0.023236390203237534, -0.005089414771646261, -0.010540284216403961, 0.008920191787183285, -6.499935989268124e-05, -0.014316197484731674, 0.01538765337318182, 0.20448023080825806, -0.003072367049753666, 0.006322234403342009, 0.036326222121715546, -0.003417685627937317, -0.002047706861048937, 0.0229911170899868, 0.016213836148381233, -0.0015950812958180904, 0.004343913868069649, -0.020228568464517593, 0.02073202282190323, -0.010023919865489006, -0.010708102956414223, -0.0027899802662432194, 0.0013933765003457665, -0.03289239853620529, -0.03795276954770088, 0.0009375237859785557, 0.01989293098449707, -0.021661479026079178, -0.009184828028082848, -0.004837687127292156, -0.005596097093075514, 0.016381654888391495, 0.000663608661852777, 0.004695686977356672, 0.013012378476560116, -0.006315779872238636, -0.006777280010282993, 0.01145683042705059, -0.028038576245307922, -0.003963095135986805, -0.004408459644764662, -0.007551826536655426, -0.018085656687617302, -0.019247476011514664, -0.010282102040946484, 0.00998519267886877, 0.022319842129945755, 0.0041760955937206745, 0.01674310863018036, 0.02765130251646042, -0.029510214924812317, -0.020486749708652496, 0.028322577476501465, 0.006654643919318914, -0.008791100233793259, 0.013928924687206745, 0.00310948072001338, -0.024514390155673027, 0.010514466091990471, 0.001250569592230022, 0.019557293504476547, -0.013670742511749268, 0.00421482278034091, 0.009178373962640762, -0.009262283332645893, -0.016704382374882698, 0.002883571432903409, 0.013122105039656162, 0.008242463693022728, -0.013761105947196484, 0.004999050870537758, -0.0336669459939003, -0.010817830450832844, -0.009191283024847507, 0.04179968312382698, 0.010262738913297653, -0.010572557337582111, -0.016394563019275665, 0.0013611037284135818, -0.011585921980440617, 0.009862556122243404, 0.007396917324513197, -0.024643482640385628, 0.005763915367424488, 0.015529653988778591, 0.005037778522819281, 0.017182018607854843, -0.0006958814337849617, -0.0187569297850132, 0.0003156679740641266, -0.006790189538151026, 0.0021897070109844208, -0.019608931615948677, 0.019415294751524925, 0.01803402043879032, -0.001041603391058743, -0.024617662653326988, 0.0007918929331935942, -0.05638696998357773, -0.014922925271093845, -0.01687220111489296, 0.014032197184860706, 0.02395929954946041, 0.048228416591882706, 0.017349837347865105, -0.012799377553164959, 0.004198686685413122, -0.02878730371594429, 0.001979934051632881, 0.004292277619242668, -0.02501784637570381, 0.002230047946795821, 0.006044688634574413, 0.0007459042244590819, 0.023623662069439888, 0.0037307313177734613, -0.021416205912828445, 0.0002037218218902126, -0.03173058107495308, 0.007377553731203079, -0.007732553873211145, -0.020551295951008797, 0.004321322776377201, 0.017336927354335785, -0.02092565968632698, 0.021235477179288864, -0.006951553281396627, 0.012592832557857037, -0.040147315710783005, -0.0031740262638777494, -0.010579011403024197, 0.005325005855411291, -0.011644013226032257, -0.008281190879642963, 0.009572101756930351, 0.01785329170525074, -0.025263119488954544, -0.007674463093280792, -0.007764826994389296, 0.028554940596222878, -0.022461842745542526, -0.030439669266343117, -0.009204192087054253, 0.016084745526313782, -0.014496925286948681, 0.006661098450422287, -0.026980029419064522, -0.003717822255566716, -0.002867434872314334, 0.0016289677005261183, -0.019324930384755135, 0.003148208139464259, -0.013057559728622437, 0.02685093879699707, 0.002073524985462427, -0.025598755106329918, -0.02865821309387684, -0.018021110445261, -0.000592608586885035, 0.0027060711290687323, -0.020228568464517593, 0.022423116490244865, -0.01691092737019062, -0.009294555522501469, -0.0004998244112357497, 0.021028932183980942, 0.0187569297850132, -0.027470575645565987, -0.007784190587699413, -0.0022558660712093115, -0.041748046875, -0.015258562751114368, -0.00044980162056162953, -0.16244818270206451, 0.02780621312558651, -0.016213836148381233, 0.007777736056596041, 0.009591464884579182, 0.007132280617952347, 0.018460020422935486, -0.007054825779050589, -0.002572139259427786, -0.021377477794885635, 0.018279293552041054, -0.015194016508758068, -0.0038275497499853373, -0.005812324583530426, 0.008023008704185486, -0.0027948212809860706, -0.03547422215342522, 0.007274280767887831, 0.020590022206306458, -0.009630192071199417, 0.04544005170464516, -0.010236920788884163, 0.021506568416953087, -0.02594730071723461, -0.0025576164480298758, 0.015645835548639297, -0.013193105347454548, -0.017362747341394424, -0.033176399767398834, -0.012302377261221409, -0.003666185773909092, 0.013593288138508797, 0.03673931211233139, 0.03854658827185631, 0.03459640219807625, 0.02585693821310997, -0.012747741304337978, 0.0022816844284534454, -0.008352191187441349, 0.0004970005247741938, 0.013709469698369503, 0.01136001292616129, 0.007739008404314518, 0.013812742196023464, -0.0014990698546171188, 0.011101830750703812, 0.017065836116671562, 0.003630685852840543, 0.002312343567609787, -0.013451287522912025, 0.021274205297231674, -0.0497000552713871, -0.005331460386514664, 0.0014869675505906343, -0.003911458887159824, 0.03547422215342522, -0.000308406597469002, -0.019350748509168625, 0.0018798884702846408, -0.031033487990498543, -0.006567507050931454, -0.017453109845519066, 0.01705292798578739, -0.013696560636162758, 0.0033031173516064882, -0.023998025804758072, 0.013309287838637829, 0.003798504127189517, -0.030542943626642227, 0.008210190571844578, -0.026115119457244873, -0.003215980716049671, -0.005289505701512098, -0.0011690808460116386, 0.019350748509168625, 0.012618650682270527, 0.003120776265859604, 0.009417192079126835, 0.010120738297700882, -0.006280279718339443, -0.045388415455818176, 0.05850406363606453, -0.008610373362898827, 0.00648037064820528, -0.00698382593691349, 0.010527375154197216, -0.021429114043712616, -0.0072484626434743404, 0.0026108664460480213, 0.0004598868836183101, 0.030620397999882698, -0.009604373946785927, -0.015529653988778591, -0.01694965548813343, 0.009785101749002934, 0.0051604146137833595, 0.011224467307329178, -0.007396917324513197, -0.0013925697421655059, -0.021170932799577713, -0.004334231838583946, 0.008261827751994133, -0.038210950791835785, -0.009313919581472874, -0.006302870810031891, 0.022022932767868042, 0.02674766629934311, 0.019350748509168625, 0.02575366571545601, -0.024049662053585052, -0.010256283916532993, 0.015348926186561584, 0.011159921064972878, 0.03296985477209091, 0.019299112260341644, 0.00834573619067669, -0.007177462335675955, -0.006444870959967375, 0.017530564218759537, -0.008784646168351173, 0.05736806243658066, 0.006841825786978006, -0.014367833733558655, 0.003811413189396262, 0.0133867422118783, 0.02780621312558651, -0.10936594009399414, -0.015013289637863636, 0.0027205939404666424, 0.022294024005532265, -0.008474827744066715, 0.01581365428864956, 0.0022429570090025663, 0.05153314769268036, -0.02481129951775074, 0.02372693456709385, -0.008829828351736069, -0.027134938165545464, -0.008152100257575512, -0.014600197784602642, 0.03679094836115837, 0.016588199883699417, 0.000356008909875527, 0.007261371705681086, 0.004598868545144796, 0.026592757552862167, 0.01095983013510704, -0.005383096635341644, 0.01041119359433651, -0.029613487422466278, 0.0019960703793913126, 0.0005550915375351906, -0.011973194777965546, 0.03890804201364517, 0.021274205297231674, 0.001102921669371426, 0.016175108030438423, 0.014755107462406158, -0.006661098450422287, -0.023042753338813782, -0.0007709156488999724, -0.004011504352092743, -0.006380325183272362, 0.019596021622419357, 0.03260840103030205, -0.023572025820612907, -0.0051184603944420815, 0.011101830750703812, -0.012082922272384167, -0.036145493388175964, 0.039269499480724335, 0.005186233203858137, -0.00996582955121994, -0.005644506309181452, -0.008423191495239735, -0.010011010803282261, -0.010927557945251465, -0.008713645860552788, -0.02602475695312023, -0.0012925241608172655, 0.016213836148381233, 0.019583111628890038, 0.017040017992258072, 0.026489483192563057, 0.006128597538918257, -0.025469664484262466, 0.004376186523586512, 0.016510745510458946, -0.018408384174108505, 0.02201002463698387, -0.0021122524049133062, -0.030465487390756607, -0.017478927969932556, 0.010443465784192085, -0.002012206707149744, 0.0032724582124501467, -0.023597843945026398, 0.019105475395917892, -0.024488572031259537, -0.00790682714432478, -0.023223480209708214, -0.007713190279901028, -0.02695421129465103, -0.02963930554687977, 0.008287645876407623, -0.01046282984316349, -0.012399195693433285, -0.027005847543478012, -0.0007108076242730021, -0.011573012918233871, 0.00948819238692522, 0.009023464284837246, 0.013632015325129032, 0.008578100241720676, -0.02685093879699707, -0.004030867945402861, -0.015426380559802055, 0.02372693456709385, -0.014212924987077713, 0.004208368249237537, -0.0016031494596973062, 0.009320373646914959, -0.024411117658019066, -0.013528741896152496, -0.005912370048463345, -0.008255372755229473, -0.004050231538712978, -0.005250778514891863, -0.06258334219455719, -0.008365100249648094, 0.0246563907712698, 0.0036887768656015396, 0.003514503827318549, -0.020486749708652496, 0.007945554330945015, 0.015684563666582108, 0.01998329535126686, -2.9675813493668102e-05, -0.004563368856906891, 0.029406942427158356, 0.022268205881118774, -0.006173779722303152, -0.006125370506197214, 0.01889893040060997, 0.026592757552862167, 0.0198800228536129, 0.007848735898733139, 0.009823828935623169, -0.014806743711233139, 0.001323183299973607, 0.025185665115714073, -0.00769382668659091, 0.023584935814142227, -0.005131369456648827, -0.015206925570964813, 0.022423116490244865, -0.006712734699249268, 0.0028755031526088715, -0.00013594901247415692, 0.0002981196448672563, -0.022410206496715546, -0.016188018023967743, -0.012050650082528591, -0.018434202298521996, 0.010727466084063053, -0.012205558829009533, 0.0069967349991202354, -0.003440276486799121, 0.0019444340141490102, -0.02873566746711731, 0.017440201714634895, -0.00645778002217412, 0.012625104747712612, -0.022616751492023468, 0.029510214924812317, 0.005844597239047289, 0.018240565434098244, -0.028425849974155426, 0.015581290237605572, -0.004963550716638565, 0.01294137816876173, -0.036248765885829926, 0.004402004648000002, -0.00801009964197874, 0.02386893518269062, -0.014729289337992668, -0.011715012602508068, -0.021609842777252197, 0.0050216419622302055, 0.005831688176840544, 0.02195838838815689, -0.0020670704543590546, -0.0064480979926884174, 0.00010276857938151807, -0.019660567864775658, -0.008313464000821114, 0.008165009319782257, -0.02979421429336071, -0.007280735298991203, -0.004766687285155058, -0.012450831942260265, 0.004547232296317816, 0.004169641062617302, 0.010772648267447948, -0.00497968727722764, 0.024101300165057182, -0.013786924071609974, 0.009701192378997803, 0.018705293536186218, -0.008229554630815983, -0.03387349098920822, 0.01488419808447361, 0.027289848774671555, 0.020280204713344574, -0.014277470298111439, -0.003261162666603923, -0.014677652157843113, 0.012153922580182552, -0.024424027651548386, 0.006541688926517963, -0.012618650682270527, -0.026373302564024925, 0.01599438115954399, 0.004182550124824047, -0.00024002867576200515, -0.004602096043527126, 0.025250209495425224, 0.02073202282190323, 0.019260384142398834, 0.0066675529815256596, -0.012922014109790325, -0.03374440222978592, -0.021622750908136368, -0.0018234110902994871, -0.03281494602560997, -0.027418939396739006, -0.0027932075317949057, 0.013154378160834312, 0.008520008996129036, 0.02674766629934311, -0.0017846837872639298, 0.006912825629115105, -0.011308375746011734, 0.02088693156838417, 0.01432910654693842, -0.026037665084004402, -0.014096742495894432, 0.016317108646035194, -0.013812742196023464, 0.032350216060876846, 0.01087592076510191, -0.01887311227619648, 0.026463665068149567, -0.009585010819137096, -9.686871635494754e-05, -0.022255297750234604, 0.0015942745376378298, -0.012044195085763931, 0.004711823537945747, 0.013231832534074783, -0.038236770778894424, -0.027367303147912025, -0.026244210079312325, 0.019686385989189148, -0.01883438415825367, -0.0013845015782862902, -0.008468372747302055, 0.024178754538297653, 0.0012061945162713528, 0.006515870802104473, 0.01546510774642229, -0.006299643311649561, 0.015258562751114368, 0.011869922280311584, 0.016652746126055717, -0.01880856603384018, 0.005831688176840544, 0.006977371405810118, 0.0009617283358238637, 0.01683347299695015, -0.021209659054875374, 0.00890728272497654, -0.011043739505112171, 0.005547687876969576, -0.0025398663710802794, -0.0170271098613739, 0.006615916267037392, 0.0003049776132684201, -0.002575366524979472, 0.02971675992012024, 0.016459109261631966, -0.0032789127435535192, 0.004159959033131599, 0.008526463992893696, -0.007467917166650295, -0.005076505709439516, -0.016188018023967743, 0.012399195693433285, 0.016355836763978004, -0.013186651282012463, -0.011669831350445747, 0.02468220889568329, -0.0020089794415980577, 0.0048183235339820385, -0.009856102056801319, 0.018472930416464806, 0.030078215524554253, -0.02997494302690029, 0.025611665099859238, -0.012818741612136364, -0.012108740396797657, 0.009701192378997803, 0.0002769406419247389, -0.007977827452123165, -0.018046928569674492, -0.005699370056390762]"
U92486,N45388 N14238 N28467 N24724 N56446 N770 N20933 N36229 N32089 N15034 N51147 N14340 N4020 N65169 N57737 N20121 N21628 N33622 N6231 N40545 N61319 N46354 N28660 N29819 N9460 N53052 N27106 N14662 N14972 N27644 N50343 N6154 N2805 N38821 N28058 N1455 N57318 N1398 N4524 N62545 N18445 N24591 N8160 N63642 N31820 N31801 N50015 N44007 N23614 N30160 N60936 N7132 N10671 N11673 N58625 N64467 N28088 N12349 N50049 N28711 N42620 N51464 N52692 N51616 N42583 N43955 N58801 N33771 N35554 N14588 N6785 N8285 N46795 N57239 N22032 N14349 N33771 N17371 N41218 N2735 N2052 N58601,"[-0.025223640725016594, -0.04366959258913994, 0.024878112599253654, -0.013575316406786442, -0.03359608352184296, 0.019243326038122177, 0.005468666087836027, -0.006495287176221609, -0.018632004037499428, -0.02774866297841072, 0.030698953196406364, 0.01437933649867773, 0.00670792069286108, 0.0019419413292780519, 0.01562855765223503, -0.018538977950811386, 0.02332323044538498, -0.018326343968510628, 0.02323020249605179, -0.014751444570720196, 0.004478591959923506, -0.0026579180266708136, -0.007515262812376022, 0.017050543799996376, -0.008206321857869625, -0.029290255159139633, 0.011980565264821053, -0.015867769718170166, -0.0003895511035807431, 0.013236431404948235, -0.003314091358333826, -0.012000499293208122, -0.023177044466137886, -0.020452678203582764, -0.012312805280089378, -0.02801445499062538, -0.006023506633937359, -0.01593421772122383, 0.0145521005615592, -0.006468707695603371, 0.01780804991722107, -0.026751944795250893, -0.009276133961975574, -0.009621663019061089, -0.0133028794080019, 0.011216414161026478, -0.014233150519430637, -0.0001842892379499972, -0.011635036207735538, 0.00245026801712811, 0.02240624837577343, -0.0018489141948521137, -0.006744466722011566, 0.0014975706581026316, -0.0005099879927001894, -0.0005506873712874949, 0.0005826654378324747, 0.019748330116271973, -0.0012625110102817416, -0.0032941570971161127, 0.01387433148920536, 0.013608540408313274, -0.014538811519742012, 0.012970639392733574, -0.009767848066985607, -0.01658540777862072, -0.0080269118770957, -0.007395656779408455, -0.030433161184191704, -0.01685119979083538, 0.04874621704220772, 0.036652687937021255, 0.007096640765666962, -0.012412477284669876, 0.0028971305582672358, -0.025874830782413483, -0.018100421875715256, 0.002971884561702609, 0.0023456125054508448, 0.004066614434123039, 0.021954402327537537, -0.021768348291516304, -0.010452262125909328, 0.028599197044968605, 0.008046846836805344, -0.0009792766068130732, 0.006302588153630495, 0.027722084894776344, -0.0006877362611703575, -0.006515221204608679, 0.0005033432389609516, 0.034765567630529404, -0.0047310939989984035, 0.033011339604854584, -0.018831348046660423, 0.008731260895729065, 0.0007936377078294754, 0.0371045358479023, 0.02721708081662655, 0.0034486486110836267, -0.004252668935805559, 0.0022907929960638285, -0.016213299706578255, -0.0071232202462852, -0.0158013217151165, -0.010910753160715103, 0.0018439305713400245, -0.0266057588160038, 0.027243658900260925, -0.02214045636355877, -0.016133561730384827, -0.0030267040710896254, 0.00920968595892191, -0.001252543879672885, -0.009847586043179035, -0.0008297687745653093, 0.000867145718075335, -0.0048772795125842094, 0.015150132589042187, -0.0303800031542778, 0.008432244881987572, -0.023030858486890793, 0.016306325793266296, -0.03524399176239967, 0.021635452285408974, -0.000848041963763535, -0.030512897297739983, -0.0013887621462345123, 0.0014626855263486505, 0.004259313456714153, 0.03891192004084587, 0.01142240222543478, 0.004109805449843407, 0.005957058630883694, 0.0022260062396526337, 0.030406581237912178, -0.035988207906484604, 0.011149966157972813, 0.003830724162980914, -0.039975084364414215, 0.011223058216273785, 0.013754725456237793, 0.005681299604475498, -0.017568837851285934, 0.0040267459116876125, -0.0016487396787852049, 0.013395906426012516, 0.001757548307068646, 0.015243159607052803, -0.023349808529019356, 0.006545123178511858, 0.0011935712536796927, 0.001853897818364203, -0.015070394612848759, 0.0055816275998950005, 0.011223058216273785, 0.01711699180305004, 0.0033207363449037075, 0.0018289798172190785, -0.010126667097210884, -0.016997385770082474, 0.007010258734226227, 0.0038473361637443304, 0.008492047898471355, -0.011236348189413548, 0.03165580332279205, -0.004525105468928814, -0.007927239872515202, -0.000761244329623878, -0.017688443884253502, 0.014219861477613449, 0.0154956616461277, -0.012179909273982048, 0.0012018772540614009, 0.01562855765223503, 0.03237343952059746, -0.03495161980390549, 0.0219676923006773, -0.049862541258335114, -0.016784751787781715, -0.023642180487513542, 0.017568837851285934, 0.030167369171977043, 0.05068649724125862, -0.01675817184150219, -0.0030283653177320957, 0.01681133173406124, -0.01750238984823227, 0.01597408764064312, -0.002005066955462098, 0.004983596038073301, 0.018937665969133377, 0.014950788579881191, -0.020731760188937187, -0.6489572525024414, 0.0014618549030274153, -0.0013048716355115175, 0.011920762248337269, -0.0017126959282904863, -0.006515221204608679, 0.022074008360505104, 0.0201337281614542, -0.014392625540494919, 0.006804270204156637, -0.0014934176579117775, 0.015854479745030403, -0.0056979116052389145, -0.02857261896133423, -0.00146102427970618, -0.007143154740333557, -0.01183437928557396, -0.007628224324434996, -0.009023631922900677, 0.009309357963502407, -0.023828234523534775, 0.020851366221904755, 0.017489099875092506, -0.021409528329968452, -0.005727813113480806, -0.001657045679166913, 0.03372897952795029, 0.01986793614923954, -0.02187466435134411, -0.00993396807461977, -0.025064166635274887, 0.005329125560820103, 0.00023464432160835713, -0.02393455058336258, 0.05650733411312103, 0.008345862850546837, -0.008219610899686813, 0.026153912767767906, 0.017356203868985176, 0.012219778262078762, -0.012465635314583778, 0.0016786413034424186, -0.00454171746969223, 0.007973753847181797, -0.024120604619383812, -0.017821339890360832, 0.0014103577705100179, 0.011017070151865482, -0.001032434985972941, -0.004292537458240986, 0.02275177836418152, 0.0216620322316885, -0.012751361355185509, 0.017701733857393265, -0.0012841066345572472, -0.0014469041489064693, 0.02547614276409149, -0.027934717014431953, 0.014219861477613449, 0.006501931697130203, -0.014312888495624065, 0.019761620089411736, 0.026326676830649376, 0.006349101662635803, 0.013754725456237793, 0.01479131355881691, -0.04042693227529526, 0.0029685620684176683, 0.05464679375290871, 0.011442337185144424, -0.013236431404948235, 0.026751944795250893, 0.019402801990509033, -0.007369077764451504, 0.026765234768390656, -0.006495287176221609, 0.010013706050813198, 0.0038207571487873793, 0.005385606084018946, 0.006601603701710701, -0.029396573081612587, -0.022459406405687332, -0.01059180311858654, -0.0031463103368878365, 0.027934717014431953, -0.010565224103629589, -0.016000665724277496, 0.015415924601256847, 0.014578679576516151, 0.010558579117059708, -0.0009186429088003933, 0.028466301038861275, 0.01992109604179859, -0.04228747636079788, 0.015216580592095852, 0.008000332862138748, -0.016784751787781715, -0.004501848481595516, 0.013555381447076797, -0.0076215798035264015, 0.015269738622009754, 0.0033423318527638912, -0.005113169550895691, 0.002289131749421358, 0.012326094321906567, 0.003471905365586281, -0.02734997496008873, 0.002825699048116803, 0.04547697678208351, -0.007382367271929979, -0.019336353987455368, -0.01400722749531269, -0.00373105239123106, -0.013821173459291458, -0.02061215415596962, -0.030566057190299034, -0.012239712290465832, 0.004003488924354315, 0.009874165058135986, -0.032400019466876984, 0.013116825371980667, 0.003850658657029271, -0.02376178652048111, 0.006322522182017565, 0.0058706761337816715, 0.014405915513634682, 0.004960339516401291, -0.004817476496100426, -0.01685119979083538, -0.00978113804012537, -0.012963994406163692, 0.022299932315945625, 0.037529800087213516, 0.0008243698393926024, -0.005053366534411907, 0.026246940717101097, -0.019203457981348038, -0.0010382492328062654, 0.002890485804527998, 0.0016504009254276752, -0.003588189138099551, -0.0034087798558175564, 0.008857511915266514, 0.0020598864648491144, 0.004182898439466953, -0.024692058563232422, -0.013256365433335304, -0.014273019507527351, -0.004697869997471571, -0.009747914038598537, 0.017568837851285934, 0.01560197863727808, 0.027562608942389488, 0.004837410524487495, -0.002697786781936884, 0.00043647995335049927, -0.005169650539755821, -0.00964824203401804, -0.012651689350605011, -0.01899082399904728, 0.0060268291272223, 0.03186843544244766, -0.034287143498659134, 0.007933884859085083, -0.00048548533231951296, -0.018751611933112144, 0.007315919268876314, 0.0019950997084379196, 0.020970972254872322, -0.01004028506577015, 0.01291083637624979, -0.007402301300317049, 0.010957267135381699, -0.004448689986020327, 0.010259563103318214, -0.004046679940074682, -0.018180157989263535, -0.002119689481332898, -0.02782840095460415, 0.012073592282831669, 0.015030525624752045, -0.01693093776702881, -0.007030193228274584, -0.008372441865503788, 0.01465841755270958, 0.005056689027696848, 0.020067280158400536, 0.012950705364346504, -0.009422319009900093, 0.02354915253818035, -0.007156444247812033, 0.01679804176092148, 0.0066846637055277824, -0.0030964743345975876, 0.01210017129778862, 0.019057272002100945, -0.014764734543859959, -0.0067411442287266254, 0.005734458100050688, 0.0007483700173906982, 0.014047096483409405, 0.0023638857528567314, 0.002686158288270235, 0.01584119163453579, -0.01286432333290577, -0.02494456060230732, 0.004930438008159399, -0.009229619987308979, 0.0303800031542778, 0.018618715927004814, 0.003156277583912015, -0.008046846836805344, -0.03535030782222748, -0.026725364848971367, -0.013548736460506916, 0.02931683510541916, 0.015535530634224415, 0.004455334972590208, -0.019376222044229507, -0.012159974314272404, -0.0011080194963142276, 0.0032393375877290964, -0.0027542675379663706, 0.01606711372733116, -0.011056939139962196, -0.007521907798945904, 0.011787866242229939, -0.00042692807619459927, -0.006581669207662344, -0.021980982273817062, 0.014405915513634682, 0.03085842728614807, 0.010133312083780766, 0.016000665724277496, -0.009900744073092937, -0.020970972254872322, 0.01811371184885502, -0.02271190844476223, 0.038141123950481415, -0.014884340576827526, -0.00818638689815998, 0.03545662388205528, 0.018698452040553093, 0.013183273375034332, 0.0017857886850833893, -0.0035250636283308268, 0.038353756070137024, 0.006734499707818031, 0.004741061013191938, -0.006369035691022873, -0.019841358065605164, 0.016332905739545822, -0.011907472275197506, 0.014844471588730812, 0.015216580592095852, -0.0407724604010582, 0.008997051976621151, -0.002463557757437229, 0.04353669658303261, 0.012957350350916386, -0.007867436856031418, -0.012346029281616211, -0.001626313547603786, -0.00029776987503282726, 0.012299515306949615, 0.004040035419166088, -0.0044985259883105755, 0.016080403700470924, -0.024386396631598473, 0.004156319424510002, -0.009814362041652203, -0.006332489661872387, -0.019070561975240707, -0.019017403945326805, -0.011070228181779385, -0.004794219508767128, 0.01803397387266159, -0.006355746183544397, 0.00523942057043314, 0.0035948341246694326, 0.01115661021322012, -0.0108575951308012, 0.02206071838736534, 0.026991156861186028, -0.009927324019372463, 0.004079903941601515, 0.01929648406803608, -0.004827443510293961, -0.032400019466876984, 0.014645127579569817, 0.005478633567690849, 0.03925744816660881, 0.0008887413423508406, 0.028785251080989838, -0.02393455058336258, 0.0010424022329971194, 0.005940446630120277, -0.014671707525849342, -0.004950372036546469, 0.02175505831837654, 0.029024465009570122, -0.006611570715904236, -0.03216080740094185, 0.0019170233281329274, 0.03402135148644447, 0.008106649853289127, 0.008591719903051853, -0.016731593757867813, -0.022485986351966858, 0.01570829562842846, 0.0008837577188387513, -0.003302463097497821, -0.014312888495624065, 0.0045583294704556465, -0.027243658900260925, 0.009322647005319595, -0.023775076493620872, -0.017276465892791748, 0.012166619300842285, 0.00780098931863904, 0.0003685784758999944, -0.011409113183617592, -0.010432328097522259, -0.02437310852110386, 0.14714233577251434, 0.012239712290465832, 0.006658084690570831, 0.0034818726126104593, 0.0063657136633992195, 0.03295818343758583, -0.007442170288413763, -0.032054491341114044, -0.004445367958396673, 0.0012824453879147768, 0.010113378055393696, -0.015641847625374794, 0.0035981563851237297, -0.0012234728783369064, 0.029609205201268196, 0.013688277453184128, 0.014020517468452454, -0.016705013811588287, 0.017356203868985176, -0.008791063912212849, 0.02187466435134411, -0.025609038770198822, -0.01194734126329422, 0.027562608942389488, -0.007455459795892239, 0.019402801990509033, 0.02101084217429161, 0.022618882358074188, -0.00199676095508039, -0.006804270204156637, -0.0006304249400272965, -0.0011337681207805872, -0.026951288804411888, -0.0033506378531455994, -0.008305993862450123, 0.008631588891148567, 0.024532582610845566, 0.013389261439442635, 0.014764734543859959, -0.0032941570971161127, 0.009701400995254517, 0.005412185564637184, -0.0035217413678765297, -0.04364301264286041, -0.010997135192155838, -0.0247186366468668, 0.0036745716352015734, 0.01509697362780571, 0.0028805185575038195, -0.02538311667740345, 0.0545404776930809, -0.004329083953052759, -0.017954235896468163, -0.02555588074028492, -0.014698286540806293, 0.01411354448646307, 0.012346029281616211, 0.026579178869724274, -0.014778023585677147, 0.00798704382032156, 0.00013860626495443285, -0.036121103912591934, -0.0037709211464971304, 0.002697786781936884, -0.012425766326487064, -0.03168238326907158, -0.03386187553405762, -0.020319782197475433, -0.01662527769804001, -0.03364923968911171, 0.003853981150314212, -0.013236431404948235, -0.029130781069397926, 0.023030858486890793, 0.012771295383572578, 0.014990657567977905, 0.003950330428779125, -0.004259313456714153, 0.026246940717101097, 0.0029170650523155928, 0.005455376580357552, -0.006664729211479425, 0.0017857886850833893, -0.029024465009570122, 0.01570829562842846, -0.0033290423452854156, 0.0008696375298313797, -0.004232734441757202, -0.002425350248813629, -0.007422235794365406, -0.017130281776189804, -0.003830724162980914, -0.010412394069135189, 0.0015656797913834453, -0.018220027908682823, 0.007043482735753059, 0.01328294537961483, 0.019881226122379303, -0.022605592384934425, 0.005202874541282654, 0.02026662416756153, -0.0030964743345975876, -0.007827568799257278, -0.02231322042644024, 0.006541800685226917, -0.008844221942126751, 0.00908343493938446, 0.0012334400089457631, 0.0015673410380259156, 0.00039245819789357483, 0.024838242679834366, -0.03519083559513092, 0.010445617139339447, -0.011728063225746155, 0.004349018447101116, 0.01623987965285778, 0.013256365433335304, 0.005837452132254839, -0.0018273185705766082, -0.014724865555763245, -0.02000083215534687, -0.039230868220329285, 0.020558996126055717, 0.018711742013692856, -0.03053947724401951, 0.02292454242706299, -0.025263510644435883, -0.026419704779982567, -0.02599443681538105, 0.0017210019286721945, -0.009003696963191032, 0.02862577699124813, 0.0027393167838454247, -0.011435692198574543, -0.022074008360505104, -0.01126957219094038, 0.0037642763927578926, 0.020293204113841057, 0.010332656092941761, 0.008133228868246078, -0.0009842602303251624, -0.01877819001674652, -0.0010889157420024276, -0.01168154925107956, -0.005016820039600134, -0.032798707485198975, -0.028120772913098335, -0.0020748372189700603, 0.010100088082253933, 0.019243326038122177, -0.006060053128749132, -0.0043058269657194614, -0.012651689350605011, 0.02263217233121395, -0.0080269118770957, -0.020120438188314438, -0.011874248273670673, -0.022964410483837128, 0.0045948754996061325, 0.015827901661396027, 0.046194612979888916, -0.013555381447076797, -0.006322522182017565, 0.010093443095684052, -0.0020482579711824656, -0.0022824869956821203, 0.01631961576640606, 0.008040201850235462, -0.019535696133971214, 0.012159974314272404, 0.007561776787042618, -0.002596453530713916, -0.0007994518964551389, -0.005824162624776363, -0.012857678346335888, -0.02047925814986229, 0.010226339101791382, -0.03152290731668472, -0.004834088496863842, -0.029662365093827248, -0.02292454242706299, -0.013083601370453835, -0.020014122128486633, 0.003814112162217498, -0.014738155528903008, -0.030778689309954643, 0.010638317093253136, 0.007933884859085083, 0.00853191688656807, -0.00923626497387886, 0.0009551892871968448, 0.010791147127747536, 0.018313053995370865, 0.0017126959282904863, -0.010565224103629589, -0.029795261099934578, -0.0010307738557457924, 0.005375639069825411, -0.014326177537441254, 0.008438889868557453, 0.0025100712664425373, 0.0044420454651117325, -0.0026662240270525217, -0.0016553845489397645, 0.0030283653177320957, 0.02753603085875511, -0.041330624371767044, -0.003398812608793378, 0.015296317636966705, -0.030964743345975876, 0.010246274061501026, -0.023044148460030556, -0.012060302309691906, -0.03763611987233162, 0.010007061064243317, 0.0016105321701616049, -0.03325055539608002, -0.012944060377776623, -0.014804602600634098, -0.03348976746201515, -0.0145521005615592, -0.006884007714688778, 0.02297770045697689, 0.004259313456714153, 0.011083518154919147, 0.010644961148500443, -0.024652188643813133, -0.0309913232922554, 0.005292579066008329, 0.026366546750068665, 0.007993687875568867, 0.01533618662506342, 0.021436108276247978, 0.015043815597891808, 0.013037087395787239, -0.004189542960375547, 0.026074174791574478, 0.019176878035068512, -0.041197728365659714, 0.016465801745653152, 0.008565140888094902, -0.006850783713161945, 0.007202957756817341, 0.010658251121640205, -0.00993396807461977, 0.019881226122379303, -0.025662198662757874, -0.004797542002052069, -0.022206904366612434, -0.027908138930797577, -0.028785251080989838, 0.031124219298362732, -0.013887621462345123, 0.0005884796264581382, -8.70052826940082e-05, -0.013768015429377556, 0.01465841755270958, -0.009183106943964958, 0.02305743843317032, -0.0012168281245976686, -0.018671873956918716, 0.0068972972221672535, -0.024745216593146324, 0.013861042447388172, -0.02307072840631008, -0.0005951244384050369, -0.020412810146808624, -0.0032194030936807394, -0.0038905274122953415, 0.018977534025907516, -0.009189750999212265, -0.011781221255660057, 0.01790107786655426, 0.010817726142704487, 0.014312888495624065, -0.015854479745030403, -0.017435941845178604, 0.00019570997392293066, -0.040506668388843536, 0.00025520165218040347, 0.0217151902616024, 0.0030350100714713335, 0.016598697751760483, -0.0025482787750661373, -0.009727980010211468, 0.004707837011665106, -0.031124219298362732, -0.031602643430233, 0.0017010675510391593, 0.003996843937784433, -0.025848252698779106, -0.01479131355881691, -0.019017403945326805, -0.0263532567769289, -0.0027492837980389595, 0.004368952475488186, 0.003947008401155472, 0.020798208191990852, -0.0067045981995761395, 0.017794759944081306, -0.0045583294704556465, 0.021157026290893555, -0.016824619844555855, -0.015003946609795094, -0.006096599157899618, -0.014778023585677147, 0.013189917430281639, -0.02118360623717308, -0.01859213598072529, 0.011581877246499062, 0.012552017346024513, 0.0010424022329971194, 0.0011611778754740953, -0.018698452040553093, 0.003118070075288415, -0.016465801745653152, 0.02004070207476616, -0.030273685231804848, -0.01921674609184265, 0.02889156900346279, -0.014086965471506119, -0.0020515804644674063, 0.02319033443927765, 0.003284189850091934, 0.0024751860182732344, 0.01492420956492424, 0.006551767699420452, -0.00250508775934577, -0.02021346613764763, -0.00693716574460268, 0.019283194094896317, 0.02398771047592163, 0.00013746420154348016, -0.028944727033376694, -0.010704764164984226, -0.002099755220115185, -0.02297770045697689, 0.013648408465087414, -0.011807800270617008, -0.010890819132328033, 0.006751111708581448, 0.018964244052767754, 0.008565140888094902, 0.00925619900226593, -0.012140040285885334, -0.013967358507215977, -0.02511732466518879, 0.005196229554712772, -0.0036048011388629675, -0.01996096409857273, -0.021648742258548737, 0.02187466435134411, 0.016226589679718018, 0.01370156742632389, -0.022685330361127853, 0.030752111226320267, -0.019761620089411736, -0.00011763363727368414, 0.005418830085545778, 0.014857761561870575, 0.035509783774614334, 0.0038905274122953415, -0.018352923914790154, 0.020186886191368103, -0.012007144279778004, 0.028041034936904907, -0.00023672082170378417, -0.009169816970825195, -0.0018024005694314837, 0.0017525646835565567, -0.007953819818794727, 0.005352382082492113, -0.012253002263605595, -0.0303800031542778, 0.012684913352131844, 0.014950788579881191, 0.009289423003792763, 0.031602643430233, 0.002139623975381255, 0.004794219508767128, -0.016386063769459724, -0.016439221799373627, -0.020147018134593964, 0.01719672977924347, 0.021250054240226746, -0.024147184565663338, -0.010757923126220703, 0.002925371052697301, -0.010924043133854866, 0.010824371129274368, 0.025888120755553246, -0.015256448648869991, -0.005392251070588827, 0.01387433148920536, -0.023788366466760635, -0.005375639069825411, -0.026313388720154762, -0.015455792658030987, -0.007402301300317049, 0.021901244297623634, -0.01302379835397005, 0.01803397387266159, 0.006864073220640421, -0.002139623975381255, -0.006824204232543707, 0.0017409363063052297, -0.0032858510967344046, 0.00800697784870863, 0.004917148035019636, -0.0025383117608726025, 0.011953986249864101, -0.012073592282831669, 0.012791230343282223, -0.0003162507200613618, -0.009575149044394493, -0.0065949587151408195, 0.011860959231853485, -0.01847252994775772, 0.007688027806580067, 0.009183106943964958, -0.023309940472245216, 0.008252834901213646, -0.007521907798945904, 0.00766809331253171, -0.021954402327537537, -0.01317662838846445, -0.005418830085545778, -0.036519791930913925, -0.006824204232543707, -0.00827276986092329, -0.026300098747015, -0.0217151902616024, 0.010970556177198887, 0.00529590155929327, 0.013130114413797855, 0.016877779737114906, 0.2326209843158722, -0.008850866928696632, 0.00625939667224884, 0.031097639352083206, -0.009827652014791965, 0.005787616595625877, -0.008093359880149364, 0.03024710714817047, -0.01047884114086628, -0.0031895015854388475, -0.010312722064554691, 0.004794219508767128, -0.024439556524157524, 0.000843888963572681, 0.0225790124386549, 0.013183273375034332, -0.02612733282148838, -0.03601478785276413, -0.012545372359454632, -0.0250242967158556, -0.0029303545597940683, -0.018977534025907516, 0.020838076248764992, -0.011103452183306217, 0.02101084217429161, 0.035164255648851395, -0.017648575827479362, -0.0009061839082278311, 0.01667843572795391, 0.017356203868985176, -0.009296067990362644, -0.011774576269090176, -0.01786120794713497, 0.022485986351966858, -0.002064869971945882, 0.00013528387353289872, -0.01891108602285385, 0.00495701702311635, -0.002176170237362385, 0.029343415051698685, -0.011894183233380318, -0.01017318107187748, 0.02708418481051922, -0.017223307862877846, -0.0013430791441351175, 0.02319033443927765, 0.01740936189889908, -0.020838076248764992, 0.024439556524157524, 0.013674987480044365, -0.016558829694986343, -0.024147184565663338, 0.018193447962403297, 0.03548320382833481, 0.0030051085632294416, -0.010345946066081524, -0.010286142118275166, 0.007036837749183178, -0.015043815597891808, 0.020625444129109383, 0.0018206738168373704, 0.007588355801999569, -0.015721585601568222, 0.037396904081106186, -0.009874165058135986, 0.025090744718909264, -0.026100754737854004, 0.010538645088672638, 0.010445617139339447, -0.013263010419905186, -0.0007180531392805278, -0.03237343952059746, 0.011548653244972229, -0.030300265178084373, -0.005395573563873768, -0.017449231818318367, 0.02568877674639225, 0.01728975586593151, 0.012159974314272404, 0.014897630549967289, -0.019721752032637596, 0.01251879334449768, 0.01723659783601761, -0.001503384904935956, 0.002794136293232441, -0.015508951619267464, 0.03423398360610008, -0.023402968421578407, -0.0222733523696661, 0.023163754492998123, 0.035562943667173386, -0.02424021251499653, -0.017316335812211037, 0.002727688290178776, 0.0033888453617691994, 0.015588688664138317, -0.012831099331378937, 0.03593505173921585, -0.0201337281614542, 0.007289339788258076, -0.01358860544860363, 0.008385730907320976, 0.01286432333290577, 0.009747914038598537, -0.030486319214105606, -0.005508535075932741, 0.0018024005694314837, 0.02717721089720726, -0.013940779492259026, -0.00295859482139349, -0.004182898439466953, -0.020293204113841057, 0.00670792069286108, -0.003511774120852351, 0.009183106943964958, 0.027562608942389488, -0.016133561730384827, -0.038885340094566345, -0.006239462643861771, -0.02297770045697689, 0.003475227626040578, -0.016492381691932678, 0.00853191688656807, 0.006315877661108971, -0.005143071059137583, -0.002692803042009473, -0.005279289558529854, 0.01291083637624979, 0.004468624480068684, -0.01698409579694271, 0.02673865482211113, -0.014751444570720196, -0.009701400995254517, 0.0034552933648228645, -0.02332323044538498, 0.014126833528280258, 0.004229411948472261, -0.02769550494849682, -0.021808216348290443, 0.00842559989541769, 0.011934051290154457, 0.0038107899017632008, 0.010286142118275166, -0.006415549665689468, 0.006943810731172562, -0.011588522233068943, 0.04109141230583191, 0.018366213887929916, -0.030698953196406364, -0.012744716368615627, -0.011807800270617008, 0.010000416077673435, 0.0054287975654006, -0.010943977162241936, 0.010086799040436745, -0.0014701609034091234, -0.03388845548033714, -0.027562608942389488, -0.06581004709005356, 0.00010605715942801908, -0.039230868220329285, 0.002659579273313284, 0.012718137353658676, -0.013488933444023132, -0.007761120330542326, 0.004767640493810177, -0.16914990544319153, 0.02801445499062538, -0.0016080404166132212, 0.0045383949764072895, 0.04603514075279236, 0.007927239872515202, 0.0071232202462852, -0.0062560741789639, -0.017077123746275902, -0.012000499293208122, 0.013728146441280842, 0.00152664165943861, -0.028067613020539284, 0.020545706152915955, -0.02206071838736534, 0.008771128952503204, -0.011309441179037094, 0.010751278139650822, -0.008252834901213646, 0.007648158818483353, 0.012578596360981464, -0.020558996126055717, 0.017661863937973976, -0.024479424580931664, -6.821297574788332e-05, 0.006285976152867079, 0.0032891735900193453, 0.03742348402738571, 0.010126667097210884, -0.0022990989964455366, -0.014631838537752628, -0.008618298918008804, 0.01767515391111374, 0.01170812826603651, 0.02139624021947384, 0.004189542960375547, -0.01859213598072529, -0.007442170288413763, -0.0018472529482096434, 0.03335687145590782, 0.028067613020539284, 0.019376222044229507, -0.008093359880149364, -0.0123593183234334, -0.00829270388931036, 0.003983554430305958, -0.010711409151554108, 0.023881392553448677, 0.02551601268351078, -0.02240624837577343, 0.0016321277944371104, -0.03388845548033714, -0.008226255886256695, 0.002913742559030652, -0.0031629223376512527, 0.00780098931863904, -0.011282862164080143, 0.0003594418813008815, -0.003681216388940811, 0.009116658940911293, -0.0030233815778046846, -0.012346029281616211, 0.0023406289983540773, 0.021821506321430206, -0.010033640079200268, -0.010950622148811817, 0.009568504989147186, -0.02249927632510662, -0.012013789266347885, -0.01437933649867773, -0.010844305157661438, -0.014020517468452454, -0.00871132593601942, -0.01667843572795391, 0.01374143548309803, 0.013688277453184128, -0.018352923914790154, 0.0182466059923172, -0.020638732239603996, 0.008937248960137367, -0.012060302309691906, 0.03505793958902359, -0.022286642342805862, -0.026313388720154762, -0.017661863937973976, 0.008173097856342793, -0.021170316264033318, -0.006339134182780981, 0.01183437928557396, -0.013057022355496883, 0.011608456261456013, -0.020492548123002052, 0.027429712936282158, 0.0035350308753550053, 0.014964078553020954, -0.007940529845654964, 0.008678101934492588, 0.0063059101812541485, 0.0020100504625588655, -0.004166286438703537, 0.011887538246810436, -0.0029685620684176683, -0.007648158818483353, 0.007369077764451504, 0.008930603973567486, -0.006977034732699394, 0.0019419413292780519, 0.002747622784227133, 0.00988745503127575, 0.0026346612721681595, -0.009468832984566689, -0.007076706737279892, 0.029874997213482857, 0.018060551956295967, 0.01260517630726099, -0.0035715773701667786, 0.030566057190299034, -0.021821506321430206, 0.015894349664449692, -0.00010283858136972412, 0.044174596667289734, 0.017090411856770515, 0.01675817184150219, 0.003687861142680049, 0.008585074916481972, -0.006910586729645729, -0.11705470830202103, -0.02467876859009266, 0.0061331456527113914, 0.0532115176320076, 0.002639644779264927, 0.01223306730389595, -0.01479131355881691, 0.03957640007138252, -0.019110430032014847, 0.029210519045591354, -0.019057272002100945, -0.013103535398840904, 0.00761493481695652, -0.0012326095020398498, 0.030964743345975876, -0.01667843572795391, -0.02244611643254757, -0.01724988780915737, -0.010319366119801998, 0.024120604619383812, -0.007468749303370714, -0.007395656779408455, 0.0036214131396263838, 0.0039868769235908985, 0.018804769963026047, -0.016518959775567055, 0.0003530047251842916, 0.03768927603960037, 0.020758340135216713, 0.004066614434123039, -0.004624777473509312, 0.0036280581261962652, 0.010425683110952377, -0.00840566586703062, 0.006495287176221609, -0.01807384192943573, -0.023575732484459877, -0.009043565951287746, 0.01715685985982418, -0.03545662388205528, 0.002501765266060829, 0.02323020249605179, -0.0027426390442997217, -0.033941611647605896, 0.0026961255352944136, -0.012585241347551346, -0.00557830510661006, 0.014698286540806293, 0.009634952992200851, -0.026937998831272125, 0.017794759944081306, 0.003880560165271163, -0.014498942531645298, -0.0038008226547390223, 0.013083601370453835, -0.010691475123167038, 0.028785251080989838, 0.005246065557003021, -0.045663028955459595, -0.012618465349078178, 0.015150132589042187, -0.008319282904267311, -0.004966984037309885, -0.009714690037071705, 0.0003704473201651126, -0.013442420400679111, -0.023947840556502342, 0.0003955729480367154, -0.0056214965879917145, -0.013003863394260406, -0.007269405759871006, -0.0052826120518147945, -0.005923834629356861, 0.01374143548309803, 0.0007392334518954158, -0.01286432333290577, -0.02633996680378914, -0.01623987965285778, 0.0008322605863213539, -0.00868474692106247, 0.0002778354973997921, -0.001968520460650325, 0.010817726142704487, 0.010777857154607773, 0.03580215573310852, 0.012126750312745571, -0.002837327541783452, 0.017967525869607925, -0.003963619936257601, -0.004847378004342318, 0.001503384904935956, 0.023748496547341347, 0.01807384192943573, -0.041862208396196365, -0.0020947714801877737, 0.012060302309691906, -0.009595084004104137, -0.007887371815741062, -0.010618382133543491, 0.007030193228274584, -0.022725198417901993, 0.0011345987441018224, -0.06363055855035782, 0.023881392553448677, -0.02673865482211113, -0.00037376972613856196, 0.01711699180305004, -0.010226339101791382, -0.0133028794080019, -0.021688610315322876, -0.01192740723490715, 0.022087298333644867, -0.01667843572795391, 0.02061215415596962, 0.022951122373342514, -0.02341625653207302, -0.02485153265297413, -0.011322730220854282, 0.026273518800735474, -0.020997552201151848, 0.021436108276247978, 0.016439221799373627, -0.0201337281614542, -0.007196312770247459, 0.010943977162241936, 0.02156900428235531, -0.00908343493938446, 0.009555215016007423, -0.0025266832672059536, 0.011070228181779385, 0.019057272002100945, -0.00925619900226593, 0.02875867299735546, -0.00568794459104538, 0.0015922589227557182, 0.016359485685825348, -0.0004252668877597898, -0.006109889131039381, -0.01597408764064312, 0.026592468842864037, 0.0046912250109016895, 0.04276590049266815, -0.02114373818039894, -0.028599197044968605, 0.035642679780721664, -0.00401345593854785, 0.006475352682173252, 0.011561943218111992, 0.0031629223376512527, 0.03139001131057739, -0.0045383949764072895, 0.007495328783988953, 0.01719672977924347, 0.016200009733438492, 0.0051264590583741665, -0.035828735679388046, -0.02455916255712509, -0.014605259522795677, 0.005312513560056686, 0.01746252179145813, -0.028811831027269363, -0.020067280158400536, 0.002558246022090316, 0.019402801990509033, 0.013515512458980083, -0.0011238009901717305, 0.010399104095995426, 0.013130114413797855, 0.0019984219688922167, 0.005083268042653799, 0.0019319740822538733, -0.013296234421432018, 0.0008335064630955458, -0.009136592969298363, 0.009183106943964958, 0.025768514722585678, 0.0036048011388629675, -0.01833963394165039, 0.005820840131491423, 0.006332489661872387, -0.011203124187886715, 0.0014842810342088342, 0.0012234728783369064, -0.009701400995254517, -0.019841358065605164, 0.007933884859085083, 0.019376222044229507, 0.033410027623176575, 0.0019784877076745033, 0.006352424155920744, -0.0028871633112430573, 0.021130448207259178, 0.02109057828783989, 0.003059928072616458, -0.0009850908536463976, 0.01061173714697361, -0.00879770889878273, 0.006000249646604061, -0.010910753160715103, 0.013927490450441837, -0.015110263600945473, 0.012704848311841488, -0.005408863071352243, 0.023907972499728203, -0.02406744658946991, -0.013821173459291458, 0.004382242448627949, 0.01807384192943573, -0.02490469068288803, -0.026180492714047432, -0.00224261824041605, 0.006491964682936668, 0.007707962300628424, 0.013621829450130463, -5.7986217143479735e-05, 0.02656589075922966, 0.005176295060664415, 0.031921595335006714, 0.010977201163768768, -0.02875867299735546, -0.005236098542809486, 0.04215458035469055, 0.01150878518819809, 0.021250054240226746, -0.007495328783988953, 0.0005967856268398464, 0.024758506566286087, 0.0241073165088892, 0.0002165787882404402, -0.013488933444023132, -0.025130614638328552, -0.010007061064243317, 0.01505710557103157, -0.00623614015057683, 0.0055251470766961575, -0.018392791971564293, -0.007202957756817341, 0.02236638031899929, -0.015389344654977322, 0.03566925972700119, -0.03436687961220741, 0.004857345018535852, 0.020186886191368103, -0.00406993692740798, 0.009276133961975574, 0.019801488146185875, 0.022246774286031723, -0.0006856597610749304, 0.009309357963502407, 0.003039993578568101, -0.00591718964278698, -0.00032393375295214355, -0.012565307319164276, 0.002601437270641327, -0.03120395727455616, -0.004455334972590208, -0.015176711603999138, -0.00261971028521657, 0.012133395299315453, -0.004053324926644564, -0.007528552785515785, -0.0008837577188387513, -0.008299348875880241, 0.017661863937973976, 0.023389678448438644, -0.018831348046660423, -0.026685496792197227, 0.03449977561831474, -0.011920762248337269, -0.019203457981348038, -0.022645460441708565, 0.019509118050336838, 0.011734708212316036, -0.019642014056444168, -0.003760953899472952, 0.024120604619383812, 0.00326093309558928, -0.017276465892791748, 0.0001444204681320116, -0.014910919591784477, -0.010684830136597157, -0.02459903061389923, 0.0006208730046637356, -0.03269239142537117, -0.021728480234742165, 0.029742101207375526, -0.012831099331378937, -0.004737738985568285, 0.019190168008208275, -0.027908138930797577]"
U9306,N4099 N17953 N29177 N53636 N43295 N58936 N7714 N58226 N6167 N7442 N64742 N38939 N55805 N59546 N21117 N13008 N38824 N61432 N14644 N32893 N44495 N28081 N31896 N3508 N33617 N44399 N33998 N16290 N38659 N10865 N33969 N40912 N34522 N5290 N64185 N62904 N27094 N48038 N47558 N9899 N19630 N25577 N31193 N32020 N47729 N18030 N38298 N11101 N59053 N2805 N64775 N51299 N16292 N43524 N18275 N21177 N20592 N5663 N17990 N45794 N17966 N56486 N53531 N43175 N57789 N32312 N32402 N50671 N34920 N21019 N30698 N31801 N5521 N26714 N28074 N61249 N8201 N48076 N63709 N306 N53596 N61535 N41298 N4526 N60714 N40640 N40871 N23105 N28359 N39017 N30190 N8448 N28088 N51821 N39670 N13138 N2937 N36530 N1843 N5283 N14761 N42128 N19660 N51376 N32748 N18360 N60713 N57239 N37897 N60702 N55911 N44867 N25078 N52136 N62211 N42330 N14938 N62306 N61880 N29857 N10073 N20020,"[-0.01301276683807373, -0.02198120392858982, 0.01382688619196415, -0.02802143804728985, -0.03852619603276253, 0.005554390139877796, -0.009277013130486012, 0.005485452711582184, -0.009565893560647964, -0.014588480815291405, 0.04301697760820389, 0.005426363553851843, -0.02467304654419422, 0.0040837242268025875, -0.006335681304335594, -0.025355856865644455, 0.026275021955370903, -0.011922898702323437, -0.023937713354825974, -0.028651723638176918, -0.01867220550775528, 0.022125642746686935, -0.04012817144393921, 0.01454908773303032, 0.005153896287083626, 0.008239668793976307, 0.004169075284153223, -0.013354171998798847, 0.015560170635581017, -0.0061387172900140285, -0.012684493325650692, -0.0015486308839172125, -0.0072876750491559505, 0.00871238298714161, -0.034324292093515396, -0.026012403890490532, 0.002463693730533123, -0.0020106760784983635, -0.003108751494437456, 0.017621729522943497, 0.024541737511754036, -0.010432536713778973, 0.0039589800871908665, -0.0003684871771838516, -0.029203223064541817, 0.00843006744980812, 0.01256631501019001, -0.028677985072135925, -0.026458855718374252, 0.00875177513808012, 0.027601247653365135, 0.028231533244252205, -0.03997059911489487, -0.013360736891627312, -0.010872422717511654, 0.007366460748016834, -0.0012917567510157824, 0.019368145614862442, -0.015087456442415714, -0.006243764888495207, -0.008640162646770477, 0.0028806012123823166, -0.03393036499619484, 0.024699309840798378, -0.002649168251082301, 0.002202716190367937, 0.00014485073916148394, 0.010708286426961422, -0.01588844507932663, -0.017096491530537605, 0.012901154346764088, 0.01633489690721035, 0.019591370597481728, -0.0328536257147789, 0.003499397076666355, -0.02190241776406765, -0.025644736364483833, 0.017385372892022133, -0.02074689418077469, 0.015166242606937885, 0.02182363159954548, -0.0032876606564968824, -0.00012474397954065353, 0.02585483156144619, -0.01324255857616663, 0.007300805766135454, -0.02242765575647354, 0.00738615682348609, 0.001795656862668693, 0.013564267195761204, 0.0019581522792577744, 0.0023832665756344795, -0.004228164441883564, 0.030647628009319305, -0.009546197950839996, 0.006434163544327021, -0.04517045244574547, 0.0445401668548584, 0.02037922851741314, -0.009513369761407375, 0.012638535350561142, 0.0020451447926461697, -0.024646785110235214, -0.005987711250782013, 0.014233944937586784, -0.025867963209748268, -0.0031284478027373552, -0.013439523056149483, 0.004612244665622711, -0.022007465362548828, 0.02702348679304123, 0.004185488913208246, 0.027574986219406128, -0.03185567632317543, -0.021429702639579773, 0.010557280853390694, -0.004306950140744448, -0.022322608157992363, 0.025526558980345726, -0.02433164231479168, 0.0160591471940279, 0.01068858988583088, 0.013006201945245266, 0.0013795699924230576, 0.004631941206753254, 0.009224489331245422, 0.005009455606341362, -0.013538004830479622, 0.0048059262335300446, 0.0014427626738324761, 0.034797005355358124, 0.01377436239272356, 0.04012817144393921, 0.01822575367987156, -0.003853932488709688, -0.004073875956237316, -0.014693528413772583, 0.03516467288136482, -0.007005359511822462, -0.011857244186103344, 0.007156365551054478, 0.0058301398530602455, -0.020444883033633232, -0.003338542999699712, 0.0008805940742604434, 0.01535007543861866, 0.007077579852193594, 0.002442355966195464, 0.008154317736625671, -0.0002946255845017731, 0.016019754111766815, 0.0020845376420766115, -0.01705709844827652, -0.006004124879837036, 0.00014905675197951496, 0.02110143005847931, -0.015192504040896893, 0.0047402712516486645, 0.00500617315992713, -0.02494879625737667, -0.02010347880423069, 0.019368145614862442, 0.0012638535117730498, 0.02002469263970852, 0.01189663726836443, 0.02072063274681568, -3.541764817782678e-05, -0.02020852640271187, 0.0017858085921034217, -0.0014903623377904296, 0.0013664390426129103, 0.004523610696196556, 0.002079613506793976, 0.023294297978281975, 0.014877361245453358, 0.017831824719905853, -0.008423501625657082, -0.02280845306813717, -0.05394192412495613, -0.009395191445946693, -0.007891698740422726, 0.04335838183760643, 0.012087035924196243, 0.026997225359082222, 0.013006201945245266, -0.008856822736561298, -0.0014411213342100382, -0.00031575822504237294, 0.015245027840137482, -0.032984934747219086, -0.013249124400317669, -0.0017185125034302473, 0.000851870106998831, -0.024108417332172394, -0.6567574143409729, -0.0036766647826880217, -0.0030529447831213474, 0.012769844383001328, 0.003739036852493882, -0.0036175756249576807, 0.014115766622126102, 0.02540837973356247, -0.02090446650981903, 0.0006631127907894552, 0.022664012387394905, -0.002836284227669239, -0.007267978508025408, -0.005918773822486401, 0.0135511364787817, -0.019722681492567062, -0.0034731351770460606, 0.0010816616704687476, -0.005432928912341595, 0.0330374613404274, -0.0430695004761219, 0.021508488804101944, 0.020484276115894318, 0.018094442784786224, 0.013905671425163746, 0.007399288006126881, 0.00820684153586626, -0.020668108016252518, -0.010721417143940926, -0.010524452663958073, 0.0048879943788051605, 0.0019565108232200146, 0.008331584744155407, -0.0022256954107433558, 0.05278640240430832, 0.017477288842201233, -0.006217502988874912, 0.0033057155087590218, 0.0006951194372959435, 0.034875791519880295, 0.034613173454999924, 0.004293819423764944, 0.007648775819689035, -0.005134199745953083, -0.01018304843455553, -0.01876412145793438, 0.013111249543726444, 0.016032883897423744, -0.0011391096049919724, 0.011318875476717949, -0.005537976510822773, 0.014247076585888863, -0.022493310272693634, 0.02110143005847931, -0.014864230528473854, 0.015231897123157978, 0.014969278126955032, -0.015258158557116985, 0.004815774504095316, -0.004467804450541735, 0.006667237728834152, 0.0007275364478118718, -0.019420668482780457, -0.012402178719639778, -0.00020301673794165254, 0.03618888556957245, -0.021298393607139587, 0.008850257843732834, 0.03188193589448929, -0.01731971837580204, -0.015744004398584366, 0.03251222148537636, -0.020668108016252518, 0.0077012996189296246, 0.016374289989471436, 0.016623778268694878, 0.014128897339105606, -0.00852854922413826, -0.02980724722146988, 0.005531410686671734, -0.024042760953307152, -0.004405432380735874, -0.028389105573296547, 0.008325019851326942, 0.010471928864717484, 0.015507646836340427, -0.019722681492567062, 0.008679554797708988, -0.006670520640909672, 0.010419405065476894, 0.0276537723839283, 0.031015293672680855, -0.002112440997734666, -0.010320923291146755, -0.0034403076861053705, 0.00043250052840448916, -0.017201539129018784, -0.01910552568733692, 0.02072063274681568, 0.010603238828480244, 0.02280845306813717, 0.005357425659894943, 0.0020664825569838285, -0.006329115945845842, 0.009139138273894787, -0.001574892783537507, -0.021757977083325386, 0.0017677536234259605, 0.031908199191093445, -0.00267050601541996, -0.014312731102108955, 0.004129682667553425, 0.011909767985343933, -0.021022643893957138, -0.02936079539358616, -0.02666895091533661, -0.005583934485912323, -0.008771471679210663, 0.004796077962964773, -0.03374652937054634, 0.016807610169053078, 0.006686934269964695, 0.010130524635314941, -0.009585590101778507, 0.0019236835651099682, 0.011450184509158134, -0.008390674367547035, -0.0268265213817358, -0.0038440844509750605, 0.015048064291477203, 0.011634018272161484, 0.03374652937054634, 0.011358268558979034, 0.008436632342636585, 0.014325861819088459, 0.008016441948711872, 0.0016906092641875148, -0.006352094933390617, 0.00659501738846302, -0.0192105732858181, 0.0006109992973506451, -0.005383687559515238, 0.007392722647637129, -0.0006799367838539183, 0.0037948433309793472, -0.030726412311196327, -0.012559749186038971, -0.0067361751571297646, -0.043227072805166245, 0.009946691803634167, -0.006063214037567377, 0.008390674367547035, -0.0029134287033230066, -0.002463693730533123, 0.0025867964141070843, 0.0020681240130215883, 0.0010283171432092786, -0.010419405065476894, 0.0005104655283503234, -0.023714488372206688, 0.013386999256908894, 0.022033726796507835, -0.018002526834607124, -0.019158050417900085, -0.00852854922413826, -0.004963497631251812, 0.02072063274681568, -0.0165187306702137, -0.014076373539865017, -0.013268820941448212, 0.019945906475186348, -0.02146909572184086, 0.026406332850456238, 0.007556859403848648, 0.028572937473654747, -0.0013237635139375925, 0.004431694280356169, 0.009349233470857143, -0.01751668192446232, -0.00789826363325119, 0.0037324712611734867, 0.0013270461931824684, -0.010905250906944275, -0.015323814004659653, 0.017647990956902504, 0.014260207302868366, 0.02817901037633419, 0.02423972636461258, -0.007359894923865795, 0.04094228893518448, -0.001131723402068019, -0.004950366448611021, 0.011417357251048088, -0.007432115264236927, 0.004320081323385239, 0.02880929596722126, 0.009171965532004833, -0.018357062712311745, -0.02817901037633419, 0.007202323991805315, -0.0002913428470492363, 0.013905671425163746, 0.017004575580358505, 0.014207683503627777, -0.013682445511221886, -0.018698466941714287, -0.012435005977749825, -0.025066975504159927, 0.031908199191093445, 0.016085408627986908, 0.0009536349098198116, -0.002463693730533123, -0.01876412145793438, -0.014299600385129452, -0.006457142531871796, 0.009467411786317825, -0.007123538292944431, -0.013380433432757854, -0.0009208075935021043, 0.015757134184241295, -0.009854774922132492, 0.013511743396520615, 0.022059988230466843, 0.0186590738594532, -0.01189007144421339, 0.0022913499269634485, 0.002480107359588146, -0.011384529992938042, -0.008843692019581795, -0.002470259089022875, 0.014811706729233265, 0.02287410758435726, 0.0008855181513354182, 0.02531646378338337, -7.514388562412933e-05, -0.0016471130074933171, -0.000983179546892643, -0.009073483757674694, 0.025382118299603462, -0.02954462729394436, -0.00329750869423151, 0.025066975504159927, 0.02962341345846653, 0.007084145210683346, 0.009421453811228275, -0.019171180203557014, 0.04272809624671936, 0.0020878203213214874, 0.012454702518880367, 0.0036175756249576807, 0.017201539129018784, 0.009257316589355469, -0.0024768246803432703, 0.004100137855857611, -0.01278954092413187, -0.0162429790943861, 0.027496200054883957, 0.007510900963097811, 0.01982772722840309, 0.029833508655428886, 0.01449656393378973, -0.01805504970252514, -0.008193709887564182, -0.017359109595417976, 0.0046582031063735485, 0.014338992536067963, 0.01776617020368576, 0.019315620884299278, -0.001481334795244038, 0.01598036102950573, -0.007963919080793858, -0.018199490383267403, 0.008049270138144493, 0.0003389425401110202, 0.027863867580890656, 0.01086585782468319, -0.024554869160056114, -0.006913443095982075, 0.020510537549853325, -0.002117364900186658, -0.013032463379204273, -0.04238669201731682, 0.0162429790943861, 0.02557908184826374, -0.01991964504122734, -0.010846161283552647, 0.026813391596078873, 0.0050849588587880135, -0.022086251527071, 0.019223704934120178, -0.030227437615394592, 0.034429341554641724, -0.047901690006256104, 0.005377122201025486, -0.008613900281488895, -0.019053002819418907, 0.020628714933991432, -0.009073483757674694, 0.030306223779916763, -0.007366460748016834, 0.0016528577543795109, -0.005488735157996416, -0.019814597442746162, -0.02199433371424675, 0.04369978606700897, 0.014522826299071312, -0.01704396679997444, -0.015021801926195621, 0.01839645579457283, 0.0036110100336372852, 0.005367273930460215, -0.009638113901019096, -0.03574243560433388, 0.02091759629547596, -0.0029331250116229057, 0.0029183526057749987, -0.03928779065608978, 0.003295867471024394, 0.012999636121094227, -0.002724671270698309, -0.018895430490374565, -0.031199127435684204, -0.02487001195549965, -0.009684072807431221, 0.14223439991474152, -0.004661485552787781, -0.00196307641454041, 0.005846553482115269, 0.030306223779916763, -0.0072220200672745705, -0.01831766963005066, 0.007136669009923935, -0.017083359882235527, -0.02943957969546318, -0.03062136471271515, -0.010695155709981918, 0.028389105573296547, 0.01040627434849739, 0.026550771668553352, 0.01607227697968483, -0.006617996841669083, -0.01579652726650238, 0.028073962777853012, -0.0044973487965762615, -0.012894588522613049, -0.015323814004659653, 0.006017256062477827, 0.007819478400051594, 0.03125165030360222, -0.008141186088323593, 0.017070230096578598, 0.01840958558022976, -0.00025687413290143013, 0.00437588756904006, -0.0013976250775158405, -0.0016824024496600032, 0.006608148571103811, 0.01758233644068241, 0.021679190918803215, -0.013111249543726444, 0.010793637484312057, 0.005039000418037176, -0.008672989904880524, -0.021784238517284393, 0.01867220550775528, -0.009395191445946693, -0.02181050181388855, -0.019617633894085884, -0.000352278642822057, -0.013459219597280025, -0.01758233644068241, 0.0186590738594532, 0.00015059552970342338, -0.01876412145793438, 0.03616262599825859, 0.00630613649263978, 0.0020599171984940767, -0.015455123037099838, 0.017385372892022133, 0.014115766622126102, 0.0033286947291344404, -0.007418984547257423, -0.0003098082379437983, 0.002465335186570883, -0.031172866001725197, -0.018146967515349388, -0.0005330343265086412, -6.934780685696751e-05, -0.013682445511221886, -0.029833508655428886, -0.029465842992067337, -0.01422081422060728, -0.013629921711981297, -0.024436689913272858, 0.008062400855123997, -0.024843748658895493, -0.0022355434484779835, 0.0039031736087054014, 0.02181050181388855, 0.015061195008456707, 0.012480963952839375, -0.0017168711638078094, 0.04640476405620575, 0.00307264132425189, 0.014194552786648273, -0.02460739202797413, -0.007130103651434183, -0.015402599237859249, -0.003614292945712805, 0.021508488804101944, 0.009303275495767593, -0.021521620452404022, -0.011364833451807499, 0.007136669009923935, -0.01319003477692604, 0.004467804450541735, 0.011522404849529266, -0.02388519048690796, -0.0019236835651099682, 0.004073875956237316, 0.007931090891361237, 0.007537162862718105, -0.001536320662125945, 0.007215454708784819, 0.013721838593482971, 0.00030632034759037197, 0.0077012996189296246, 0.0110431257635355, 0.011233524419367313, -0.008942173793911934, -0.014444040134549141, 0.005544541869312525, -0.006059931591153145, 0.006201089359819889, 0.0048945602029562, -0.024200333282351494, -0.0033812185283750296, -0.011364833451807499, 0.010176482610404491, 0.0022568812128156424, -0.002110799541696906, 0.006686934269964695, 0.008239668793976307, 0.009270447306334972, 0.008909346535801888, -0.01377436239272356, 0.02262461930513382, 0.04858449846506119, -0.006663954816758633, 0.0006614713929593563, -0.010399709455668926, -0.019959038123488426, -0.017923740670084953, 0.010892119258642197, 0.004405432380735874, 0.029308270663022995, -0.0015043140156194568, -0.02270340546965599, -0.020077215507626534, -0.020694371312856674, -0.01278954092413187, 0.010209310799837112, -0.016558121889829636, -0.002573665464296937, -0.012645101174712181, 0.001002055243588984, 0.003062793053686619, -0.017726777121424675, -0.006742740515619516, -0.028231533244252205, -0.001189171220175922, 0.0075305975042283535, -0.006112455390393734, 0.014890492893755436, 0.007510900963097811, -0.015231897123157978, -0.015441992320120335, 0.0025063692592084408, -0.026012403890490532, -0.01884290762245655, -0.0027263127267360687, -0.01859341934323311, 0.0033007916063070297, 0.007366460748016834, 0.0482693575322628, -0.00046943131019361317, 0.010557280853390694, 0.0054985834285616875, 0.0034140460193157196, 0.013682445511221886, -0.004966780077666044, 0.00023020189837552607, 0.01868533529341221, 0.023543786257505417, 0.02844162844121456, 0.0025260658003389835, 0.02539524994790554, -0.007885132916271687, -0.01018304843455553, -0.009290143847465515, -0.011502708308398724, -0.0271022729575634, -0.010045173577964306, 0.00500617315992713, -0.02576291561126709, -0.023845797404646873, -0.016558121889829636, 0.01234308909624815, -0.04327959567308426, -0.014194552786648273, 0.011187565512955189, -0.0015666859690099955, 0.002112440997734666, -0.0027197471354156733, 0.02154788188636303, -0.003259757300838828, 0.0017365675885230303, 0.005938470363616943, -0.008896215818822384, -0.008331584744155407, -0.01704396679997444, 0.005318033043295145, -0.002949538640677929, 0.012375916354358196, 0.011056256480515003, 0.016151063144207, -0.0332212932407856, 0.014641004614531994, -0.00898156687617302, 0.03660907596349716, -0.007970483973622322, 0.005620044656097889, 0.01535007543861866, -0.01901360973715782, -0.011732500046491623, -0.04774411767721176, -0.005593782756477594, -0.035506077110767365, 0.0010964339599013329, 0.015336944721639156, 0.017897479236125946, 0.004031200427561998, -0.028389105573296547, -0.008338150568306446, 0.010084566660225391, -0.0077603887766599655, 0.00790482945740223, -0.016676301136612892, 0.007576555944979191, 0.011003732681274414, 0.0010266758035868406, -0.013879409991204739, 0.011318875476717949, 0.0052556609734892845, 0.014247076585888863, 0.014417778700590134, 0.049424879252910614, 0.006769002415239811, -0.004402149468660355, 0.01377436239272356, 0.01805504970252514, -0.00563317583873868, -0.027154795825481415, 0.019341882318258286, 0.015389468520879745, -0.0006434163660742342, -0.021259000524878502, -0.031540531665086746, -0.011798154562711716, -0.006010690238326788, -0.0034961143974214792, 0.010117393918335438, 0.004645071923732758, -0.0427018366754055, -0.006437445990741253, 0.01850150339305401, -0.0060730623081326485, 0.006352094933390617, 0.008902781642973423, 0.002222412498667836, 0.038815077394247055, -0.023451868444681168, 0.004746837075799704, -0.0010890478733927011, -0.002460411051288247, 0.012283999472856522, -0.0014041905524209142, 0.023136725649237633, -0.012126428075134754, 0.012894588522613049, -0.033352602273225784, 0.0003898249415215105, 0.014785445295274258, 0.014417778700590134, -0.02387205883860588, -0.01580965891480446, 0.013945064507424831, -0.0015822789864614606, 0.012513791210949421, 0.006723044440150261, -0.018619680777192116, -0.019499454647302628, -0.009526501409709454, 0.0024046043399721384, 0.0017825259128585458, 0.0005330343265086412, -0.009408323094248772, -0.010550715029239655, -0.00367009942419827, -0.004727140534669161, -0.027706295251846313, -0.007799781858921051, 0.021784238517284393, 0.015218766406178474, -0.015940967947244644, -0.020970121026039124, -0.0003044737968593836, -0.003834236180409789, -0.01903987117111683, 0.02388519048690796, -0.006315984763205051, 0.015665218234062195, -0.01724093221127987, 0.02656390331685543, -0.03590000420808792, -0.00529505405575037, -0.019867120310664177, -0.0018022223375737667, -0.0135511364787817, -0.003203950822353363, 0.02251957170665264, -0.03041127137839794, -0.01633489690721035, -0.01759546808898449, -0.000999593292362988, 0.00011181821173522621, 0.015376337803900242, -0.019591370597481728, 0.00693313917145133, -0.007366460748016834, 0.003281095065176487, -0.00437917048111558, 0.012172386981546879, 0.04451390728354454, -0.03366774320602417, -0.016098540276288986, 0.028677985072135925, 0.007327067665755749, -0.019880251958966255, 0.003981959540396929, 0.009986083954572678, 0.005606913939118385, -0.029649674892425537, 0.006893746554851532, 0.006847788114100695, 0.03256474435329437, -0.012014815583825111, -0.024975059553980827, -0.012874891981482506, 0.012073904275894165, -0.024108417332172394, 0.008817429654300213, -0.0048289052210748196, -0.0069790976122021675, 0.02370135672390461, 0.015245027840137482, 0.02261148951947689, -0.002614699536934495, 0.0046220929361879826, -0.009263882413506508, 0.011029994115233421, -0.0020812549628317356, -0.0031941025517880917, -0.016374289989471436, -0.0391564816236496, 0.02584170177578926, -0.006020538508892059, -0.008837126195430756, -0.016715694218873978, -0.0001632135536056012, -0.035952530801296234, -0.004608961753547192, -0.016715694218873978, 0.0020418621134012938, 0.022125642746686935, 0.023005416616797447, 0.01309811882674694, 0.024187201634049416, 0.017201539129018784, 0.007865436375141144, -0.02505384385585785, -0.004635223653167486, 0.026852784678339958, -0.04390988126397133, -0.00835128128528595, 0.0009971312247216702, -0.01793687231838703, -0.005938470363616943, -0.015547039918601513, -0.0032531917095184326, 0.00545590789988637, 0.00028764977469109, -0.017122752964496613, -0.01722780056297779, -0.003284377744421363, 0.012159256264567375, -0.0033434671349823475, -0.0010759169235825539, 0.025539688766002655, -0.025605345144867897, -0.013288517482578754, 0.007648775819689035, -0.0025063692592084408, -0.0013065291568636894, 0.02548716589808464, 0.001726719317957759, 0.005035717505961657, -0.009743161499500275, -0.0012917567510157824, -0.01562582515180111, 0.024699309840798378, -0.02925574779510498, 0.01633489690721035, 0.01587531343102455, -0.01036031637340784, 0.004057462327182293, 0.011568362824618816, 0.0025145760737359524, -0.01984085887670517, -0.011830981820821762, 0.00870581716299057, 0.0029446145053952932, -0.00177760177757591, -0.011850678361952305, 0.00563317583873868, -0.010675459168851376, 0.02467304654419422, -0.00028990666032768786, 0.009900732897222042, -0.00039413353078998625, -0.0216266680508852, -0.008508852683007717, 0.0010274965316057205, -0.005751354154199362, -0.035584863275289536, 5.8935376728186384e-05, 0.015271290205419064, -0.002629471942782402, -0.01193602941930294, -0.013058725744485855, -0.017726777121424675, -0.03348391130566597, -0.006266743876039982, 0.024462951347231865, -0.014667266048491001, -0.020339835435152054, 0.006959401071071625, 0.005265509244054556, -0.0046943132765591145, 0.012526921927928925, 0.2163979858160019, -0.0034009150695055723, 0.00010002087947214022, 0.03364148363471031, -0.02251957170665264, -0.0042544263415038586, 0.02305794134736061, 0.022375131025910378, -0.01579652726650238, 0.004484218079596758, -0.008869953453540802, 0.01596722938120365, 0.002089461777359247, -0.003391066798940301, 0.00034879075246863067, 0.010819898918271065, -0.03561112657189369, -0.03797469660639763, -0.004589265678077936, 0.008357847109436989, -0.015271290205419064, -0.016190456226468086, -0.0015691480366513133, -0.002132137306034565, 0.014036981388926506, 0.009894168004393578, 0.0024407145101577044, 0.01913178712129593, 0.008114924654364586, -0.004638506565243006, 0.0031382960733026266, -0.022729666903614998, -0.016492467373609543, -0.006447294261306524, -0.00270333350636065, -0.01490362361073494, -0.028494153171777725, -0.010307792574167252, -0.003952414728701115, 0.011410792358219624, -0.0050127385184168816, 0.017280325293540955, 0.03752824291586876, -0.024883141741156578, -0.025723522529006004, 0.0278376042842865, 0.016203587874770164, -0.01382688619196415, 0.022585226222872734, 0.0038046916015446186, -0.02736489102244377, -0.0023799838963896036, -0.002110799541696906, 0.024305380880832672, -0.010892119258642197, -0.007727561518549919, 0.010432536713778973, 0.0007275364478118718, -0.011345136910676956, 0.013393565081059933, 0.01913178712129593, 0.013564267195761204, -0.01867220550775528, 0.008239668793976307, -0.02154788188636303, -0.0019712832290679216, -0.012809237465262413, 0.038237314671278, 0.013327909633517265, -0.019053002819418907, -0.009572459384799004, -0.005492018070071936, -0.007720996160060167, -0.001298322225920856, 0.009126007556915283, -0.025802308693528175, 0.011108780279755592, 0.021652929484844208, 0.012132993899285793, 0.01171280350536108, 0.00603366969153285, -0.005590500310063362, 0.004352908581495285, -0.011693106964230537, 0.009887602180242538, -0.02297915518283844, 0.02880929596722126, 0.005669286008924246, -0.015927838161587715, -0.0135511364787817, 0.011548667214810848, -0.046352237462997437, -0.023386213928461075, -0.014522826299071312, 0.008338150568306446, 0.014391516335308552, 0.02522454597055912, 0.017122752964496613, -0.01892169378697872, 0.006283157505095005, -0.01650559902191162, 0.009513369761407375, 0.008318454027175903, -0.023806404322385788, 0.0029380491469055414, -0.000104329468740616, -0.004421846009790897, 0.02072063274681568, 0.006867484655231237, -0.015284420922398567, -0.015428861603140831, -0.024292249232530594, 0.008390674367547035, -0.009231055155396461, -0.017306586727499962, 0.01802878826856613, 0.005908925551921129, -0.028047699481248856, 0.03295867517590523, -0.013892540708184242, 0.0037948433309793472, -0.042518001049757004, 0.0002923687279690057, -0.0054624732583761215, 0.003039814066141844, 0.0014550728956237435, 0.003228571265935898, 0.011226958595216274, 0.006414467003196478, -0.02828405797481537, 0.002890449482947588, -0.004359473939985037, 0.02030044235289097, -0.006384922191500664, -0.03884133696556091, -0.008377543650567532, 0.016269242390990257, -0.01590157486498356, 0.0005293412250466645, -0.022388262674212456, -0.0061485655605793, -0.005065262317657471, 0.014562218450009823, -0.03219708055257797, 0.002481748815625906, -0.017306586727499962, 0.04086350277066231, 8.781319775152951e-05, -0.03498084098100662, -0.0196701567620039, -0.0185671579092741, 0.008541679941117764, 0.007484639063477516, -0.014155159704387188, 0.019709549844264984, -0.0008001670357771218, -0.011010298505425453, -0.0072220200672745705, -0.003056227695196867, 0.008988132700324059, -0.03448186442255974, -0.009408323094248772, 0.005721809808164835, -0.033247556537389755, -0.009454281069338322, 0.0025884376373142004, -0.16618524491786957, 0.03886760026216507, -0.01507432572543621, 0.012014815583825111, 0.01741163432598114, 0.002801815513521433, 0.013892540708184242, -0.012625404633581638, -0.013616790995001793, -0.016229849308729172, 0.020891334861516953, -0.024646785110235214, -0.008003311231732368, 0.004789512604475021, 0.009710334241390228, 0.00148051418364048, -0.03668786212801933, 0.0065293628722429276, 0.007990180514752865, -0.005039000418037176, 0.04291193187236786, -0.017437895759940147, 0.022335737943649292, -0.032302126288414, 0.0047402712516486645, 0.027312368154525757, -0.009920429438352585, -0.007655341178178787, -0.035138409584760666, -0.0013393564149737358, -0.0015453482046723366, 0.01571774296462536, 0.038237314671278, 0.029465842992067337, 0.03374652937054634, 0.03185567632317543, -0.004792795050889254, -0.00012669310672208667, -0.006522797513753176, 0.008567942306399345, 0.03088398464024067, 0.028336580842733383, 0.0050258697010576725, 0.01018961425870657, -0.0054165152832865715, 0.012625404633581638, 0.012874891981482506, 0.007878567092120647, 0.01590157486498356, -0.00653264531865716, 0.014023849740624428, -0.057671114802360535, -0.011154738254845142, -0.0014000871451571584, -0.011476446874439716, 0.02647198736667633, 0.0018038636771962047, -0.005235964432358742, 0.0035289416555315256, -0.022375131025910378, -0.00028990666032768786, -0.019433800131082535, 0.022755928337574005, -0.0027016920503228903, -0.0016192097682505846, -0.01377436239272356, 0.02423972636461258, -0.0034107631072402, -0.026104319840669632, -0.00460239639505744, -0.023491261526942253, -0.011771893128752708, -0.017647990956902504, -0.010353750549256802, 0.01643994450569153, 0.016098540276288986, -0.0020648413337767124, 0.010347185656428337, -0.006276592146605253, -0.0014419419458135962, -0.023136725649237633, 0.048794593662023544, -0.003059510374441743, -0.011240089312195778, -0.009953256696462631, 0.013511743396520615, -0.028152747079730034, -0.010780506767332554, 0.01108251791447401, -0.011318875476717949, 0.028389105573296547, -0.012927415780723095, -0.0042675575241446495, -0.0080755315721035, 0.013406695798039436, 0.0006709092413075268, 0.018448978662490845, -0.0006397232646122575, -0.0019204007694497705, -0.0242265947163105, -0.00037361643626354635, -0.00026733786216937006, -0.0393403135240078, -0.006575321312993765, 0.00066803686786443, 0.008778037503361702, 0.022125642746686935, 0.017897479236125946, 0.02261148951947689, -0.014063242822885513, -0.014010719023644924, 0.013931933790445328, 0.00790482945740223, 0.036661598831415176, 0.01919744350016117, 0.0073467642068862915, 0.0005059517570771277, -0.010452233254909515, 0.013971325941383839, -0.009657810442149639, 0.06329116225242615, 0.008915912359952927, -0.0025293484795838594, 0.004727140534669161, 0.0033779358491301537, 0.032722316682338715, -0.11639270186424255, -0.00973659660667181, 0.004067310597747564, 0.02988603338599205, -0.0032088749576359987, 0.010780506767332554, -0.004484218079596758, 0.05415201932191849, -0.0391564816236496, 0.02485688030719757, -0.012480963952839375, -0.01991964504122734, -0.0042905365116894245, -0.011377964168787003, 0.028494153171777725, 0.01859341934323311, -0.008850257843732834, 0.010261834599077702, 0.0048945602029562, 0.017437895759940147, 0.004457956179976463, -0.012730452232062817, 0.002762422664090991, -0.02638006955385208, 0.009585590101778507, -0.006650824099779129, -0.005948318634182215, 0.04083724319934845, 0.023215511813759804, 0.0005925339064560831, 0.0038145396392792463, 0.012723886407911777, -0.01194259524345398, -0.017162146046757698, 0.007780085317790508, 0.0049011255614459515, -0.011102214455604553, 0.012132993899285793, 0.03062136471271515, -0.02378014288842678, -0.003962262999266386, 0.011417357251048088, -0.018068181350827217, -0.03287988901138306, 0.032459698617458344, 0.004855167120695114, -0.007359894923865795, -0.0067952643148601055, 0.002724671270698309, -0.0077603887766599655, -0.0023028396535664797, -0.0048289052210748196, -0.020878203213214874, 0.0029183526057749987, 0.004822339862585068, 0.01548138540238142, 0.023215511813759804, 0.028231533244252205, -0.007136669009923935, -0.032302126288414, 0.014759182929992676, 0.011410792358219624, -0.015757134184241295, 0.012415309436619282, -0.010176482610404491, -0.027049748227000237, -0.02253270335495472, 0.004697595722973347, -0.004218316171318293, -0.005656154826283455, -0.030358746647834778, 0.008449763990938663, -0.02047114446759224, -0.001559299766086042, -0.016807610169053078, -0.017004575580358505, -0.02639320120215416, -0.02628815360367298, 0.009342667646706104, -0.013656184077262878, -0.017884347587823868, -0.015402599237859249, 0.009467411786317825, -0.010964339599013329, 0.024883141741156578, 0.01974894292652607, 0.010767375119030476, 0.013176904059946537, -0.02550029754638672, -0.002097668591886759, -0.018737860023975372, 0.0162429790943861, -0.009368930011987686, -0.014063242822885513, 0.0014887209981679916, 0.015507646836340427, -0.026143712922930717, -0.012270868755877018, -0.0071629309095442295, -0.0013541288208216429, -0.013721838593482971, -0.0018432565266266465, -0.06560220569372177, -0.009014394134283066, 0.010878988541662693, 0.004874863661825657, 0.008003311231732368, -0.02073376253247261, 0.011187565512955189, 0.003972111269831657, 0.0024965209886431694, 0.0039360010996460915, -0.012139559723436832, 0.036950480192899704, 0.021613536402583122, -0.006965966895222664, -0.008357847109436989, 0.02565786801278591, 0.031356699764728546, 0.00902752485126257, 0.017306586727499962, 0.01910552568733692, -0.018632812425494194, 0.0011407509446144104, 0.02036609686911106, 0.004014786798506975, 0.016124801710247993, -0.00033791668829508126, -0.01687326468527317, 0.01261227298527956, -0.0009790761396288872, -0.005045565776526928, 0.0049897595308721066, 0.0023291015531867743, -0.022020597010850906, -0.009185096248984337, -0.0005880201933905482, -0.01000578049570322, -0.0020238070283085108, -0.016558121889829636, 0.0061978064477443695, 0.017753038555383682, 0.01005830429494381, -0.035768695175647736, 0.00920479279011488, -0.013235993683338165, 0.015034932643175125, -0.012861761264503002, 0.03077893704175949, 0.02720732055604458, 0.016938919201493263, -0.025158891454339027, 0.012592577375471592, 0.0029216355178505182, 0.01233652327209711, -0.03913021832704544, 0.0032942260149866343, -0.013084987178444862, 0.017831824719905853, 0.000685681588947773, -0.013734969310462475, -0.020956989377737045, 0.005593782756477594, 0.007681603077799082, 0.013268820941448212, 0.004162509925663471, 0.0018432565266266465, -0.008403805084526539, -0.016623778268694878, -0.01000578049570322, 0.0034764178562909365, -0.035506077110767365, -0.009854774922132492, -0.005373839754611254, -0.012677928432822227, -0.0002560534339863807, -0.004874863661825657, 0.007445246446877718, -0.003919587470591068, 0.030385008081793785, -0.011305744759738445, 0.002112440997734666, 0.01468039769679308, -0.011883505620062351, -0.025027582421898842, 0.016282372176647186, 0.022585226222872734, 0.02433164231479168, -0.005245812702924013, -0.005895794834941626, -0.013853147625923157, 0.020943857729434967, -0.007931090891361237, 0.00852854922413826, -0.009224489331245422, -0.021337786689400673, 0.013905671425163746, 0.0004965139087289572, 0.005541258957237005, 0.009867905639111996, 0.01018961425870657, 0.014811706729233265, 0.021666061133146286, 0.011148173362016678, -0.013314778916537762, -0.028257794678211212, -0.022099381312727928, -0.002539196750149131, -0.04593204706907272, -0.0330374613404274, -0.0025359138380736113, 0.009231055155396461, 0.009533066302537918, 0.036215148866176605, 0.005360708571970463, 0.01548138540238142, -0.016085408627986908, 0.021219609305262566, 0.018278276547789574, -0.023228643462061882, -0.009526501409709454, 0.024292249232530594, -0.01296680886298418, 0.025894224643707275, 0.00745181180536747, -0.021915549412369728, 0.0332212932407856, -0.004126399755477905, 0.006283157505095005, -0.020681239664554596, -0.011332006193697453, -0.007320502307265997, 0.014798576012253761, 0.008561376482248306, -0.036766648292541504, -0.02557908184826374, -0.028756771236658096, 0.021679190918803215, -0.012316826730966568, 0.006519514601677656, -0.018777253106236458, 0.005813726224005222, 0.007418984547257423, 0.0036569684743881226, 0.018330799415707588, -0.001977848820388317, 0.020760025829076767, 0.007510900963097811, 0.016466205939650536, -0.012277434580028057, 0.01306529063731432, 0.012034512124955654, -0.0019532281439751387, 0.01696518249809742, -0.020983250811696053, 0.004851884674280882, -0.021337786689400673, 0.004346343223005533, 0.008397240191698074, -0.014864230528473854, 0.0030299657955765724, -0.0037488851230591536, -0.014588480815291405, 0.029649674892425537, 0.010924946516752243, -0.005790747236460447, 0.002572024008259177, 0.0036175756249576807, -0.007688168901950121, -0.01553390920162201, -0.020773155614733696, 0.021245870739221573, 0.024567998945713043, -0.01296680886298418, -0.012087035924196243, 0.036950480192899704, -0.0023602875880897045, 0.0018629529513418674, -0.0038637807592749596, 0.011010298505425453, 0.01471978984773159, -0.01993277482688427, 0.02314985729753971, -0.027574986219406128, -0.01535007543861866, 0.012553184293210506, -0.009611852467060089, -0.009848209097981453, -0.014036981388926506, -0.006703347899019718]"
